Scotland, Life tables (cohort 5x10), Females	Last modified: 14 Nov 2023;  Methods Protocol: v6 (2017)

  Year          Age         mx       qx    ax      lx      dx      Lx       Tx     ex
1855-1859        0      0.11744  0.10868  0.31  100000   10868   92546  4471148  44.71
1855-1859      1-4      0.03742  0.13655  1.43   89132   12171  325272  4378602  49.13
1855-1859      5-9      0.00939  0.04568  2.01   76961    3515  374276  4053330  52.67
1855-1859     10-14     0.00541  0.02672  2.59   73445    1962  362506  3679054  50.09
1855-1859     15-19     0.00723  0.03553  2.57   71483    2540  351254  3316548  46.40
1855-1859     20-24     0.00788  0.03866  2.51   68943    2666  338086  2965294  43.01
1855-1859     25-29     0.00869  0.04252  2.49   66277    2818  324319  2627208  39.64
1855-1859     30-34     0.00897  0.04390  2.54   63459    2786  310435  2302889  36.29
1855-1859     35-39     0.00981  0.04788  2.50   60673    2905  296095  1992454  32.84
1855-1859     40-44     0.01058  0.05153  2.51   57769    2977  281443  1696359  29.36
1855-1859     45-49     0.01234  0.05992  2.58   54792    3283  266005  1414916  25.82
1855-1859     50-54     0.01554  0.07485  2.55   51509    3855  248101  1148911  22.31
1855-1859     55-59     0.02041  0.09725  2.58   47654    4635  227045   900810  18.90
1855-1859     60-64     0.02737  0.12828  2.56   43019    5519  201630   673766  15.66
1855-1859     65-69     0.03799  0.17408  2.60   37500    6528  171831   472135  12.59
1855-1859     70-74     0.06168  0.26783  2.54   30972    8295  134490   300304   9.70
1855-1859     75-79     0.10087  0.40578  2.59   22677    9202   91229   165814   7.31
1855-1859     80-84     0.14704  0.53043  2.37   13475    7148   48610    74584   5.53
1855-1859     85-89     0.21553  0.67462  2.23    6328    4269   19806    25974   4.10
1855-1859     90-94     0.31337  0.80782  2.00    2059    1663    5307     6168   3.00
1855-1859     95-99     0.45040  0.90510  1.70     396     358     795      861   2.18
1855-1859    100-104    0.56356  0.98259  1.69      38      37      65       66   1.75
1855-1859    105-109    1.68045  1.00000  0.60       1       1       0        0   0.60
1855-1859    110+             .        .    .       0       0       0        0      .
1860-1869        0      0.12208  0.11265  0.31  100000   11265   92274  4573440  45.73
1860-1869      1-4      0.03681  0.13443  1.41   88735   11929  324037  4481166  50.50
1860-1869      5-9      0.00932  0.04535  2.03   76807    3483  373675  4157129  54.12
1860-1869     10-14     0.00505  0.02496  2.50   73324    1830  362045  3783454  51.60
1860-1869     15-19     0.00652  0.03208  2.58   71494    2293  351926  3421409  47.86
1860-1869     20-24     0.00725  0.03560  2.51   69201    2463  339879  3069483  44.36
1860-1869     25-29     0.00780  0.03826  2.51   66738    2553  327338  2729604  40.90
1860-1869     30-34     0.00814  0.03988  2.51   64185    2559  314562  2402266  37.43
1860-1869     35-39     0.00907  0.04434  2.52   61625    2732  301346  2087704  33.88
1860-1869     40-44     0.00931  0.04550  2.51   58893    2679  287802  1786359  30.33
1860-1869     45-49     0.01086  0.05289  2.56   56214    2973  273821  1498557  26.66
1860-1869     50-54     0.01381  0.06681  2.57   53240    3557  257550  1224735  23.00
1860-1869     55-59     0.01818  0.08710  2.60   49684    4327  238014   967185  19.47
1860-1869     60-64     0.02535  0.11942  2.58   45356    5416  213671   729171  16.08
1860-1869     65-69     0.03748  0.17213  2.63   39940    6875  183417   515500  12.91
1860-1869     70-74     0.06036  0.26279  2.54   33065    8689  143948   332083  10.04
1860-1869     75-79     0.08900  0.36377  2.49   24376    8867   99635   188135   7.72
1860-1869     80-84     0.13959  0.51253  2.41   15509    7949   56942    88500   5.71
1860-1869     85-89     0.21179  0.66809  2.24    7560    5051   23849    31558   4.17
1860-1869     90-94     0.30847  0.80390  2.02    2509    2017    6539     7709   3.07
1860-1869     95-99     0.40628  0.87579  1.75     492     431    1061     1170   2.38
1860-1869    100-104    0.55848  0.96538  1.61      61      59     106      109   1.79
1860-1869    105-109    0.57048  1.00000  1.75       2       2       4        4   1.75
1860-1869    110+             .        .    .       0       0       0        0      .
1870-1879        0      0.12226  0.11280  0.31  100000   11280   92263  4894940  48.95
1870-1879      1-4      0.03140  0.11601  1.36   88720   10292  327750  4802677  54.13
1870-1879      5-9      0.00720  0.03526  2.08   78428    2765  384078  4474928  57.06
1870-1879     10-14     0.00426  0.02110  2.52   75663    1596  374353  4090849  54.07
1870-1879     15-19     0.00548  0.02706  2.57   74066    2005  365466  3716496  50.18
1870-1879     20-24     0.00592  0.02916  2.53   72062    2101  355108  3351030  46.50
1870-1879     25-29     0.00649  0.03192  2.51   69960    2233  344251  2995921  42.82
1870-1879     30-34     0.00671  0.03301  2.52   67727    2236  333081  2651670  39.15
1870-1879     35-39     0.00752  0.03690  2.53   65492    2416  321480  2318589  35.40
1870-1879     40-44     0.00798  0.03912  2.50   63075    2467  309220  1997110  31.66
1870-1879     45-49     0.00907  0.04438  2.56   60608    2690  296478  1687890  27.85
1870-1879     50-54     0.01164  0.05662  2.60   57918    3279  281720  1391411  24.02
1870-1879     55-59     0.01605  0.07730  2.60   54639    4223  263077  1109692  20.31
1870-1879     60-64     0.02319  0.10989  2.61   50415    5540  238856   846615  16.79
1870-1879     65-69     0.03393  0.15683  2.59   44875    7038  207435   607759  13.54
1870-1879     70-74     0.05206  0.23131  2.59   37838    8752  168106   400324  10.58
1870-1879     75-79     0.08609  0.35494  2.53   29085   10324  119919   232219   7.98
1870-1879     80-84     0.13349  0.49620  2.41   18762    9310   69738   112299   5.99
1870-1879     85-89     0.19454  0.63445  2.26    9452    5997   30826    42562   4.50
1870-1879     90-94     0.27249  0.76107  2.10    3455    2630    9651    11736   3.40
1870-1879     95-99     0.38238  0.86494  1.83     826     714    1867     2085   2.53
1870-1879    100-104    0.50789  0.94576  1.68     112     105     208      217   1.95
1870-1879    105-109    0.62380  0.96636  1.43       6       6       9       10   1.60
1870-1879    110+       0.67416  1.00000  1.48       0       0       0        0   1.48
1880-1889        0      0.11728  0.10855  0.31  100000   10855   92555  5229709  52.30
1880-1889      1-4      0.02659  0.09927  1.31   89145    8849  332762  5137155  57.63
1880-1889      5-9      0.00578  0.02843  2.09   80296    2283  394833  4804392  59.83
1880-1889     10-14     0.00346  0.01716  2.53   78013    1339  386756  4409560  56.52
1880-1889     15-19     0.00452  0.02236  2.58   76674    1715  379222  4022804  52.47
1880-1889     20-24     0.00488  0.02409  2.50   74959    1806  370281  3643582  48.61
1880-1889     25-29     0.00529  0.02611  2.56   73153    1910  361104  3273300  44.75
1880-1889     30-34     0.00613  0.03019  2.51   71243    2151  350862  2912196  40.88
1880-1889     35-39     0.00627  0.03084  2.48   69093    2131  340094  2561334  37.07
1880-1889     40-44     0.00642  0.03160  2.53   66962    2116  329587  2221240  33.17
1880-1889     45-49     0.00784  0.03847  2.58   64846    2495  318202  1891653  29.17
1880-1889     50-54     0.01034  0.05047  2.60   62351    3147  304190  1573451  25.24
1880-1889     55-59     0.01349  0.06532  2.60   59205    3867  286754  1269260  21.44
1880-1889     60-64     0.01958  0.09357  2.63   55338    5178  264408   982506  17.75
1880-1889     65-69     0.03072  0.14313  2.62   50160    7180  233742   718098  14.32
1880-1889     70-74     0.04854  0.21730  2.59   42980    9340  192419   484356  11.27
1880-1889     75-79     0.07623  0.32059  2.52   33640   10785  141480   291937   8.68
1880-1889     80-84     0.11477  0.44363  2.44   22856   10140   88349   150457   6.58
1880-1889     85-89     0.17423  0.59237  2.30   12716    7533   43235    62108   4.88
1880-1889     90-94     0.25212  0.73104  2.13    5184    3789   15030    18873   3.64
1880-1889     95-99     0.34640  0.83447  1.89    1394    1163    3359     3843   2.76
1880-1889    100-104    0.47032  0.91396  1.66     231     211     448      484   2.10
1880-1889    105-109    0.55365  0.95758  1.58      20      19      34       36   1.79
1880-1889    110+       0.67378  1.00000  1.48       1       1       1        1   1.48
1890-1899        0      0.12659  0.11648  0.31  100000   11648   92011  5460074  54.60
1890-1899      1-4      0.02374  0.08910  1.24   88352    7872  331659  5368063  60.76
1890-1899      5-9      0.00464  0.02288  2.14   80480    1842  397129  5036404  62.58
1890-1899     10-14     0.00294  0.01458  2.51   78638    1147  390335  4639274  59.00
1890-1899     15-19     0.00374  0.01855  2.62   77492    1437  384040  4248940  54.83
1890-1899     20-24     0.00450  0.02224  2.53   76054    1691  376100  3864899  50.82
1890-1899     25-29     0.00484  0.02393  2.46   74363    1779  367300  3488799  46.92
1890-1899     30-34     0.00448  0.02216  2.51   72583    1608  358920  3121499  43.01
1890-1899     35-39     0.00491  0.02424  2.51   70975    1720  350601  2762579  38.92
1890-1899     40-44     0.00534  0.02635  2.55   69255    1825  341796  2411978  34.83
1890-1899     45-49     0.00629  0.03098  2.58   67430    2089  332093  2070182  30.70
1890-1899     50-54     0.00826  0.04048  2.60   65341    2645  320363  1738089  26.60
1890-1899     55-59     0.01144  0.05567  2.63   62696    3491  305200  1417726  22.61
1890-1899     60-64     0.01743  0.08372  2.65   59205    4957  284361  1112527  18.79
1890-1899     65-69     0.02720  0.12774  2.63   54249    6930  254810   828165  15.27
1890-1899     70-74     0.04277  0.19388  2.59   47319    9174  214506   573356  12.12
1890-1899     75-79     0.06651  0.28582  2.54   38145   10902  163929   358850   9.41
1890-1899     80-84     0.10110  0.40269  2.48   27243   10970  108514   194922   7.16
1890-1899     85-89     0.15397  0.54660  2.35   16272    8894   57769    86408   5.31
1890-1899     90-94     0.23049  0.69955  2.19    7378    5161   22392    28639   3.88
1890-1899     95-99     0.33510  0.83095  1.97    2217    1842    5497     6247   2.82
1890-1899    100-104    0.49207  0.93240  1.67     375     349     710      750   2.00
1890-1899    105-109    0.62247  0.93957  1.28      25      24      38       40   1.59
1890-1899    110+       0.77042  1.00000  1.30       2       2       2        2   1.30
1900-1909        0      0.11446  0.10613  0.31  100000   10613   92721  5861410  58.61
1900-1909      1-4      0.01914  0.07272  1.25   89387    6501  339646  5768689  64.54
1900-1909      5-9      0.00393  0.01944  2.15   82887    1611  409843  5429043  65.50
1900-1909     10-14     0.00257  0.01279  2.51   81276    1039  403796  5019199  61.76
1900-1909     15-19     0.00314  0.01559  2.54   80237    1251  398104  4615403  57.52
1900-1909     20-24     0.00330  0.01636  2.53   78986    1292  391731  4217299  53.39
1900-1909     25-29     0.00351  0.01740  2.49   77694    1351  385082  3825568  49.24
1900-1909     30-34     0.00349  0.01728  2.50   76342    1319  378412  3440486  45.07
1900-1909     35-39     0.00359  0.01780  2.51   75023    1335  371788  3062075  40.82
1900-1909     40-44     0.00387  0.01916  2.54   73687    1412  364961  2690286  36.51
1900-1909     45-49     0.00488  0.02413  2.61   72276    1744  357216  2325326  32.17
1900-1909     50-54     0.00680  0.03348  2.63   70532    2361  347064  1968110  27.90
1900-1909     55-59     0.01005  0.04910  2.65   68171    3347  332975  1621046  23.78
1900-1909     60-64     0.01550  0.07475  2.64   64824    4846  312681  1288071  19.87
1900-1909     65-69     0.02381  0.11270  2.63   59978    6759  283879   975390  16.26
1900-1909     70-74     0.03721  0.17079  2.60   53219    9089  244287   691511  12.99
1900-1909     75-79     0.05771  0.25292  2.56   44130   11161  193410   447224  10.13
1900-1909     80-84     0.08966  0.36605  2.49   32968   12068  134600   253814   7.70
1900-1909     85-89     0.13642  0.50321  2.39   20900   10517   77094   119213   5.70
1900-1909     90-94     0.21548  0.67654  2.25   10383    7025   32599    42120   4.06
1900-1909     95-99     0.33329  0.83045  1.98    3359    2789    8368     9520   2.83
1900-1909    100-104    0.48418  0.92494  1.66     569     527    1088     1152   2.02
1900-1909    105-109    0.66038  0.98596  1.44      43      42      64       64   1.50
1900-1909    110+       2.07852  1.00000  0.48       1       1       0        0   0.48
1910-1919        0      0.10431  0.09735  0.31  100000    9735   93323  6115657  61.16
1910-1919      1-4      0.01723  0.06582  1.25   90265    5941  344735  6022334  66.72
1910-1919      5-9      0.00320  0.01586  2.07   84324    1337  417704  5677599  67.33
1910-1919     10-14     0.00175  0.00871  2.54   82987     722  413160  5259894  63.38
1910-1919     15-19     0.00255  0.01267  2.63   82264    1043  408850  4846734  58.92
1910-1919     20-24     0.00309  0.01532  2.56   81222    1245  403073  4437885  54.64
1910-1919     25-29     0.00328  0.01625  2.47   79977    1300  396598  4034812  50.45
1910-1919     30-34     0.00274  0.01360  2.38   78677    1070  390584  3638214  46.24
1910-1919     35-39     0.00242  0.01204  2.51   77607     934  385704  3247630  41.85
1910-1919     40-44     0.00292  0.01451  2.62   76673    1112  380715  2861926  37.33
1910-1919     45-49     0.00414  0.02052  2.65   75560    1550  374152  2481211  32.84
1910-1919     50-54     0.00652  0.03211  2.66   74010    2377  364498  2107059  28.47
1910-1919     55-59     0.00991  0.04840  2.65   71633    3467  350033  1742561  24.33
1910-1919     60-64     0.01512  0.07299  2.63   68166    4975  329058  1392528  20.43
1910-1919     65-69     0.02306  0.10929  2.61   63190    6906  299455  1063470  16.83
1910-1919     70-74     0.03468  0.16005  2.60   56285    9008  259758   764015  13.57
1910-1919     75-79     0.05233  0.23205  2.56   47276   10970  209616   504257  10.67
1910-1919     80-84     0.08063  0.33574  2.51   36306   12189  151184   294642   8.12
1910-1919     85-89     0.12782  0.48111  2.43   24117   11603   90775   143458   5.95
1910-1919     90-94     0.20538  0.65847  2.28   12514    8240   40122    52683   4.21
1910-1919     95-99     0.31869  0.81739  2.02    4274    3493   10962    12562   2.94
1910-1919    100-104    0.47675  0.92328  1.68     780     721    1511     1600   2.05
1910-1919    105-109    0.66839  0.97685  1.38      60      58      88       88   1.47
1910-1919    110+       1.90669  1.00000  0.52       1       1       1        1   0.52
1920-1929        0      0.08224  0.07785  0.31  100000    7785   94660  6580638  65.81
1920-1929      1-4      0.01162  0.04501  1.19   92215    4150  357204  6485978  70.34
1920-1929      5-9      0.00225  0.01116  2.14   88064     983  437507  6128774  69.59
1920-1929     10-14     0.00135  0.00674  2.60   87082     587  433998  5691267  65.36
1920-1929     15-19     0.00236  0.01176  2.68   86495    1017  430114  5257268  60.78
1920-1929     20-24     0.00270  0.01342  2.39   85477    1147  424399  4827154  56.47
1920-1929     25-29     0.00178  0.00886  2.29   84330     748  419622  4402755  52.21
1920-1929     30-34     0.00129  0.00645  2.51   83583     539  416569  3983133  47.65
1920-1929     35-39     0.00168  0.00834  2.63   83043     693  413578  3566564  42.95
1920-1929     40-44     0.00256  0.01271  2.68   82350    1046  409321  3152986  38.29
1920-1929     45-49     0.00417  0.02066  2.65   81304    1680  402574  2743665  33.75
1920-1929     50-54     0.00647  0.03186  2.67   79624    2537  392197  2341091  29.40
1920-1929     55-59     0.00951  0.04650  2.64   77087    3585  376968  1948894  25.28
1920-1929     60-64     0.01414  0.06841  2.62   73502    5028  355528  1571926  21.39
1920-1929     65-69     0.02102  0.10005  2.61   68474    6851  325965  1216399  17.76
1920-1929     70-74     0.03058  0.14236  2.58   61623    8773  286900   890434  14.45
1920-1929     75-79     0.04532  0.20408  2.56   52850   10786  237976   603533  11.42
1920-1929     80-84     0.06997  0.29840  2.54   42065   12552  179405   365557   8.69
1920-1929     85-89     0.11337  0.44078  2.48   29512   13009  114742   186152   6.31
1920-1929     90-94     0.19541  0.64012  2.31   16504   10564   54063    71411   4.33
1920-1929     95-99     0.32105  0.82089  2.02    5939    4876   15187    17347   2.92
1920-1929    100-104    0.48138  0.92275  1.66    1064     982    2039     2161   2.03
1920-1929    105-109    0.66866  0.97903  1.39      82      80     120      121   1.48
1920-1929    110+       1.85106  1.00000  0.54       2       2       1        1   0.54
