Germany, Life tables (period 1x5), Females	Last modified: 03 Jun 2022;  Methods Protocol: v6 (2017)

  Year          Age         mx       qx    ax      lx      dx      Lx       Tx     ex
1990-1994        0      0.00544  0.00541  0.14  100000     541   99533  7898198  78.98
1990-1994        1      0.00055  0.00055  0.50   99459      55   99431  7798664  78.41
1990-1994        2      0.00030  0.00030  0.50   99404      29   99389  7699233  77.45
1990-1994        3      0.00026  0.00026  0.50   99374      26   99361  7599844  76.48
1990-1994        4      0.00021  0.00021  0.50   99348      21   99338  7500483  75.50
1990-1994        5      0.00019  0.00019  0.50   99327      18   99318  7401145  74.51
1990-1994        6      0.00017  0.00017  0.50   99309      17   99301  7301827  73.53
1990-1994        7      0.00015  0.00015  0.50   99292      15   99285  7202526  72.54
1990-1994        8      0.00015  0.00015  0.50   99277      15   99269  7103241  71.55
1990-1994        9      0.00014  0.00014  0.50   99262      13   99255  7003972  70.56
1990-1994       10      0.00014  0.00014  0.50   99249      14   99241  6904717  69.57
1990-1994       11      0.00014  0.00014  0.50   99234      14   99227  6805475  68.58
1990-1994       12      0.00014  0.00014  0.50   99220      13   99214  6706248  67.59
1990-1994       13      0.00015  0.00015  0.50   99207      15   99199  6607034  66.60
1990-1994       14      0.00017  0.00017  0.50   99192      17   99183  6507835  65.61
1990-1994       15      0.00022  0.00022  0.50   99175      22   99163  6408652  64.62
1990-1994       16      0.00028  0.00028  0.50   99152      28   99138  6309488  63.63
1990-1994       17      0.00030  0.00030  0.50   99124      30   99109  6210350  62.65
1990-1994       18      0.00039  0.00039  0.50   99094      39   99075  6111241  61.67
1990-1994       19      0.00042  0.00042  0.50   99055      41   99035  6012166  60.69
1990-1994       20      0.00038  0.00038  0.50   99014      38   98995  5913131  59.72
1990-1994       21      0.00035  0.00035  0.50   98976      34   98959  5814136  58.74
1990-1994       22      0.00036  0.00036  0.50   98942      36   98924  5715176  57.76
1990-1994       23      0.00036  0.00036  0.50   98906      36   98888  5616252  56.78
1990-1994       24      0.00038  0.00038  0.50   98871      37   98852  5517364  55.80
1990-1994       25      0.00039  0.00039  0.50   98833      39   98814  5418512  54.82
1990-1994       26      0.00039  0.00039  0.50   98795      38   98775  5319698  53.85
1990-1994       27      0.00038  0.00038  0.50   98756      38   98737  5220923  52.87
1990-1994       28      0.00044  0.00044  0.50   98718      43   98697  5122186  51.89
1990-1994       29      0.00048  0.00048  0.50   98675      48   98651  5023489  50.91
1990-1994       30      0.00054  0.00054  0.50   98627      53   98601  4924838  49.93
1990-1994       31      0.00053  0.00053  0.50   98574      52   98548  4826237  48.96
1990-1994       32      0.00061  0.00061  0.50   98522      60   98492  4727688  47.99
1990-1994       33      0.00068  0.00068  0.50   98462      67   98429  4629196  47.02
1990-1994       34      0.00075  0.00075  0.50   98395      74   98358  4530768  46.05
1990-1994       35      0.00078  0.00078  0.50   98322      77   98283  4432409  45.08
1990-1994       36      0.00091  0.00091  0.50   98245      90   98200  4334126  44.12
1990-1994       37      0.00098  0.00098  0.50   98155      96   98107  4235926  43.16
1990-1994       38      0.00103  0.00103  0.50   98059     101   98009  4137819  42.20
1990-1994       39      0.00113  0.00113  0.50   97958     110   97903  4039811  41.24
1990-1994       40      0.00128  0.00128  0.50   97848     125   97785  3941908  40.29
1990-1994       41      0.00138  0.00138  0.50   97722     135   97655  3844123  39.34
1990-1994       42      0.00151  0.00151  0.50   97587     147   97514  3746468  38.39
1990-1994       43      0.00164  0.00164  0.50   97440     160   97360  3648954  37.45
1990-1994       44      0.00180  0.00180  0.50   97280     175   97192  3551595  36.51
1990-1994       45      0.00199  0.00199  0.50   97105     193   97008  3454402  35.57
1990-1994       46      0.00218  0.00218  0.50   96911     211   96806  3357394  34.64
1990-1994       47      0.00234  0.00234  0.50   96700     226   96587  3260589  33.72
1990-1994       48      0.00260  0.00260  0.50   96473     251   96348  3164002  32.80
1990-1994       49      0.00271  0.00271  0.50   96223     261   96092  3067654  31.88
1990-1994       50      0.00294  0.00293  0.50   95962     282   95821  2971561  30.97
1990-1994       51      0.00320  0.00320  0.50   95681     306   95527  2875740  30.06
1990-1994       52      0.00344  0.00343  0.50   95374     327   95211  2780213  29.15
1990-1994       53      0.00366  0.00365  0.50   95047     347   94874  2685002  28.25
1990-1994       54      0.00411  0.00410  0.50   94700     388   94506  2590128  27.35
1990-1994       55      0.00444  0.00443  0.50   94312     418   94103  2495623  26.46
1990-1994       56      0.00480  0.00479  0.50   93894     449   93669  2401520  25.58
1990-1994       57      0.00532  0.00530  0.50   93444     495   93197  2307851  24.70
1990-1994       58      0.00589  0.00587  0.50   92949     546   92676  2214654  23.83
1990-1994       59      0.00647  0.00645  0.50   92403     596   92105  2121978  22.96
1990-1994       60      0.00715  0.00712  0.50   91807     654   91480  2029873  22.11
1990-1994       61      0.00795  0.00792  0.50   91153     722   90792  1938393  21.27
1990-1994       62      0.00874  0.00870  0.50   90432     787   90038  1847601  20.43
1990-1994       63      0.00957  0.00952  0.50   89645     853   89218  1757563  19.61
1990-1994       64      0.01054  0.01049  0.50   88791     931   88326  1668345  18.79
1990-1994       65      0.01157  0.01150  0.50   87860    1010   87355  1580019  17.98
1990-1994       66      0.01273  0.01265  0.50   86850    1098   86301  1492664  17.19
1990-1994       67      0.01414  0.01404  0.50   85751    1204   85149  1406364  16.40
1990-1994       68      0.01577  0.01565  0.50   84547    1323   83886  1321214  15.63
1990-1994       69      0.01767  0.01751  0.50   83224    1457   82496  1237328  14.87
1990-1994       70      0.02011  0.01991  0.50   81767    1628   80953  1154833  14.12
1990-1994       71      0.02208  0.02184  0.50   80139    1750   79264  1073880  13.40
1990-1994       72      0.02476  0.02446  0.50   78389    1917   77430   994616  12.69
1990-1994       73      0.02777  0.02739  0.50   76472    2095   75424   917186  11.99
1990-1994       74      0.03101  0.03053  0.50   74377    2271   73242   841761  11.32
1990-1994       75      0.03440  0.03382  0.50   72106    2438   70887   768520  10.66
1990-1994       76      0.03978  0.03900  0.50   69668    2717   68309   697633  10.01
1990-1994       77      0.04476  0.04378  0.50   66951    2931   65485   629323   9.40
1990-1994       78      0.05064  0.04939  0.50   64020    3162   62439   563838   8.81
1990-1994       79      0.05703  0.05545  0.50   60858    3374   59170   501400   8.24
1990-1994       80      0.06417  0.06218  0.50   57483    3574   55696   442229   7.69
1990-1994       81      0.07320  0.07062  0.50   53909    3807   52006   386533   7.17
1990-1994       82      0.08288  0.07958  0.50   50102    3987   48109   334527   6.68
1990-1994       83      0.09382  0.08962  0.50   46115    4133   44049   286419   6.21
1990-1994       84      0.10561  0.10031  0.50   41982    4211   39877   242370   5.77
1990-1994       85      0.11930  0.11259  0.50   37771    4253   35645   202494   5.36
1990-1994       86      0.13461  0.12612  0.50   33518    4227   31405   166849   4.98
1990-1994       87      0.14980  0.13936  0.50   29291    4082   27250   135444   4.62
1990-1994       88      0.16842  0.15534  0.50   25209    3916   23251   108194   4.29
1990-1994       89      0.18498  0.16932  0.50   21293    3605   19491    84943   3.99
1990-1994       90      0.20843  0.18876  0.50   17688    3339   16018    65452   3.70
1990-1994       91      0.23003  0.20631  0.50   14349    2960   12869    49434   3.45
1990-1994       92      0.25067  0.22275  0.50   11389    2537   10120    36565   3.21
1990-1994       93      0.27434  0.24125  0.50    8852    2136    7784    26445   2.99
1990-1994       94      0.30009  0.26094  0.50    6716    1753    5840    18661   2.78
1990-1994       95      0.33270  0.28525  0.50    4964    1416    4256    12821   2.58
1990-1994       96      0.36241  0.30681  0.50    3548    1089    3004     8565   2.41
1990-1994       97      0.39321  0.32860  0.50    2459     808    2055     5561   2.26
1990-1994       98      0.42488  0.35043  0.50    1651     579    1362     3506   2.12
1990-1994       99      0.45718  0.37212  0.50    1073     399     873     2144   2.00
1990-1994      100      0.48985  0.39348  0.50     673     265     541     1271   1.89
1990-1994      101      0.52260  0.41433  0.50     408     169     324      730   1.79
1990-1994      102      0.55516  0.43454  0.50     239     104     187      406   1.70
1990-1994      103      0.58725  0.45396  0.50     135      61     105      219   1.62
1990-1994      104      0.61862  0.47248  0.50      74      35      56      114   1.55
1990-1994      105      0.64903  0.49001  0.50      39      19      29       58   1.48
1990-1994      106      0.67827  0.50650  0.50      20      10      15       28   1.43
1990-1994      107      0.70618  0.52190  0.50      10       5       7       14   1.38
1990-1994      108      0.73263  0.53621  0.50       5       3       3        6   1.34
1990-1994      109      0.75751  0.54942  0.50       2       1       2        3   1.30
1990-1994      110+     0.78077  1.00000  1.28       1       1       1        1   1.28
1995-1999        0      0.00429  0.00428  0.14  100000     428   99632  8021233  80.21
1995-1999        1      0.00041  0.00041  0.50   99572      40   99552  7921600  79.56
1995-1999        2      0.00024  0.00024  0.50   99532      24   99520  7822048  78.59
1995-1999        3      0.00018  0.00018  0.50   99508      18   99499  7722528  77.61
1995-1999        4      0.00016  0.00016  0.50   99490      16   99482  7623029  76.62
1995-1999        5      0.00011  0.00011  0.50   99473      11   99468  7523548  75.63
1995-1999        6      0.00013  0.00013  0.50   99462      13   99455  7424080  74.64
1995-1999        7      0.00012  0.00012  0.50   99449      12   99443  7324624  73.65
1995-1999        8      0.00010  0.00010  0.50   99436      10   99431  7225182  72.66
1995-1999        9      0.00010  0.00010  0.50   99426      10   99421  7125751  71.67
1995-1999       10      0.00010  0.00010  0.50   99416      10   99411  7026329  70.68
1995-1999       11      0.00010  0.00010  0.50   99406      10   99401  6926918  69.68
1995-1999       12      0.00012  0.00012  0.50   99396      12   99391  6827516  68.69
1995-1999       13      0.00013  0.00013  0.50   99385      12   99379  6728126  67.70
1995-1999       14      0.00015  0.00015  0.50   99372      15   99365  6628747  66.71
1995-1999       15      0.00021  0.00021  0.50   99357      21   99347  6529383  65.72
1995-1999       16      0.00026  0.00026  0.50   99336      26   99323  6430036  64.73
1995-1999       17      0.00028  0.00028  0.50   99311      28   99297  6330713  63.75
1995-1999       18      0.00040  0.00040  0.50   99283      40   99263  6231416  62.76
1995-1999       19      0.00038  0.00038  0.50   99243      38   99224  6132153  61.79
1995-1999       20      0.00036  0.00036  0.50   99205      36   99187  6032929  60.81
1995-1999       21      0.00035  0.00035  0.50   99170      34   99152  5933742  59.83
1995-1999       22      0.00031  0.00031  0.50   99135      31   99120  5834589  58.85
1995-1999       23      0.00029  0.00029  0.50   99104      29   99090  5735469  57.87
1995-1999       24      0.00032  0.00032  0.50   99075      32   99059  5636380  56.89
1995-1999       25      0.00033  0.00033  0.50   99043      33   99027  5537321  55.91
1995-1999       26      0.00032  0.00032  0.50   99010      32   98994  5438294  54.93
1995-1999       27      0.00035  0.00035  0.50   98978      35   98961  5339300  53.94
1995-1999       28      0.00038  0.00038  0.50   98944      38   98925  5240339  52.96
1995-1999       29      0.00040  0.00040  0.50   98906      39   98886  5141414  51.98
1995-1999       30      0.00041  0.00041  0.50   98867      40   98847  5042527  51.00
1995-1999       31      0.00045  0.00045  0.50   98826      44   98804  4943681  50.02
1995-1999       32      0.00048  0.00048  0.50   98782      47   98758  4844877  49.05
1995-1999       33      0.00054  0.00054  0.50   98735      53   98708  4746118  48.07
1995-1999       34      0.00061  0.00061  0.50   98682      60   98652  4647410  47.09
1995-1999       35      0.00068  0.00068  0.50   98622      67   98588  4548759  46.12
1995-1999       36      0.00073  0.00073  0.50   98555      72   98519  4450170  45.15
1995-1999       37      0.00084  0.00084  0.50   98483      83   98442  4351652  44.19
1995-1999       38      0.00091  0.00091  0.50   98400      90   98355  4253210  43.22
1995-1999       39      0.00100  0.00100  0.50   98310      99   98261  4154854  42.26
1995-1999       40      0.00112  0.00112  0.50   98212     110   98157  4056593  41.30
1995-1999       41      0.00127  0.00127  0.50   98102     124   98040  3958436  40.35
1995-1999       42      0.00138  0.00138  0.50   97978     135   97910  3860397  39.40
1995-1999       43      0.00155  0.00155  0.50   97843     151   97767  3762486  38.45
1995-1999       44      0.00168  0.00167  0.50   97692     164   97610  3664719  37.51
1995-1999       45      0.00183  0.00182  0.50   97528     178   97439  3567109  36.58
1995-1999       46      0.00199  0.00199  0.50   97350     193   97254  3469670  35.64
1995-1999       47      0.00215  0.00215  0.50   97157     209   97052  3372416  34.71
1995-1999       48      0.00237  0.00237  0.50   96948     230   96833  3275364  33.78
1995-1999       49      0.00254  0.00254  0.50   96718     245   96596  3178531  32.86
1995-1999       50      0.00280  0.00279  0.50   96473     269   96338  3081935  31.95
1995-1999       51      0.00307  0.00306  0.50   96204     295   96056  2985597  31.03
1995-1999       52      0.00327  0.00326  0.50   95909     313   95753  2889540  30.13
1995-1999       53      0.00355  0.00354  0.50   95596     338   95427  2793788  29.22
1995-1999       54      0.00374  0.00373  0.50   95258     356   95080  2698361  28.33
1995-1999       55      0.00401  0.00401  0.50   94902     380   94712  2603281  27.43
1995-1999       56      0.00427  0.00426  0.50   94522     403   94321  2508568  26.54
1995-1999       57      0.00469  0.00468  0.50   94119     440   93899  2414248  25.65
1995-1999       58      0.00498  0.00496  0.50   93679     465   93447  2320348  24.77
1995-1999       59      0.00556  0.00555  0.50   93214     517   92956  2226902  23.89
1995-1999       60      0.00617  0.00615  0.50   92697     570   92412  2133946  23.02
1995-1999       61      0.00677  0.00675  0.50   92127     622   91816  2041534  22.16
1995-1999       62      0.00741  0.00738  0.50   91505     675   91168  1949717  21.31
1995-1999       63      0.00826  0.00823  0.50   90830     748   90456  1858550  20.46
1995-1999       64      0.00920  0.00916  0.50   90082     825   89670  1768094  19.63
1995-1999       65      0.01020  0.01015  0.50   89257     906   88804  1678424  18.80
1995-1999       66      0.01130  0.01124  0.50   88351     993   87855  1589620  17.99
1995-1999       67      0.01247  0.01240  0.50   87358    1083   86817  1501765  17.19
1995-1999       68      0.01391  0.01381  0.50   86275    1192   85679  1414948  16.40
1995-1999       69      0.01552  0.01540  0.50   85083    1310   84428  1329269  15.62
1995-1999       70      0.01722  0.01708  0.50   83773    1430   83058  1244840  14.86
1995-1999       71      0.01920  0.01902  0.50   82343    1566   81560  1161782  14.11
1995-1999       72      0.02168  0.02145  0.50   80777    1733   79911  1080222  13.37
1995-1999       73      0.02426  0.02397  0.50   79045    1895   78097  1000311  12.66
1995-1999       74      0.02754  0.02717  0.50   77150    2096   76102   922214  11.95
1995-1999       75      0.03163  0.03114  0.50   75054    2337   73885   846112  11.27
1995-1999       76      0.03481  0.03422  0.50   72717    2488   71473   772227  10.62
1995-1999       77      0.03910  0.03835  0.50   70228    2693   68882   700755   9.98
1995-1999       78      0.04441  0.04345  0.50   67535    2934   66068   631873   9.36
1995-1999       79      0.04971  0.04851  0.50   64601    3134   63034   565805   8.76
1995-1999       80      0.05628  0.05474  0.50   61467    3364   59785   502771   8.18
1995-1999       81      0.06577  0.06367  0.50   58103    3700   56253   442986   7.62
1995-1999       82      0.07396  0.07132  0.50   54403    3880   52463   386733   7.11
1995-1999       83      0.08306  0.07975  0.50   50523    4029   48508   334270   6.62
1995-1999       84      0.09422  0.08998  0.50   46494    4184   44402   285761   6.15
1995-1999       85      0.10613  0.10078  0.50   42310    4264   40178   241359   5.70
1995-1999       86      0.11920  0.11250  0.50   38046    4280   35906   201181   5.29
1995-1999       87      0.13574  0.12711  0.50   33766    4292   31620   165275   4.89
1995-1999       88      0.15237  0.14158  0.50   29474    4173   27388   133655   4.53
1995-1999       89      0.17093  0.15747  0.50   25301    3984   23309   106267   4.20
1995-1999       90      0.19113  0.17446  0.50   21317    3719   19457    82958   3.89
1995-1999       91      0.21260  0.19218  0.50   17598    3382   15907    63501   3.61
1995-1999       92      0.23596  0.21106  0.50   14216    3000   12716    47594   3.35
1995-1999       93      0.25998  0.23007  0.50   11216    2580    9925    34878   3.11
1995-1999       94      0.28607  0.25027  0.50    8635    2161    7555    24952   2.89
1995-1999       95      0.31483  0.27201  0.50    6474    1761    5594    17398   2.69
1995-1999       96      0.34463  0.29397  0.50    4713    1386    4020    11804   2.50
1995-1999       97      0.37570  0.31628  0.50    3328    1052    2801     7784   2.34
1995-1999       98      0.40783  0.33875  0.50    2275     771    1890     4982   2.19
1995-1999       99      0.44076  0.36117  0.50    1504     543    1233     3093   2.06
1995-1999      100      0.47423  0.38334  0.50     961     368     777     1860   1.94
1995-1999      101      0.50793  0.40506  0.50     593     240     473     1083   1.83
1995-1999      102      0.54156  0.42616  0.50     353     150     277      610   1.73
1995-1999      103      0.57481  0.44649  0.50     202      90     157      333   1.65
1995-1999      104      0.60740  0.46591  0.50     112      52      86      176   1.57
1995-1999      105      0.63906  0.48431  0.50      60      29      45       90   1.50
1995-1999      106      0.66956  0.50163  0.50      31      15      23       44   1.44
1995-1999      107      0.69869  0.51780  0.50      15       8      11       21   1.39
1995-1999      108      0.72631  0.53282  0.50       7       4       5       10   1.35
1995-1999      109      0.75229  0.54667  0.50       3       2       3        5   1.31
1995-1999      110+     0.77657  1.00000  1.29       2       2       2        2   1.29
2000-2004        0      0.00378  0.00377  0.14  100000     377   99676  8135181  81.35
2000-2004        1      0.00036  0.00036  0.50   99623      36   99605  8035505  80.66
2000-2004        2      0.00021  0.00021  0.50   99587      20   99577  7935900  79.69
2000-2004        3      0.00017  0.00017  0.50   99567      17   99558  7836323  78.70
2000-2004        4      0.00013  0.00013  0.50   99550      13   99543  7736765  77.72
2000-2004        5      0.00012  0.00012  0.50   99537      12   99531  7637221  76.73
2000-2004        6      0.00010  0.00010  0.50   99525      10   99520  7537690  75.74
2000-2004        7      0.00009  0.00009  0.50   99515       9   99511  7438170  74.74
2000-2004        8      0.00009  0.00009  0.50   99506       9   99501  7338660  73.75
2000-2004        9      0.00008  0.00008  0.50   99497       8   99493  7239158  72.76
2000-2004       10      0.00009  0.00009  0.50   99489       9   99485  7139665  71.76
2000-2004       11      0.00010  0.00010  0.50   99480      10   99475  7040181  70.77
2000-2004       12      0.00009  0.00009  0.50   99471       9   99466  6940705  69.78
2000-2004       13      0.00011  0.00011  0.50   99462      11   99456  6841239  68.78
2000-2004       14      0.00013  0.00013  0.50   99451      13   99444  6741783  67.79
2000-2004       15      0.00018  0.00018  0.50   99438      18   99429  6642339  66.80
2000-2004       16      0.00021  0.00021  0.50   99419      21   99409  6542910  65.81
2000-2004       17      0.00024  0.00024  0.50   99398      24   99387  6443501  64.83
2000-2004       18      0.00032  0.00032  0.50   99375      31   99359  6344115  63.84
2000-2004       19      0.00032  0.00032  0.50   99343      32   99328  6244756  62.86
2000-2004       20      0.00033  0.00033  0.50   99312      33   99295  6145428  61.88
2000-2004       21      0.00027  0.00027  0.50   99279      27   99265  6046133  60.90
2000-2004       22      0.00027  0.00027  0.50   99252      27   99238  5946868  59.92
2000-2004       23      0.00028  0.00028  0.50   99225      28   99211  5847630  58.93
2000-2004       24      0.00028  0.00028  0.50   99197      28   99183  5748419  57.95
2000-2004       25      0.00026  0.00026  0.50   99169      25   99156  5649236  56.97
2000-2004       26      0.00028  0.00028  0.50   99143      28   99129  5550080  55.98
2000-2004       27      0.00031  0.00031  0.50   99115      31   99100  5450951  55.00
2000-2004       28      0.00031  0.00031  0.50   99084      31   99069  5351851  54.01
2000-2004       29      0.00032  0.00032  0.50   99053      32   99037  5252782  53.03
2000-2004       30      0.00033  0.00033  0.50   99022      32   99005  5153745  52.05
2000-2004       31      0.00037  0.00037  0.50   98989      37   98971  5054740  51.06
2000-2004       32      0.00039  0.00039  0.50   98952      38   98933  4955769  50.08
2000-2004       33      0.00042  0.00042  0.50   98914      42   98893  4856836  49.10
2000-2004       34      0.00049  0.00049  0.50   98872      48   98848  4757942  48.12
2000-2004       35      0.00055  0.00055  0.50   98824      54   98797  4659094  47.15
2000-2004       36      0.00060  0.00060  0.50   98770      60   98740  4560297  46.17
2000-2004       37      0.00067  0.00067  0.50   98710      66   98677  4461558  45.20
2000-2004       38      0.00075  0.00075  0.50   98644      74   98607  4362880  44.23
2000-2004       39      0.00084  0.00084  0.50   98570      83   98529  4264273  43.26
2000-2004       40      0.00091  0.00091  0.50   98488      90   98443  4165744  42.30
2000-2004       41      0.00105  0.00104  0.50   98398     103   98346  4067301  41.34
2000-2004       42      0.00118  0.00118  0.50   98295     116   98237  3968955  40.38
2000-2004       43      0.00134  0.00134  0.50   98179     131   98114  3870718  39.42
2000-2004       44      0.00145  0.00145  0.50   98048     142   97977  3772604  38.48
2000-2004       45      0.00163  0.00163  0.50   97906     159   97826  3674627  37.53
2000-2004       46      0.00182  0.00182  0.50   97747     178   97658  3576801  36.59
2000-2004       47      0.00198  0.00198  0.50   97569     193   97472  3479143  35.66
2000-2004       48      0.00218  0.00218  0.50   97375     212   97269  3381671  34.73
2000-2004       49      0.00242  0.00242  0.50   97163     235   97045  3284402  33.80
2000-2004       50      0.00259  0.00258  0.50   96928     251   96803  3187356  32.88
2000-2004       51      0.00281  0.00280  0.50   96677     271   96542  3090554  31.97
2000-2004       52      0.00308  0.00307  0.50   96406     296   96258  2994012  31.06
2000-2004       53      0.00324  0.00324  0.50   96110     311   95954  2897754  30.15
2000-2004       54      0.00354  0.00354  0.50   95799     339   95629  2801799  29.25
2000-2004       55      0.00378  0.00377  0.50   95460     360   95280  2706170  28.35
2000-2004       56      0.00415  0.00414  0.50   95100     394   94903  2610890  27.45
2000-2004       57      0.00451  0.00450  0.50   94706     426   94493  2515987  26.57
2000-2004       58      0.00489  0.00488  0.50   94279     460   94049  2421495  25.68
2000-2004       59      0.00509  0.00507  0.50   93819     476   93581  2327445  24.81
2000-2004       60      0.00551  0.00549  0.50   93343     513   93087  2233864  23.93
2000-2004       61      0.00591  0.00589  0.50   92831     547   92557  2140777  23.06
2000-2004       62      0.00644  0.00642  0.50   92284     593   91988  2048220  22.19
2000-2004       63      0.00697  0.00695  0.50   91691     637   91373  1956232  21.34
2000-2004       64      0.00764  0.00761  0.50   91054     693   90708  1864859  20.48
2000-2004       65      0.00854  0.00850  0.50   90361     768   89977  1774151  19.63
2000-2004       66      0.00952  0.00948  0.50   89593     849   89169  1684174  18.80
2000-2004       67      0.01054  0.01048  0.50   88744     930   88279  1595006  17.97
2000-2004       68      0.01184  0.01177  0.50   87814    1033   87297  1506726  17.16
2000-2004       69      0.01328  0.01319  0.50   86781    1145   86208  1419429  16.36
2000-2004       70      0.01489  0.01478  0.50   85636    1266   85003  1333220  15.57
2000-2004       71      0.01672  0.01658  0.50   84371    1399   83671  1248217  14.79
2000-2004       72      0.01875  0.01858  0.50   82972    1542   82201  1164546  14.04
2000-2004       73      0.02103  0.02081  0.50   81430    1695   80583  1082345  13.29
2000-2004       74      0.02353  0.02326  0.50   79735    1854   78808  1001762  12.56
2000-2004       75      0.02676  0.02641  0.50   77881    2056   76853   922954  11.85
2000-2004       76      0.03024  0.02979  0.50   75824    2259   74695   846102  11.16
2000-2004       77      0.03389  0.03333  0.50   73566    2452   72340   771406  10.49
2000-2004       78      0.03867  0.03794  0.50   71114    2698   69765   699066   9.83
2000-2004       79      0.04435  0.04339  0.50   68416    2968   66932   629301   9.20
2000-2004       80      0.05195  0.05063  0.50   65448    3314   63791   562369   8.59
2000-2004       81      0.05841  0.05675  0.50   62134    3526   60371   498578   8.02
2000-2004       82      0.06579  0.06370  0.50   58608    3733   56742   438207   7.48
2000-2004       83      0.07516  0.07244  0.50   54875    3975   52888   381465   6.95
2000-2004       84      0.08442  0.08100  0.50   50900    4123   48839   328577   6.46
2000-2004       85      0.09516  0.09084  0.50   46777    4249   44653   279739   5.98
2000-2004       86      0.11046  0.10468  0.50   42528    4452   40302   235086   5.53
2000-2004       87      0.12568  0.11825  0.50   38076    4502   35825   194784   5.12
2000-2004       88      0.14106  0.13177  0.50   33574    4424   31362   158959   4.73
2000-2004       89      0.16007  0.14820  0.50   29150    4320   26990   127597   4.38
2000-2004       90      0.17795  0.16341  0.50   24830    4057   22801   100608   4.05
2000-2004       91      0.20134  0.18293  0.50   20772    3800   18872    77807   3.75
2000-2004       92      0.22384  0.20131  0.50   16972    3417   15264    58934   3.47
2000-2004       93      0.24647  0.21943  0.50   13556    2975   12069    43670   3.22
2000-2004       94      0.27105  0.23870  0.50   10581    2526    9318    31602   2.99
2000-2004       95      0.30179  0.26222  0.50    8055    2112    6999    22283   2.77
2000-2004       96      0.33180  0.28459  0.50    5943    1691    5098    15284   2.57
2000-2004       97      0.36325  0.30742  0.50    4252    1307    3598    10186   2.40
2000-2004       98      0.39591  0.33049  0.50    2945     973    2458     6588   2.24
2000-2004       99      0.42953  0.35359  0.50    1972     697    1623     4130   2.09
2000-2004      100      0.46382  0.37650  0.50    1274     480    1035     2507   1.97
2000-2004      101      0.49844  0.39900  0.50     795     317     636     1473   1.85
2000-2004      102      0.53309  0.42090  0.50     478     201     377      837   1.75
2000-2004      103      0.56741  0.44201  0.50     277     122     215      459   1.66
2000-2004      104      0.60110  0.46219  0.50     154      71     119      244   1.58
2000-2004      105      0.63386  0.48132  0.50      83      40      63      125   1.51
2000-2004      106      0.66543  0.49931  0.50      43      21      32       62   1.45
2000-2004      107      0.69558  0.51609  0.50      22      11      16       30   1.39
2000-2004      108      0.72415  0.53165  0.50      10       6       8       14   1.35
2000-2004      109      0.75099  0.54598  0.50       5       3       4        6   1.31
2000-2004      110+     0.77603  1.00000  1.29       2       2       3        3   1.29
2005-2009        0      0.00329  0.00328  0.14  100000     328   99718  8228977  82.29
2005-2009        1      0.00029  0.00029  0.50   99672      29   99657  8129259  81.56
2005-2009        2      0.00017  0.00017  0.50   99643      17   99634  8029602  80.58
2005-2009        3      0.00014  0.00014  0.50   99626      14   99619  7929968  79.60
2005-2009        4      0.00011  0.00011  0.50   99612      11   99607  7830349  78.61
2005-2009        5      0.00009  0.00009  0.50   99601       9   99597  7730742  77.62
2005-2009        6      0.00009  0.00009  0.50   99592       9   99587  7631145  76.62
2005-2009        7      0.00008  0.00008  0.50   99583       8   99579  7531558  75.63
2005-2009        8      0.00007  0.00007  0.50   99574       7   99571  7431979  74.64
2005-2009        9      0.00007  0.00007  0.50   99568       7   99564  7332408  73.64
2005-2009       10      0.00008  0.00008  0.50   99561       8   99557  7232844  72.65
2005-2009       11      0.00009  0.00009  0.50   99553       9   99549  7133287  71.65
2005-2009       12      0.00008  0.00008  0.50   99544       8   99540  7033738  70.66
2005-2009       13      0.00011  0.00011  0.50   99536      11   99531  6934198  69.67
2005-2009       14      0.00013  0.00013  0.50   99526      13   99519  6834667  68.67
2005-2009       15      0.00015  0.00015  0.50   99513      14   99505  6735148  67.68
2005-2009       16      0.00016  0.00016  0.50   99498      15   99490  6635643  66.69
2005-2009       17      0.00018  0.00018  0.50   99483      18   99474  6536152  65.70
2005-2009       18      0.00023  0.00023  0.50   99464      23   99453  6436679  64.71
2005-2009       19      0.00023  0.00023  0.50   99441      23   99430  6337226  63.73
2005-2009       20      0.00022  0.00022  0.50   99418      22   99407  6237797  62.74
2005-2009       21      0.00022  0.00022  0.50   99396      22   99385  6138390  61.76
2005-2009       22      0.00024  0.00024  0.50   99374      24   99362  6039004  60.77
2005-2009       23      0.00025  0.00025  0.50   99350      24   99338  5939642  59.78
2005-2009       24      0.00022  0.00022  0.50   99326      22   99315  5840304  58.80
2005-2009       25      0.00023  0.00023  0.50   99304      23   99292  5740989  57.81
2005-2009       26      0.00026  0.00026  0.50   99280      26   99268  5641697  56.83
2005-2009       27      0.00026  0.00026  0.50   99255      26   99242  5542429  55.84
2005-2009       28      0.00025  0.00025  0.50   99229      25   99217  5443188  54.85
2005-2009       29      0.00029  0.00029  0.50   99204      28   99190  5343971  53.87
2005-2009       30      0.00030  0.00030  0.50   99176      30   99161  5244781  52.88
2005-2009       31      0.00033  0.00033  0.50   99146      33   99129  5145621  51.90
2005-2009       32      0.00035  0.00035  0.50   99113      35   99096  5046491  50.92
2005-2009       33      0.00038  0.00038  0.50   99078      38   99059  4947395  49.93
2005-2009       34      0.00042  0.00042  0.50   99041      41   99020  4848336  48.95
2005-2009       35      0.00046  0.00046  0.50   98999      45   98977  4749316  47.97
2005-2009       36      0.00051  0.00051  0.50   98954      50   98929  4650339  46.99
2005-2009       37      0.00056  0.00056  0.50   98904      55   98877  4551410  46.02
2005-2009       38      0.00060  0.00060  0.50   98849      59   98819  4452533  45.04
2005-2009       39      0.00072  0.00072  0.50   98789      71   98754  4353714  44.07
2005-2009       40      0.00076  0.00076  0.50   98718      75   98681  4254960  43.10
2005-2009       41      0.00086  0.00086  0.50   98643      85   98601  4156279  42.13
2005-2009       42      0.00100  0.00100  0.50   98558      98   98509  4057679  41.17
2005-2009       43      0.00111  0.00111  0.50   98460     110   98405  3959170  40.21
2005-2009       44      0.00120  0.00120  0.50   98350     118   98291  3860765  39.26
2005-2009       45      0.00143  0.00143  0.50   98233     141   98162  3762473  38.30
2005-2009       46      0.00160  0.00160  0.50   98092     157   98014  3664311  37.36
2005-2009       47      0.00179  0.00178  0.50   97935     175   97848  3566297  36.41
2005-2009       48      0.00191  0.00191  0.50   97761     187   97667  3468449  35.48
2005-2009       49      0.00217  0.00217  0.50   97574     212   97468  3370782  34.55
2005-2009       50      0.00239  0.00239  0.50   97362     233   97246  3273314  33.62
2005-2009       51      0.00255  0.00255  0.50   97130     247   97006  3176068  32.70
2005-2009       52      0.00283  0.00282  0.50   96882     273   96745  3079062  31.78
2005-2009       53      0.00308  0.00308  0.50   96609     297   96460  2982316  30.87
2005-2009       54      0.00327  0.00326  0.50   96311     314   96154  2885856  29.96
2005-2009       55      0.00363  0.00363  0.50   95997     348   95823  2789702  29.06
2005-2009       56      0.00387  0.00387  0.50   95649     370   95464  2693879  28.16
2005-2009       57      0.00424  0.00423  0.50   95279     403   95078  2598415  27.27
2005-2009       58      0.00461  0.00460  0.50   94876     436   94658  2503337  26.39
2005-2009       59      0.00486  0.00485  0.50   94440     458   94211  2408679  25.50
2005-2009       60      0.00548  0.00547  0.50   93982     514   93725  2314468  24.63
2005-2009       61      0.00594  0.00593  0.50   93469     554   93192  2220742  23.76
2005-2009       62      0.00634  0.00632  0.50   92915     587   92621  2127551  22.90
2005-2009       63      0.00677  0.00675  0.50   92327     623   92016  2034929  22.04
2005-2009       64      0.00714  0.00711  0.50   91705     652   91378  1942914  21.19
2005-2009       65      0.00773  0.00770  0.50   91052     701   90702  1851535  20.33
2005-2009       66      0.00838  0.00834  0.50   90351     754   89975  1760833  19.49
2005-2009       67      0.00920  0.00915  0.50   89598     820   89188  1670859  18.65
2005-2009       68      0.01002  0.00997  0.50   88778     885   88335  1581671  17.82
2005-2009       69      0.01129  0.01122  0.50   87892     986   87399  1493336  16.99
2005-2009       70      0.01252  0.01244  0.50   86906    1081   86365  1405937  16.18
2005-2009       71      0.01404  0.01394  0.50   85824    1196   85226  1319572  15.38
2005-2009       72      0.01603  0.01591  0.50   84628    1346   83955  1234345  14.59
2005-2009       73      0.01805  0.01788  0.50   83282    1489   82537  1150390  13.81
2005-2009       74      0.02030  0.02009  0.50   81793    1644   80971  1067853  13.06
2005-2009       75      0.02328  0.02301  0.50   80149    1844   79227   986882  12.31
2005-2009       76      0.02661  0.02626  0.50   78305    2056   77277   907655  11.59
2005-2009       77      0.03012  0.02967  0.50   76248    2262   75117   830378  10.89
2005-2009       78      0.03453  0.03394  0.50   73986    2511   72731   755261  10.21
2005-2009       79      0.03933  0.03857  0.50   71475    2757   70096   682530   9.55
2005-2009       80      0.04578  0.04476  0.50   68718    3076   67180   612433   8.91
2005-2009       81      0.05215  0.05082  0.50   65642    3336   63974   545253   8.31
2005-2009       82      0.05983  0.05809  0.50   62306    3619   60497   481279   7.72
2005-2009       83      0.06907  0.06676  0.50   58687    3918   56728   420782   7.17
2005-2009       84      0.07857  0.07560  0.50   54769    4141   52699   364055   6.65
2005-2009       85      0.09244  0.08836  0.50   50628    4474   48392   311356   6.15
2005-2009       86      0.10345  0.09836  0.50   46155    4540   43885   262964   5.70
2005-2009       87      0.11867  0.11203  0.50   41615    4662   39284   219079   5.26
2005-2009       88      0.13484  0.12632  0.50   36953    4668   34619   179795   4.87
2005-2009       89      0.15097  0.14037  0.50   32285    4532   30019   145176   4.50
2005-2009       90      0.16754  0.15459  0.50   27753    4290   25608   115157   4.15
2005-2009       91      0.19348  0.17641  0.50   23463    4139   21393    89549   3.82
2005-2009       92      0.21691  0.19568  0.50   19324    3781   17433    68156   3.53
2005-2009       93      0.24013  0.21439  0.50   15542    3332   13876    50723   3.26
2005-2009       94      0.26825  0.23652  0.50   12210    2888   10766    36847   3.02
2005-2009       95      0.29544  0.25742  0.50    9322    2400    8122    26081   2.80
2005-2009       96      0.32626  0.28050  0.50    6922    1942    5952    17958   2.59
2005-2009       97      0.35866  0.30412  0.50    4981    1515    4223    12007   2.41
2005-2009       98      0.39240  0.32804  0.50    3466    1137    2897     7783   2.25
2005-2009       99      0.42720  0.35201  0.50    2329     820    1919     4886   2.10
2005-2009      100      0.46273  0.37579  0.50    1509     567    1226     2967   1.97
2005-2009      101      0.49865  0.39914  0.50     942     376     754     1741   1.85
2005-2009      102      0.53458  0.42183  0.50     566     239     447      987   1.74
2005-2009      103      0.57016  0.44368  0.50     327     145     255      541   1.65
2005-2009      104      0.60503  0.46451  0.50     182      85     140      286   1.57
2005-2009      105      0.63886  0.48419  0.50      97      47      74      146   1.50
2005-2009      106      0.67136  0.50264  0.50      50      25      38       72   1.44
2005-2009      107      0.70231  0.51978  0.50      25      13      19       35   1.38
2005-2009      108      0.73150  0.53560  0.50      12       6       9       16   1.34
2005-2009      109      0.75882  0.55010  0.50       6       3       4        7   1.30
2005-2009      110+     0.78417  1.00000  1.28       3       3       3        3   1.28
2010-2014        0      0.00309  0.00308  0.14  100000     308   99736  8291204  82.91
2010-2014        1      0.00025  0.00025  0.50   99692      25   99680  8191468  82.17
2010-2014        2      0.00013  0.00013  0.50   99667      13   99660  8091788  81.19
2010-2014        3      0.00011  0.00011  0.50   99653      11   99648  7992128  80.20
2010-2014        4      0.00010  0.00010  0.50   99643      10   99638  7892480  79.21
2010-2014        5      0.00009  0.00009  0.50   99632       9   99628  7792843  78.22
2010-2014        6      0.00007  0.00007  0.50   99623       7   99620  7693215  77.22
2010-2014        7      0.00007  0.00007  0.50   99616       7   99613  7593595  76.23
2010-2014        8      0.00008  0.00008  0.50   99609       8   99605  7493982  75.23
2010-2014        9      0.00007  0.00007  0.50   99602       7   99598  7394377  74.24
2010-2014       10      0.00006  0.00006  0.50   99595       6   99592  7294779  73.24
2010-2014       11      0.00006  0.00006  0.50   99589       6   99586  7195186  72.25
2010-2014       12      0.00007  0.00007  0.50   99583       7   99579  7095600  71.25
2010-2014       13      0.00009  0.00009  0.50   99576       9   99571  6996021  70.26
2010-2014       14      0.00009  0.00009  0.50   99567       9   99563  6896450  69.26
2010-2014       15      0.00012  0.00012  0.50   99558      12   99552  6796887  68.27
2010-2014       16      0.00014  0.00014  0.50   99546      14   99539  6697335  67.28
2010-2014       17      0.00015  0.00015  0.50   99532      15   99525  6597796  66.29
2010-2014       18      0.00022  0.00022  0.50   99517      22   99506  6498271  65.30
2010-2014       19      0.00020  0.00020  0.50   99495      20   99486  6398764  64.31
2010-2014       20      0.00020  0.00020  0.50   99476      20   99466  6299279  63.32
2010-2014       21      0.00019  0.00019  0.50   99456      19   99447  6199813  62.34
2010-2014       22      0.00020  0.00020  0.50   99437      19   99427  6100366  61.35
2010-2014       23      0.00023  0.00023  0.50   99418      22   99406  6000939  60.36
2010-2014       24      0.00020  0.00020  0.50   99395      20   99385  5901533  59.37
2010-2014       25      0.00022  0.00022  0.50   99375      21   99364  5802148  58.39
2010-2014       26      0.00021  0.00021  0.50   99353      21   99343  5702783  57.40
2010-2014       27      0.00024  0.00024  0.50   99333      24   99321  5603440  56.41
2010-2014       28      0.00025  0.00025  0.50   99308      25   99296  5504120  55.42
2010-2014       29      0.00028  0.00028  0.50   99283      27   99270  5404824  54.44
2010-2014       30      0.00028  0.00028  0.50   99256      27   99242  5305554  53.45
2010-2014       31      0.00029  0.00029  0.50   99228      29   99214  5206312  52.47
2010-2014       32      0.00033  0.00033  0.50   99199      32   99183  5107098  51.48
2010-2014       33      0.00038  0.00038  0.50   99167      38   99148  5007915  50.50
2010-2014       34      0.00040  0.00040  0.50   99129      39   99109  4908767  49.52
2010-2014       35      0.00042  0.00042  0.50   99089      42   99069  4809658  48.54
2010-2014       36      0.00047  0.00047  0.50   99048      46   99024  4710590  47.56
2010-2014       37      0.00050  0.00050  0.50   99001      50   98976  4611565  46.58
2010-2014       38      0.00056  0.00056  0.50   98951      56   98923  4512589  45.60
2010-2014       39      0.00065  0.00065  0.50   98896      64   98863  4413666  44.63
2010-2014       40      0.00069  0.00069  0.50   98831      68   98797  4314802  43.66
2010-2014       41      0.00079  0.00079  0.50   98763      78   98724  4216005  42.69
2010-2014       42      0.00088  0.00088  0.50   98685      87   98641  4117281  41.72
2010-2014       43      0.00097  0.00097  0.50   98598      95   98550  4018640  40.76
2010-2014       44      0.00109  0.00109  0.50   98502     107   98449  3920090  39.80
2010-2014       45      0.00117  0.00117  0.50   98395     116   98338  3821641  38.84
2010-2014       46      0.00135  0.00135  0.50   98280     133   98214  3723304  37.88
2010-2014       47      0.00156  0.00156  0.50   98147     153   98071  3625090  36.94
2010-2014       48      0.00168  0.00168  0.50   97995     164   97912  3527019  35.99
2010-2014       49      0.00193  0.00193  0.50   97830     189   97736  3429107  35.05
2010-2014       50      0.00212  0.00212  0.50   97642     207   97538  3331371  34.12
2010-2014       51      0.00240  0.00239  0.50   97434     233   97318  3233833  33.19
2010-2014       52      0.00266  0.00265  0.50   97201     258   97072  3136515  32.27
2010-2014       53      0.00294  0.00294  0.50   96943     285   96801  3039443  31.35
2010-2014       54      0.00314  0.00314  0.50   96659     303   96507  2942642  30.44
2010-2014       55      0.00346  0.00345  0.50   96355     332   96189  2846135  29.54
2010-2014       56      0.00375  0.00375  0.50   96023     360   95843  2749945  28.64
2010-2014       57      0.00400  0.00399  0.50   95663     382   95472  2654102  27.74
2010-2014       58      0.00437  0.00436  0.50   95281     415   95074  2558630  26.85
2010-2014       59      0.00483  0.00482  0.50   94866     457   94637  2463556  25.97
2010-2014       60      0.00533  0.00531  0.50   94409     502   94158  2368919  25.09
2010-2014       61      0.00569  0.00568  0.50   93907     533   93641  2274761  24.22
2010-2014       62      0.00615  0.00613  0.50   93374     573   93088  2181120  23.36
2010-2014       63      0.00676  0.00673  0.50   92801     625   92489  2088032  22.50
2010-2014       64      0.00738  0.00736  0.50   92176     678   91837  1995543  21.65
2010-2014       65      0.00796  0.00793  0.50   91498     725   91136  1903706  20.81
2010-2014       66      0.00876  0.00872  0.50   90773     792   90377  1812570  19.97
2010-2014       67      0.00925  0.00921  0.50   89981     829   89567  1722193  19.14
2010-2014       68      0.01012  0.01007  0.50   89153     898   88704  1632626  18.31
2010-2014       69      0.01084  0.01078  0.50   88255     951   87779  1543922  17.49
2010-2014       70      0.01192  0.01185  0.50   87304    1034   86787  1456142  16.68
2010-2014       71      0.01288  0.01280  0.50   86270    1104   85718  1369356  15.87
2010-2014       72      0.01427  0.01417  0.50   85165    1207   84562  1283638  15.07
2010-2014       73      0.01580  0.01567  0.50   83959    1316   83301  1199076  14.28
2010-2014       74      0.01786  0.01770  0.50   82643    1463   81911  1115775  13.50
2010-2014       75      0.02055  0.02034  0.50   81180    1651   80354  1033864  12.74
2010-2014       76      0.02346  0.02319  0.50   79528    1844   78606   953510  11.99
2010-2014       77      0.02687  0.02652  0.50   77684    2060   76654   874904  11.26
2010-2014       78      0.03102  0.03055  0.50   75624    2310   74469   798250  10.56
2010-2014       79      0.03574  0.03512  0.50   73314    2575   72027   723781   9.87
2010-2014       80      0.04110  0.04027  0.50   70739    2849   69315   651754   9.21
2010-2014       81      0.04759  0.04648  0.50   67890    3156   66312   582439   8.58
2010-2014       82      0.05529  0.05381  0.50   64735    3483   62993   516127   7.97
2010-2014       83      0.06349  0.06154  0.50   61251    3769   59367   453134   7.40
2010-2014       84      0.07310  0.07052  0.50   57482    4054   55455   393767   6.85
2010-2014       85      0.08397  0.08059  0.50   53428    4306   51275   338312   6.33
2010-2014       86      0.09692  0.09244  0.50   49123    4541   46852   287036   5.84
2010-2014       87      0.11084  0.10502  0.50   44582    4682   42241   240184   5.39
2010-2014       88      0.12739  0.11976  0.50   39900    4778   37511   197943   4.96
2010-2014       89      0.14545  0.13559  0.50   35121    4762   32740   160433   4.57
2010-2014       90      0.16750  0.15456  0.50   30359    4692   28013   127693   4.21
2010-2014       91      0.18671  0.17076  0.50   25667    4383   23476    99679   3.88
2010-2014       92      0.21014  0.19016  0.50   21284    4047   19260    76204   3.58
2010-2014       93      0.23478  0.21012  0.50   17237    3622   15426    56944   3.30
2010-2014       94      0.25777  0.22834  0.50   13615    3109   12061    41518   3.05
2010-2014       95      0.29237  0.25508  0.50   10506    2680    9166    29457   2.80
2010-2014       96      0.32436  0.27910  0.50    7826    2184    6734    20291   2.59
2010-2014       97      0.35808  0.30371  0.50    5642    1714    4785    13557   2.40
2010-2014       98      0.39327  0.32865  0.50    3928    1291    3283     8772   2.23
2010-2014       99      0.42960  0.35364  0.50    2637     933    2171     5489   2.08
2010-2014      100      0.46671  0.37841  0.50    1705     645    1382     3318   1.95
2010-2014      101      0.50419  0.40267  0.50    1060     427     846     1936   1.83
2010-2014      102      0.54162  0.42620  0.50     633     270     498     1089   1.72
2010-2014      103      0.57858  0.44876  0.50     363     163     282      591   1.63
2010-2014      104      0.61469  0.47018  0.50     200      94     153      310   1.55
2010-2014      105      0.64958  0.49033  0.50     106      52      80      156   1.47
2010-2014      106      0.68293  0.50910  0.50      54      28      40       76   1.41
2010-2014      107      0.71451  0.52644  0.50      27      14      20       36   1.36
2010-2014      108      0.74412  0.54234  0.50      13       7       9       17   1.31
2010-2014      109      0.77164  0.55681  0.50       6       3       4        7   1.28
2010-2014      110+     0.79701  1.00000  1.25       3       3       3        3   1.25
2015-2019        0      0.00302  0.00301  0.14  100000     301   99742  8326241  83.26
2015-2019        1      0.00023  0.00023  0.50   99699      23   99687  8226499  82.51
2015-2019        2      0.00012  0.00012  0.50   99675      12   99669  8126812  81.53
2015-2019        3      0.00011  0.00011  0.50   99663      11   99658  8027143  80.54
2015-2019        4      0.00010  0.00010  0.50   99652      10   99648  7927485  79.55
2015-2019        5      0.00009  0.00009  0.50   99643       9   99638  7827837  78.56
2015-2019        6      0.00008  0.00008  0.50   99634       8   99630  7728199  77.57
2015-2019        7      0.00005  0.00005  0.50   99626       5   99623  7628569  76.57
2015-2019        8      0.00007  0.00007  0.50   99621       7   99617  7528946  75.58
2015-2019        9      0.00005  0.00005  0.50   99614       5   99611  7429328  74.58
2015-2019       10      0.00006  0.00006  0.50   99609       6   99606  7329717  73.59
2015-2019       11      0.00008  0.00008  0.50   99603       8   99599  7230111  72.59
2015-2019       12      0.00008  0.00008  0.50   99595       8   99591  7130512  71.60
2015-2019       13      0.00009  0.00009  0.50   99587       9   99582  7030922  70.60
2015-2019       14      0.00010  0.00010  0.50   99578      10   99573  6931339  69.61
2015-2019       15      0.00013  0.00013  0.50   99568      13   99562  6831766  68.61
2015-2019       16      0.00015  0.00015  0.50   99556      14   99548  6732204  67.62
2015-2019       17      0.00014  0.00014  0.50   99541      14   99534  6632656  66.63
2015-2019       18      0.00019  0.00019  0.50   99527      19   99518  6533122  65.64
2015-2019       19      0.00018  0.00018  0.50   99508      18   99500  6433604  64.65
2015-2019       20      0.00018  0.00018  0.50   99491      18   99482  6334104  63.67
2015-2019       21      0.00017  0.00017  0.50   99473      17   99464  6234623  62.68
2015-2019       22      0.00017  0.00017  0.50   99456      17   99447  6135159  61.69
2015-2019       23      0.00018  0.00018  0.50   99439      18   99430  6035711  60.70
2015-2019       24      0.00018  0.00018  0.50   99421      18   99412  5936281  59.71
2015-2019       25      0.00019  0.00019  0.50   99403      19   99394  5836869  58.72
2015-2019       26      0.00019  0.00019  0.50   99384      19   99375  5737476  57.73
2015-2019       27      0.00022  0.00022  0.50   99366      22   99355  5638100  56.74
2015-2019       28      0.00024  0.00024  0.50   99344      24   99332  5538746  55.75
2015-2019       29      0.00026  0.00026  0.50   99320      26   99307  5439413  54.77
2015-2019       30      0.00031  0.00031  0.50   99294      31   99279  5340106  53.78
2015-2019       31      0.00033  0.00033  0.50   99264      32   99248  5240827  52.80
2015-2019       32      0.00035  0.00035  0.50   99232      34   99214  5141579  51.81
2015-2019       33      0.00035  0.00035  0.50   99197      35   99180  5042365  50.83
2015-2019       34      0.00040  0.00040  0.50   99162      40   99142  4943185  49.85
2015-2019       35      0.00043  0.00043  0.50   99122      43   99101  4844043  48.87
2015-2019       36      0.00047  0.00047  0.50   99080      46   99056  4744942  47.89
2015-2019       37      0.00049  0.00049  0.50   99033      48   99009  4645886  46.91
2015-2019       38      0.00058  0.00058  0.50   98985      58   98956  4546877  45.94
2015-2019       39      0.00061  0.00061  0.50   98927      61   98897  4447921  44.96
2015-2019       40      0.00067  0.00067  0.50   98866      67   98833  4349024  43.99
2015-2019       41      0.00072  0.00072  0.50   98800      71   98764  4250191  43.02
2015-2019       42      0.00081  0.00081  0.50   98728      80   98689  4151427  42.05
2015-2019       43      0.00090  0.00090  0.50   98649      89   98605  4052738  41.08
2015-2019       44      0.00098  0.00098  0.50   98560      96   98512  3954134  40.12
2015-2019       45      0.00111  0.00111  0.50   98464     109   98409  3855621  39.16
2015-2019       46      0.00123  0.00123  0.50   98355     121   98294  3757212  38.20
2015-2019       47      0.00138  0.00138  0.50   98234     135   98166  3658918  37.25
2015-2019       48      0.00156  0.00156  0.50   98099     153   98022  3560752  36.30
2015-2019       49      0.00174  0.00174  0.50   97946     171   97860  3462730  35.35
2015-2019       50      0.00189  0.00189  0.50   97775     185   97683  3364870  34.41
2015-2019       51      0.00214  0.00213  0.50   97590     208   97486  3267187  33.48
2015-2019       52      0.00234  0.00234  0.50   97382     228   97268  3169701  32.55
2015-2019       53      0.00260  0.00260  0.50   97154     253   97027  3072433  31.62
2015-2019       54      0.00288  0.00288  0.50   96901     279   96762  2975406  30.71
2015-2019       55      0.00323  0.00323  0.50   96622     312   96467  2878644  29.79
2015-2019       56      0.00356  0.00355  0.50   96311     342   96140  2782177  28.89
2015-2019       57      0.00391  0.00391  0.50   95969     375   95781  2686038  27.99
2015-2019       58      0.00432  0.00431  0.50   95594     412   95388  2590256  27.10
2015-2019       59      0.00469  0.00468  0.50   95182     445   94960  2494868  26.21
2015-2019       60      0.00527  0.00525  0.50   94737     498   94488  2399909  25.33
2015-2019       61      0.00571  0.00569  0.50   94239     536   93971  2305421  24.46
2015-2019       62      0.00617  0.00616  0.50   93703     577   93414  2211450  23.60
2015-2019       63      0.00674  0.00671  0.50   93126     625   92813  2118035  22.74
2015-2019       64      0.00742  0.00739  0.50   92501     684   92159  2025222  21.89
2015-2019       65      0.00801  0.00797  0.50   91817     732   91451  1933063  21.05
2015-2019       66      0.00879  0.00875  0.50   91085     797   90686  1841612  20.22
2015-2019       67      0.00959  0.00954  0.50   90288     862   89857  1750926  19.39
2015-2019       68      0.01037  0.01031  0.50   89426     922   88965  1661069  18.57
2015-2019       69      0.01139  0.01132  0.50   88504    1002   88003  1572104  17.76
2015-2019       70      0.01265  0.01257  0.50   87502    1100   86952  1484101  16.96
2015-2019       71      0.01378  0.01369  0.50   86402    1183   85811  1397149  16.17
2015-2019       72      0.01492  0.01481  0.50   85219    1262   84588  1311338  15.39
2015-2019       73      0.01649  0.01636  0.50   83957    1373   83271  1226750  14.61
2015-2019       74      0.01789  0.01774  0.50   82584    1465   81852  1143479  13.85
2015-2019       75      0.01973  0.01954  0.50   81120    1585   80327  1061627  13.09
2015-2019       76      0.02189  0.02165  0.50   79535    1722   78674   981300  12.34
2015-2019       77      0.02436  0.02407  0.50   77812    1873   76876   902626  11.60
2015-2019       78      0.02777  0.02739  0.50   75940    2080   74900   825750  10.87
2015-2019       79      0.03211  0.03160  0.50   73860    2334   72693   750850  10.17
2015-2019       80      0.03739  0.03671  0.50   71526    2625   70213   678158   9.48
2015-2019       81      0.04319  0.04227  0.50   68901    2913   67444   607944   8.82
2015-2019       82      0.05036  0.04912  0.50   65988    3241   64367   540500   8.19
2015-2019       83      0.05825  0.05661  0.50   62746    3552   60971   476133   7.59
2015-2019       84      0.06800  0.06577  0.50   59195    3893   57248   415162   7.01
2015-2019       85      0.07887  0.07588  0.50   55302    4196   53204   357914   6.47
2015-2019       86      0.09187  0.08783  0.50   51105    4489   48861   304711   5.96
2015-2019       87      0.10580  0.10049  0.50   46617    4684   44274   255850   5.49
2015-2019       88      0.12181  0.11482  0.50   41932    4814   39525   211575   5.05
2015-2019       89      0.13950  0.13041  0.50   37118    4840   34698   172050   4.64
2015-2019       90      0.16024  0.14836  0.50   32277    4789   29883   137353   4.26
2015-2019       91      0.18212  0.16692  0.50   27489    4589   25195   107470   3.91
2015-2019       92      0.20698  0.18757  0.50   22900    4295   20753    82275   3.59
2015-2019       93      0.23307  0.20875  0.50   18605    3884   16663    61523   3.31
2015-2019       94      0.25767  0.22826  0.50   14721    3360   13041    44860   3.05
2015-2019       95      0.29055  0.25369  0.50   11361    2882    9920    31819   2.80
2015-2019       96      0.32382  0.27869  0.50    8479    2363    7297    21899   2.58
2015-2019       97      0.35896  0.30434  0.50    6116    1861    5185    14602   2.39
2015-2019       98      0.39570  0.33034  0.50    4254    1405    3552     9417   2.21
2015-2019       99      0.43364  0.35637  0.50    2849    1015    2341     5865   2.06
2015-2019      100      0.47239  0.38213  0.50    1834     701    1483     3523   1.92
2015-2019      101      0.51146  0.40730  0.50    1133     461     902     2040   1.80
2015-2019      102      0.55040  0.43162  0.50     672     290     527     1138   1.69
2015-2019      103      0.58873  0.45484  0.50     382     174     295      611   1.60
2015-2019      104      0.62601  0.47678  0.50     208      99     158      316   1.52
2015-2019      105      0.66186  0.49729  0.50     109      54      82      158   1.45
2015-2019      106      0.69593  0.51628  0.50      55      28      41       76   1.39
2015-2019      107      0.72799  0.53372  0.50      26      14      19       35   1.34
2015-2019      108      0.75784  0.54959  0.50      12       7       9       16   1.29
2015-2019      109      0.78538  0.56393  0.50       6       3       4        7   1.26
2015-2019      110+     0.81057  1.00000  1.23       2       2       3        3   1.23
