Belarus, Exposure to risk (period 1x5), 	Last modified: 02 Apr 2020;  Methods Protocol: v6 (2017)

  Year          Age             Female            Male           Total
1960-1964        0            447980.72       472845.18       920825.90
1960-1964        1            457953.81       481041.92       938995.73
1960-1964        2            465539.78       487640.76       953180.54
1960-1964        3            467823.66       489869.13       957692.79
1960-1964        4            466027.11       487770.12       953797.23
1960-1964        5            460388.19       481024.12       941412.31
1960-1964        6            449245.51       468475.11       917720.62
1960-1964        7            435414.57       453718.62       889133.19
1960-1964        8            422106.42       439900.44       862006.86
1960-1964        9            410121.92       427796.34       837918.26
1960-1964       10            399929.37       416984.06       816913.43
1960-1964       11            394561.06       410908.52       805469.58
1960-1964       12            388688.14       404227.18       792915.31
1960-1964       13            376326.10       390023.95       766350.06
1960-1964       14            350419.02       361517.26       711936.28
1960-1964       15            317626.78       326295.53       643922.31
1960-1964       16            286878.54       293196.27       580074.81
1960-1964       17            265079.89       268579.38       533659.27
1960-1964       18            262126.90       260355.39       522482.29
1960-1964       19            282750.34       273465.47       556215.81
1960-1964       20            311224.72       295388.56       606613.28
1960-1964       21            344402.14       319983.14       664385.28
1960-1964       22            375874.21       343932.53       719806.75
1960-1964       23            394626.24       356895.23       751521.47
1960-1964       24            401215.66       358874.18       760089.84
1960-1964       25            395628.86       351223.06       746851.92
1960-1964       26            383925.82       338801.19       722727.01
1960-1964       27            379124.29       331071.25       710195.53
1960-1964       28            372452.93       325104.54       697557.47
1960-1964       29            372017.61       327995.05       700012.66
1960-1964       30            381479.51       337054.25       718533.77
1960-1964       31            394432.18       347343.97       741776.14
1960-1964       32            397500.88       349402.87       746903.75
1960-1964       33            396518.63       339468.98       735987.61
1960-1964       34            394767.64       319826.00       714593.64
1960-1964       35            385554.12       294558.96       680113.08
1960-1964       36            375161.79       269851.16       645012.96
1960-1964       37            363721.26       246171.24       609892.50
1960-1964       38            342468.57       223954.80       566423.37
1960-1964       39            314813.78       204503.21       519316.99
1960-1964       40            286571.46       185872.72       472444.18
1960-1964       41            259397.85       167405.71       426803.56
1960-1964       42            230626.60       148173.67       378800.27
1960-1964       43            207945.31       132248.06       340193.37
1960-1964       44            198951.45       123482.04       322433.50
1960-1964       45            200930.31       121655.33       322585.65
1960-1964       46            210434.91       125238.37       335673.27
1960-1964       47            227093.65       133621.83       360715.48
1960-1964       48            246595.07       144474.98       391070.05
1960-1964       49            263755.28       154179.01       417934.28
1960-1964       50            268967.00       158455.61       427422.61
1960-1964       51            266625.74       159583.05       426208.79
1960-1964       52            261651.45       160009.64       421661.09
1960-1964       53            253477.51       159629.27       413106.78
1960-1964       54            243903.96       157672.15       401576.12
1960-1964       55            233698.67       154327.16       388025.83
1960-1964       56            231203.64       151160.45       382364.09
1960-1964       57            231948.82       146639.62       378588.44
1960-1964       58            228127.37       137937.46       366064.82
1960-1964       59            230454.04       132130.30       362584.34
1960-1964       60            227047.61       125530.48       352578.09
1960-1964       61            218238.55       116995.86       335234.40
1960-1964       62            206222.79       109432.07       315654.85
1960-1964       63            191374.91       103580.98       294955.89
1960-1964       64            174954.19        98191.30       273145.49
1960-1964       65            158567.30        92835.62       251402.91
1960-1964       66            152719.32        90520.87       243240.19
1960-1964       67            149917.33        88614.84       238532.16
1960-1964       68            145753.65        84943.78       230697.43
1960-1964       69            140918.57        80293.20       221211.77
1960-1964       70            131930.02        73381.92       205311.95
1960-1964       71            131608.27        68338.04       199946.31
1960-1964       72            130413.62        63790.98       194204.60
1960-1964       73            119423.70        57462.08       176885.78
1960-1964       74            109539.96        52522.87       162062.83
1960-1964       75             97896.40        48667.13       146563.53
1960-1964       76             83506.48        44172.64       127679.11
1960-1964       77             73928.69        39929.94       113858.63
1960-1964       78             66886.90        35883.26       102770.16
1960-1964       79             60366.78        32273.63        92640.41
1960-1964       80             54003.29        26768.40        80771.69
1960-1964       81             46811.34        22886.27        69697.61
1960-1964       82             40431.44        19186.71        59618.15
1960-1964       83             34272.49        15645.62        49918.11
1960-1964       84             28951.93        12655.89        41607.82
1960-1964       85             24068.24        10159.99        34228.23
1960-1964       86             20061.92         8292.83        28354.75
1960-1964       87             16945.52         6840.56        23786.08
1960-1964       88             14246.62         5602.01        19848.63
1960-1964       89             12132.56         4653.59        16786.15
1960-1964       90              9820.49         3713.58        13534.06
1960-1964       91              7698.94         2874.95        10573.89
1960-1964       92              6332.48         2281.80         8614.27
1960-1964       93              5107.93         1725.02         6832.95
1960-1964       94              4054.57         1291.34         5345.91
1960-1964       95              3154.41          966.00         4120.40
1960-1964       96              2469.19          722.63         3191.82
1960-1964       97              1918.79          557.20         2475.99
1960-1964       98              1437.95          413.13         1851.08
1960-1964       99              1078.63          289.09         1367.71
1960-1964      100               803.27          206.62         1009.89
1960-1964      101               588.96          145.72          734.67
1960-1964      102               439.99          102.17          542.16
1960-1964      103               317.79           70.79          388.58
1960-1964      104               223.93           47.87          271.80
1960-1964      105               159.84           31.64          191.48
1960-1964      106               112.14           20.47          132.61
1960-1964      107                77.15           13.07           90.22
1960-1964      108                52.28            8.30           60.57
1960-1964      109                34.65            5.01           39.66
1960-1964      110+               52.49            2.98           55.47
1965-1969        0            362066.10       379708.11       741774.22
1965-1969        1            377532.26       395854.28       773386.53
1965-1969        2            394426.62       414092.15       808518.77
1965-1969        3            413322.44       433592.75       846915.19
1965-1969        4            434002.51       455078.80       889081.31
1965-1969        5            452244.57       474589.08       926833.65
1965-1969        6            463319.30       485369.78       948689.08
1965-1969        7            470550.10       491785.88       962335.98
1965-1969        8            472311.25       493465.36       965776.61
1965-1969        9            468886.39       489687.60       958573.99
1965-1969       10            461035.15       480749.60       941784.75
1965-1969       11            446881.79       465439.47       912321.26
1965-1969       12            428452.54       446429.58       874882.12
1965-1969       13            410567.98       428744.80       839312.78
1965-1969       14            394362.18       413542.77       807904.95
1965-1969       15            381472.87       400636.96       782109.82
1965-1969       16            373527.97       391430.65       764958.62
1965-1969       17            364981.86       381053.91       746035.77
1965-1969       18            351470.55       364280.59       715751.15
1965-1969       19            325897.00       334266.83       660163.83
1965-1969       20            293580.24       298156.56       591736.80
1965-1969       21            263607.27       265457.63       529064.90
1965-1969       22            243051.85       242507.63       485559.48
1965-1969       23            240387.74       236167.08       476554.82
1965-1969       24            259784.58       250871.75       510656.32
1965-1969       25            288237.47       274936.88       563174.36
1965-1969       26            322522.72       303073.43       625596.15
1965-1969       27            355644.25       330918.12       686562.37
1965-1969       28            377247.97       347322.88       724570.86
1965-1969       29            387192.91       352176.45       739369.36
1965-1969       30            383445.04       346604.57       730049.61
1965-1969       31            371734.79       334747.24       706482.03
1965-1969       32            367273.53       327535.25       694808.78
1965-1969       33            361199.53       322462.11       683661.64
1965-1969       34            361273.96       325789.59       687063.56
1965-1969       35            372126.52       335706.48       707833.00
1965-1969       36            386223.14       346381.22       732604.35
1965-1969       37            390281.35       348481.23       738762.58
1965-1969       38            390594.29       339025.50       729619.79
1965-1969       39            389537.81       319810.38       709348.20
1965-1969       40            380782.07       294509.99       675292.06
1965-1969       41            371345.38       270162.21       641507.59
1965-1969       42            360565.45       246778.80       607344.25
1965-1969       43            339224.58       223758.61       562983.19
1965-1969       44            311598.13       203570.40       515168.52
1965-1969       45            283061.95       183992.24       467054.19
1965-1969       46            255526.08       164899.34       420425.43
1965-1969       47            226058.71       145090.31       371149.03
1965-1969       48            203233.20       128954.95       332188.15
1965-1969       49            194686.21       120304.93       314991.14
1965-1969       50            197600.19       118397.48       315997.66
1965-1969       51            208689.06       121679.42       330368.47
1965-1969       52            227259.64       129936.12       357195.76
1965-1969       53            247938.05       140505.04       388443.09
1965-1969       54            264958.59       149235.93       414194.52
1965-1969       55            270464.59       153154.19       423618.78
1965-1969       56            267210.11       153950.38       421160.49
1965-1969       57            260575.96       153605.68       414181.63
1965-1969       58            252506.32       152686.44       405192.76
1965-1969       59            244049.22       150324.69       394373.92
1965-1969       60            233715.11       145622.01       379337.12
1965-1969       61            229462.59       141122.97       370585.55
1965-1969       62            227497.40       136062.33       363559.73
1965-1969       63            219787.58       127029.60       346817.18
1965-1969       64            217119.86       120678.54       337798.40
1965-1969       65            210693.36       113671.70       324365.05
1965-1969       66            199020.30       104901.32       303921.61
1965-1969       67            185074.16        96871.25       281945.41
1965-1969       68            171281.39        90434.82       261716.21
1965-1969       69            155284.55        84302.50       239587.05
1965-1969       70            137663.20        78076.92       215740.12
1965-1969       71            130902.43        74415.01       205317.44
1965-1969       72            127085.08        71309.47       198394.55
1965-1969       73            119432.08        66422.41       185854.49
1965-1969       74            112457.13        61159.17       173616.30
1965-1969       75            104360.45        54540.91       158901.36
1965-1969       76            102879.64        49651.01       152530.65
1965-1969       77            100082.43        45362.26       145444.68
1965-1969       78             91097.90        40038.85       131136.74
1965-1969       79             82463.57        35841.04       118304.60
1965-1969       80             73720.91        30972.79       104693.70
1965-1969       81             63693.98        27433.36        91127.34
1965-1969       82             55106.01        24081.51        79187.52
1965-1969       83             47736.48        20959.34        68695.81
1965-1969       84             41586.38        18231.56        59817.94
1965-1969       85             35674.63        15479.46        51154.09
1965-1969       86             29676.80        12561.03        42237.83
1965-1969       87             24124.68         9849.50        33974.18
1965-1969       88             19401.75         7563.09        26964.84
1965-1969       89             15505.22         5715.23        21220.45
1965-1969       90             12220.13         4318.43        16538.56
1965-1969       91              9851.78         3412.02        13263.80
1965-1969       92              8230.19         2787.24        11017.43
1965-1969       93              6778.04         2194.16         8972.20
1965-1969       94              5517.06         1712.89         7229.95
1965-1969       95              4299.25         1318.06         5617.31
1965-1969       96              3214.34          976.05         4190.39
1965-1969       97              2380.95          695.27         3076.22
1965-1969       98              1721.80          457.91         2179.71
1965-1969       99              1193.05          289.80         1482.85
1965-1969      100               842.35          193.68         1036.03
1965-1969      101               613.27          131.29          744.57
1965-1969      102               437.95           89.43          527.37
1965-1969      103               314.08           59.33          373.41
1965-1969      104               226.43           37.82          264.25
1965-1969      105               153.46           23.04          176.50
1965-1969      106               103.58           13.25          116.83
1965-1969      107                70.14            6.79           76.93
1965-1969      108                45.08            2.27           47.35
1965-1969      109                28.39            0.10           28.49
1965-1969      110+               35.23            0.00           35.23
1970-1974        0            351815.63       369562.40       721378.04
1970-1974        1            349935.52       365665.70       715601.23
1970-1974        2            352546.88       367265.90       719812.78
1970-1974        3            355730.04       370038.25       725768.29
1970-1974        4            360709.00       375233.18       735942.19
1970-1974        5            370430.99       385656.67       756087.65
1970-1974        6            385810.07       402562.38       788372.45
1970-1974        7            401212.78       419500.96       820713.74
1970-1974        8            417961.60       437253.12       855214.72
1970-1974        9            435548.12       456311.61       891859.73
1970-1974       10            450301.48       473533.00       923834.48
1970-1974       11            457585.88       482493.51       940079.39
1970-1974       12            461850.14       487314.29       949164.43
1970-1974       13            460102.86       486102.78       946205.64
1970-1974       14            454468.85       478690.64       933159.48
1970-1974       15            445896.27       465513.13       911409.39
1970-1974       16            430807.38       446494.36       877301.74
1970-1974       17            411271.50       425388.06       836659.56
1970-1974       18            393467.43       408172.33       801639.75
1970-1974       19            377245.65       393401.09       770646.74
1970-1974       20            366669.86       381977.28       748647.14
1970-1974       21            360014.59       372969.47       732984.07
1970-1974       22            351936.78       362341.80       714278.58
1970-1974       23            338591.99       345957.20       684549.19
1970-1974       24            313681.18       317842.94       631524.12
1970-1974       25            282718.16       283925.64       566643.80
1970-1974       26            253537.85       252535.91       506073.77
1970-1974       27            232260.86       229339.41       461600.27
1970-1974       28            229392.07       224183.50       453575.57
1970-1974       29            247180.85       239617.35       486798.20
1970-1974       30            277031.32       265927.43       542958.75
1970-1974       31            312576.71       295908.74       608485.45
1970-1974       32            347242.63       325466.74       672709.37
1970-1974       33            370069.57       342826.62       712896.19
1970-1974       34            380558.68       348041.04       728599.72
1970-1974       35            377824.06       343456.35       721280.40
1970-1974       36            365594.36       331683.45       697277.81
1970-1974       37            359807.19       323761.56       683568.75
1970-1974       38            354417.43       319157.05       673574.48
1970-1974       39            354313.68       321568.76       675882.44
1970-1974       40            367212.07       332401.12       699613.19
1970-1974       41            380469.02       342051.07       722520.09
1970-1974       42            384289.40       343338.30       727627.70
1970-1974       43            385356.97       334150.02       719507.00
1970-1974       44            384229.68       315053.67       699283.35
1970-1974       45            377426.90       291076.56       668503.46
1970-1974       46            368613.13       267142.05       635755.18
1970-1974       47            357305.93       242706.50       600012.43
1970-1974       48            337532.44       219862.66       557395.10
1970-1974       49            310288.68       198695.87       508984.56
1970-1974       50            283947.78       179170.45       463118.23
1970-1974       51            256059.97       159995.04       416055.00
1970-1974       52            224818.69       139943.73       364762.42
1970-1974       53            201378.16       123831.98       325210.14
1970-1974       54            192364.02       115231.44       307595.46
1970-1974       55            196915.81       113800.33       310716.14
1970-1974       56            208300.43       116885.92       325186.35
1970-1974       57            225474.20       124025.83       349500.03
1970-1974       58            245412.15       133851.74       379263.89
1970-1974       59            259775.83       141099.08       400874.91
1970-1974       60            265851.49       145039.20       410890.69
1970-1974       61            261318.35       144641.95       405960.30
1970-1974       62            253378.77       142541.91       395920.68
1970-1974       63            245339.30       140099.28       385438.58
1970-1974       64            236120.93       135729.25       371850.19
1970-1974       65            226928.18       130273.47       357201.65
1970-1974       66            220183.30       125177.46       345360.76
1970-1974       67            212595.49       118727.31       331322.80
1970-1974       68            202426.14       110141.59       312567.73
1970-1974       69            195915.75       103144.96       299060.71
1970-1974       70            189951.38        96320.72       286272.10
1970-1974       71            174673.94        87309.82       261983.76
1970-1974       72            158034.52        78934.13       236968.65
1970-1974       73            144958.65        72258.62       217217.28
1970-1974       74            127692.18        65306.05       192998.23
1970-1974       75            112559.47        59037.37       171596.84
1970-1974       76            104554.44        54589.52       159143.95
1970-1974       77             95818.52        50194.31       146012.83
1970-1974       78             88163.12        45801.13       133964.25
1970-1974       79             80665.81        40867.89       121533.70
1970-1974       80             76429.07        34992.82       111421.89
1970-1974       81             73396.07        30746.93       104142.99
1970-1974       82             69461.14        26906.96        96368.10
1970-1974       83             63794.48        23276.64        87071.12
1970-1974       84             56182.52        20029.68        76212.20
1970-1974       85             47544.50        17183.82        64728.31
1970-1974       86             39522.23        14578.38        54100.62
1970-1974       87             32735.23        12249.75        44984.98
1970-1974       88             27197.92        10219.62        37417.54
1970-1974       89             22730.43         8455.42        31185.85
1970-1974       90             18665.56         6807.90        25473.46
1970-1974       91             14856.86         5212.01        20068.87
1970-1974       92             11610.78         3861.76        15472.54
1970-1974       93              8909.21         2790.62        11699.82
1970-1974       94              6834.70         2001.54         8836.25
1970-1974       95              5190.49         1432.73         6623.22
1970-1974       96              3938.17         1053.70         4991.87
1970-1974       97              3067.56          792.78         3860.34
1970-1974       98              2371.11          583.79         2954.90
1970-1974       99              1743.46          412.75         2156.21
1970-1974      100              1218.72          276.85         1495.57
1970-1974      101               833.17          180.46         1013.64
1970-1974      102               565.47          113.17          678.64
1970-1974      103               378.63           67.88          446.51
1970-1974      104               241.96           38.88          280.84
1970-1974      105               152.12           21.64          173.76
1970-1974      106                98.06           11.94          110.00
1970-1974      107                60.96            5.99           66.95
1970-1974      108                36.72            2.38           39.10
1970-1974      109                22.60            0.65           23.25
1970-1974      110+               21.75            0.04           21.79
1975-1979        0            355880.49       372391.51       728272.00
1975-1979        1            354906.17       369995.77       724901.94
1975-1979        2            353115.79       368153.73       721269.52
1975-1979        3            355057.40       370135.07       725192.47
1975-1979        4            356160.88       370504.37       726665.25
1975-1979        5            355245.58       368710.56       723956.15
1975-1979        6            354769.27       367806.78       722576.06
1975-1979        7            355270.09       367759.35       723029.45
1975-1979        8            357580.65       369663.81       727244.46
1975-1979        9            361752.73       374184.42       735937.15
1975-1979       10            369360.02       382440.53       751800.55
1975-1979       11            383154.74       397820.05       780974.79
1975-1979       12            397605.36       414976.77       812582.13
1975-1979       13            412011.39       431826.74       843838.13
1975-1979       14            424613.56       448571.92       873185.49
1975-1979       15            434132.25       463531.80       897664.04
1975-1979       16            435394.19       469098.09       904492.29
1975-1979       17            434759.71       468139.84       902899.55
1975-1979       18            430230.04       461050.11       891280.14
1975-1979       19            426614.09       449896.12       876510.21
1975-1979       20            421020.75       435733.48       856754.23
1975-1979       21            407573.83       415866.07       823439.90
1975-1979       22            393198.40       396333.35       789531.75
1975-1979       23            379670.19       384178.54       763848.72
1975-1979       24            368422.93       374064.39       742487.33
1975-1979       25            362112.27       366912.45       729024.73
1975-1979       26            358601.58       362266.42       720868.00
1975-1979       27            352391.93       355568.92       707960.85
1975-1979       28            339468.79       341757.82       681226.61
1975-1979       29            314587.93       315880.40       630468.32
1975-1979       30            284085.46       283755.86       567841.32
1975-1979       31            254069.62       252231.80       506301.42
1975-1979       32            232749.79       228979.04       461728.83
1975-1979       33            230271.63       223935.29       454206.92
1975-1979       34            247795.26       238974.73       486769.99
1975-1979       35            277131.23       264521.13       541652.36
1975-1979       36            312310.85       293477.44       605788.29
1975-1979       37            347341.26       322641.77       669983.03
1975-1979       38            369528.40       339207.17       708735.58
1975-1979       39            379351.32       344757.33       724108.65
1975-1979       40            376712.36       339454.89       716167.25
1975-1979       41            362286.26       325957.02       688243.28
1975-1979       42            357771.83       317548.28       675320.11
1975-1979       43            350995.16       312225.02       663220.17
1975-1979       44            350356.01       313555.75       663911.76
1975-1979       45            362087.87       322750.67       684838.54
1975-1979       46            374322.35       331290.58       705612.93
1975-1979       47            379350.59       332936.02       712286.61
1975-1979       48            379720.79       323131.95       702852.74
1975-1979       49            379584.86       305099.70       684684.56
1975-1979       50            374220.54       282864.57       657085.11
1975-1979       51            364917.01       256466.00       621383.01
1975-1979       52            356403.18       234236.40       590639.58
1975-1979       53            338634.39       210902.15       549536.54
1975-1979       54            312655.00       189673.83       502328.84
1975-1979       55            286763.15       170192.39       456955.54
1975-1979       56            258090.63       151489.92       409580.55
1975-1979       57            226148.15       132305.01       358453.16
1975-1979       58            200600.01       116492.63       317092.64
1975-1979       59            190905.88       108268.33       299174.21
1975-1979       60            193801.07       106563.96       300365.03
1975-1979       61            202343.87       108928.09       311271.97
1975-1979       62            217473.70       114721.90       332195.60
1975-1979       63            234708.07       123040.49       357748.55
1975-1979       64            247346.51       128696.40       376042.91
1975-1979       65            251883.49       130461.08       382344.56
1975-1979       66            246343.06       127875.15       374218.21
1975-1979       67            237550.23       124193.14       361743.37
1975-1979       68            230682.89       119546.45       350229.34
1975-1979       69            215091.16       113601.59       328692.75
1975-1979       70            209358.17       107555.67       316913.85
1975-1979       71            197736.91       101697.29       299434.20
1975-1979       72            189425.26        94911.69       284336.95
1975-1979       73            176613.45        86420.57       263034.02
1975-1979       74            167677.56        79348.42       247025.98
1975-1979       75            158082.68        72569.31       230651.99
1975-1979       76            141279.08        64046.22       205325.30
1975-1979       77            125678.59        56533.08       182211.67
1975-1979       78            112735.65        50669.97       163405.62
1975-1979       79             88691.77        42549.69       131241.46
1975-1979       80             78597.86        37096.76       115694.62
1975-1979       81             71017.96        33062.80       104080.75
1975-1979       82             64689.69        29586.32        94276.01
1975-1979       83             58337.14        26043.51        84380.65
1975-1979       84             53362.63        22447.18        75809.80
1975-1979       85             49634.85        18982.10        68616.95
1975-1979       86             45838.07        15876.77        61714.83
1975-1979       87             41487.62        13148.49        54636.11
1975-1979       88             36413.66        10785.63        47199.29
1975-1979       89             30501.91         8827.48        39329.39
1975-1979       90             24454.40         7234.91        31689.30
1975-1979       91             19420.42         5878.17        25298.59
1975-1979       92             15529.94         4680.15        20210.09
1975-1979       93             12472.80         3689.72        16162.53
1975-1979       94             10028.83         2922.94        12951.77
1975-1979       95              7856.62         2238.70        10095.32
1975-1979       96              5939.82         1611.09         7550.92
1975-1979       97              4407.60         1123.09         5530.70
1975-1979       98              3266.34          785.12         4051.46
1975-1979       99              2358.86          538.41         2897.26
1975-1979      100              1665.25          367.19         2032.44
1975-1979      101              1158.36          252.64         1411.00
1975-1979      102               791.63          170.00          961.62
1975-1979      103               532.21          110.77          642.97
1975-1979      104               347.69           70.11          417.79
1975-1979      105               213.57           41.28          254.85
1975-1979      106               125.30           22.23          147.53
1975-1979      107                72.47           10.46           82.93
1975-1979      108                39.70            3.37           43.07
1975-1979      109                18.90            0.53           19.43
1975-1979      110+                9.07            0.00            9.07
1980-1984        0            392545.10       410606.77       803151.87
1980-1984        1            382310.85       400057.73       782368.58
1980-1984        2            373207.43       390378.74       763586.17
1980-1984        3            367088.66       384071.46       751160.13
1980-1984        4            362604.92       378759.61       741364.53
1980-1984        5            359876.66       374525.63       734402.29
1980-1984        6            357808.22       372342.33       730150.55
1980-1984        7            356441.21       371220.33       727661.53
1980-1984        8            356674.07       372206.64       728880.71
1980-1984        9            356609.90       371765.92       728375.82
1980-1984       10            355112.12       369915.17       725027.29
1980-1984       11            353265.16       367850.26       721115.42
1980-1984       12            352506.73       365671.89       718178.62
1980-1984       13            353324.42       365247.68       718572.10
1980-1984       14            356404.77       368383.09       724787.86
1980-1984       15            369921.33       377112.32       747033.66
1980-1984       16            385806.78       393657.59       779464.37
1980-1984       17            399875.99       405032.56       804908.56
1980-1984       18            401985.25       411597.16       813582.41
1980-1984       19            411554.48       424123.99       835678.47
1980-1984       20            424465.56       441912.32       866377.88
1980-1984       21            430322.07       453948.72       884270.78
1980-1984       22            430612.18       448309.56       878921.74
1980-1984       23            429941.83       440392.23       870334.06
1980-1984       24            425581.53       432675.55       858257.08
1980-1984       25            417356.71       421401.56       838758.27
1980-1984       26            405963.30       405901.23       811864.53
1980-1984       27            392444.87       391851.31       784296.18
1980-1984       28            381058.40       381715.63       762774.03
1980-1984       29            371678.39       372832.00       744510.39
1980-1984       30            366518.61       367811.74       734330.35
1980-1984       31            364089.63       364893.63       728983.26
1980-1984       32            357662.22       358484.85       716147.07
1980-1984       33            343546.08       343587.69       687133.77
1980-1984       34            317388.13       316380.57       633768.69
1980-1984       35            284641.04       281989.98       566631.02
1980-1984       36            253698.38       249836.11       503534.49
1980-1984       37            231503.49       225848.43       457351.92
1980-1984       38            228406.97       220139.52       448546.49
1980-1984       39            246445.36       236048.73       482494.09
1980-1984       40            274613.78       260936.41       535550.19
1980-1984       41            309109.72       289936.51       599046.23
1980-1984       42            343412.43       317020.54       660432.96
1980-1984       43            365366.20       331978.22       697344.41
1980-1984       44            374753.83       335173.89       709927.72
1980-1984       45            369929.31       328013.78       697943.09
1980-1984       46            357299.30       314668.00       671967.30
1980-1984       47            350253.38       305419.04       655672.41
1980-1984       48            343325.28       298376.21       641701.49
1980-1984       49            342701.82       297581.91       640283.73
1980-1984       50            355049.67       305686.49       660736.16
1980-1984       51            369124.43       314087.20       683211.62
1980-1984       52            373914.70       314890.40       688805.10
1980-1984       53            374882.54       306351.56       681234.10
1980-1984       54            374146.78       288944.45       663091.23
1980-1984       55            366751.85       265838.89       632590.74
1980-1984       56            359864.04       242673.19       602537.23
1980-1984       57            351997.52       219318.25       571315.77
1980-1984       58            333312.19       196334.92       529647.10
1980-1984       59            305636.03       175374.34       481010.36
1980-1984       60            277428.61       156163.80       433592.42
1980-1984       61            248235.38       138078.36       386313.74
1980-1984       62            216722.28       119425.17       336147.45
1980-1984       63            192459.65       104221.42       296681.07
1980-1984       64            181442.24        95439.28       276881.52
1980-1984       65            182017.34        92569.21       274586.55
1980-1984       66            188584.44        93537.71       282122.15
1980-1984       67            199295.78        97675.89       296971.66
1980-1984       68            215996.85       103988.11       319984.96
1980-1984       69            225905.72       107453.85       333359.57
1980-1984       70            225284.05       106182.15       331466.20
1980-1984       71            218733.07       101811.63       320544.70
1980-1984       72            209040.46        96613.61       305654.06
1980-1984       73            196055.45        90971.11       287026.55
1980-1984       74            184595.35        84770.09       269365.43
1980-1984       75            172696.75        78271.69       250968.44
1980-1984       76            160699.97        72094.17       232794.14
1980-1984       77            149630.01        65408.33       215038.34
1980-1984       78            138440.78        58199.17       196639.95
1980-1984       79            125400.78        51334.87       176735.65
1980-1984       80            105622.54        44508.14       150130.67
1980-1984       81             92025.73        38139.39       130165.12
1980-1984       82             79190.29        32250.35       111440.64
1980-1984       83             67824.79        27105.44        94930.23
1980-1984       84             56984.76        22596.22        79580.98
1980-1984       85             48066.35        18824.65        66891.00
1980-1984       86             41900.99        15950.54        57851.53
1980-1984       87             36746.60        13613.09        50359.69
1980-1984       88             32034.57        11444.25        43478.82
1980-1984       89             28514.48         9377.49        37891.96
1980-1984       90             25580.84         7495.20        33076.03
1980-1984       91             22470.97         5934.01        28404.99
1980-1984       92             19245.63         4647.70        23893.33
1980-1984       93             15963.22         3577.35        19540.56
1980-1984       94             12636.64         2745.40        15382.04
1980-1984       95              9627.17         2116.75        11743.92
1980-1984       96              7328.90         1633.61         8962.51
1980-1984       97              5621.32         1239.86         6861.19
1980-1984       98              4307.86          930.54         5238.40
1980-1984       99              3292.77          692.61         3985.38
1980-1984      100              2489.27          503.92         2993.19
1980-1984      101              1819.61          350.28         2169.89
1980-1984      102              1293.47          237.01         1530.48
1980-1984      103               906.22          158.45         1064.67
1980-1984      104               625.77          103.95          729.72
1980-1984      105               427.88           68.59          496.47
1980-1984      106               290.71           45.19          335.90
1980-1984      107               196.14           28.25          224.39
1980-1984      108               130.78           16.63          147.41
1980-1984      109                83.07            8.96           92.03
1980-1984      110+               90.15            4.61           94.76
1985-1989        0            400661.31       421851.66       822512.97
1985-1989        1            405461.95       423240.41       828702.36
1985-1989        2            405550.25       421604.84       827155.09
1985-1989        3            402097.06       417729.09       819826.15
1985-1989        4            397357.69       413047.90       810405.59
1985-1989        5            389792.02       405987.85       795779.87
1985-1989        6            380954.51       396265.54       777220.06
1985-1989        7            371997.99       385884.03       757882.02
1985-1989        8            367444.76       380648.14       748092.91
1985-1989        9            363334.22       376116.35       739450.57
1985-1989       10            360156.78       372471.04       732627.82
1985-1989       11            357916.95       370765.52       728682.47
1985-1989       12            356256.81       370735.05       726991.86
1985-1989       13            356072.99       371644.19       727717.18
1985-1989       14            356198.38       370842.15       727040.53
1985-1989       15            359974.69       371592.81       731567.50
1985-1989       16            359678.80       367833.52       727512.32
1985-1989       17            361133.85       358318.60       719452.45
1985-1989       18            355536.67       345292.57       700829.24
1985-1989       19            352399.09       343315.07       695714.16
1985-1989       20            357178.70       351622.54       708801.24
1985-1989       21            367518.19       367435.82       734954.01
1985-1989       22            376787.13       382040.47       758827.60
1985-1989       23            390506.20       396007.98       786514.18
1985-1989       24            406021.10       413039.48       819060.58
1985-1989       25            419602.51       430139.01       849741.52
1985-1989       26            427723.65       438647.00       866370.65
1985-1989       27            433209.79       441930.01       875139.79
1985-1989       28            433194.94       439042.36       872237.30
1985-1989       29            428060.01       431950.42       860010.43
1985-1989       30            419841.31       422743.14       842584.46
1985-1989       31            407878.42       409292.60       817171.02
1985-1989       32            394002.64       394394.34       788396.98
1985-1989       33            382632.41       382817.53       765449.94
1985-1989       34            372910.16       372678.28       745588.45
1985-1989       35            367588.00       365973.23       733561.22
1985-1989       36            364317.84       361708.89       726026.72
1985-1989       37            356390.00       352678.89       709068.89
1985-1989       38            340795.01       336129.35       676924.36
1985-1989       39            313742.08       307877.72       621619.80
1985-1989       40            280616.96       273204.62       553821.58
1985-1989       41            250140.96       241966.16       492107.12
1985-1989       42            228384.66       218797.19       447181.85
1985-1989       43            226180.98       214042.64       440223.62
1985-1989       44            243556.02       228682.11       472238.14
1985-1989       45            270606.43       251865.04       522471.47
1985-1989       46            304400.37       279125.44       583525.81
1985-1989       47            337379.36       304133.43       641512.79
1985-1989       48            357744.50       317521.97       675266.46
1985-1989       49            365809.11       319738.19       685547.30
1985-1989       50            360890.37       311719.42       672609.79
1985-1989       51            347317.79       297502.30       644820.08
1985-1989       52            340257.53       287408.07       627665.60
1985-1989       53            334676.92       279450.43       614127.34
1985-1989       54            335483.10       277641.37       613124.47
1985-1989       55            348462.26       284386.64       632848.90
1985-1989       56            362170.50       291385.62       653556.12
1985-1989       57            366780.02       291392.42       658172.44
1985-1989       58            367326.67       282150.16       649476.83
1985-1989       59            365226.38       265445.81       630672.19
1985-1989       60            356831.81       242484.12       599315.93
1985-1989       61            348560.98       219550.95       568111.93
1985-1989       62            338001.51       196753.84       534755.34
1985-1989       63            316657.44       173902.75       490560.18
1985-1989       64            287039.69       153721.50       440761.19
1985-1989       65            258015.55       135519.73       393535.28
1985-1989       66            228634.91       118237.35       346872.26
1985-1989       67            198265.81       100996.26       299262.07
1985-1989       68            174930.36        86864.63       261794.99
1985-1989       69            164049.86        78606.37       242656.23
1985-1989       70            163306.18        75088.84       238395.02
1985-1989       71            167905.01        74935.64       242840.64
1985-1989       72            175745.03        76790.62       252535.65
1985-1989       73            188125.29        80174.02       268299.31
1985-1989       74            192091.41        80603.06       272694.47
1985-1989       75            187576.47        77701.73       265278.20
1985-1989       76            177599.48        72442.74       250042.22
1985-1989       77            165078.42        66751.32       231829.73
1985-1989       78            149749.73        60768.28       210518.01
1985-1989       79            137299.70        54725.61       192025.31
1985-1989       80            118068.74        48242.64       166311.38
1985-1989       81            106315.65        42667.76       148983.41
1985-1989       82             94659.19        37134.56       131793.75
1985-1989       83             83097.79        31616.46       114714.25
1985-1989       84             73057.51        26781.02        99838.52
1985-1989       85             63042.31        22298.02        85340.33
1985-1989       86             52250.43        17940.32        70190.76
1985-1989       87             42703.29        14208.20        56911.50
1985-1989       88             34833.49        11217.38        46050.86
1985-1989       89             27844.20         8734.84        36579.04
1985-1989       90             22325.52         6792.24        29117.76
1985-1989       91             18638.12         5400.43        24038.55
1985-1989       92             15787.87         4347.52        20135.39
1985-1989       93             13303.41         3442.34        16745.76
1985-1989       94             11354.03         2677.03        14031.06
1985-1989       95              9666.22         2048.05        11714.27
1985-1989       96              7949.64         1538.17         9487.81
1985-1989       97              6282.54         1147.07         7429.60
1985-1989       98              4800.02          845.39         5645.42
1985-1989       99              3576.52          599.99         4176.50
1985-1989      100              2680.01          426.63         3106.63
1985-1989      101              2016.94          299.25         2316.18
1985-1989      102              1521.03          206.47         1727.50
1985-1989      103              1139.41          141.17         1280.58
1985-1989      104               851.46           96.02          947.48
1985-1989      105               629.24           63.26          692.50
1985-1989      106               451.61           39.36          490.97
1985-1989      107               315.57           23.44          339.01
1985-1989      108               217.39           13.00          230.39
1985-1989      109               148.72            6.07          154.79
1985-1989      110+              280.34            2.41          282.75
1990-1994        0            312089.41       331308.74       643398.15
1990-1994        1            335328.00       355818.31       691146.30
1990-1994        2            358694.60       379993.35       738687.95
1990-1994        3            377069.21       397951.05       775020.26
1990-1994        4            393112.37       412792.47       805904.83
1990-1994        5            403109.65       421696.18       824805.83
1990-1994        6            408552.02       425538.59       834090.61
1990-1994        7            408679.18       424558.03       833237.21
1990-1994        8            404589.16       419675.32       824264.48
1990-1994        9            399717.92       413978.82       813696.73
1990-1994       10            392149.98       405987.36       798137.34
1990-1994       11            382704.48       395681.24       778385.72
1990-1994       12            373241.64       385379.87       758621.51
1990-1994       13            368618.87       380472.30       749091.17
1990-1994       14            364527.34       376266.23       740793.57
1990-1994       15            363055.94       373098.63       736154.57
1990-1994       16            361711.38       370748.39       732459.77
1990-1994       17            360656.16       367064.41       727720.56
1990-1994       18            360173.79       363815.30       723989.10
1990-1994       19            355765.96       356561.45       712327.41
1990-1994       20            350005.23       349899.12       699904.35
1990-1994       21            344969.03       343426.65       688395.68
1990-1994       22            340294.31       336224.42       676518.73
1990-1994       23            338279.24       333033.36       671312.60
1990-1994       24            340730.41       335104.46       675834.87
1990-1994       25            349020.06       342970.17       691990.23
1990-1994       26            362690.04       359305.69       721995.73
1990-1994       27            376993.28       377391.95       754385.22
1990-1994       28            392680.34       394263.24       786943.58
1990-1994       29            409429.51       412367.07       821796.58
1990-1994       30            424048.28       428764.76       852813.04
1990-1994       31            431849.02       436524.43       868373.45
1990-1994       32            436313.08       439918.48       876231.55
1990-1994       33            435419.35       437746.57       873165.91
1990-1994       34            429300.74       429998.39       859299.13
1990-1994       35            420037.07       419088.72       839125.78
1990-1994       36            406899.17       403979.73       810878.90
1990-1994       37            393032.69       388292.26       781324.95
1990-1994       38            381327.20       375783.21       757110.40
1990-1994       39            370965.75       364711.50       735677.24
1990-1994       40            364944.21       357225.25       722169.46
1990-1994       41            360562.67       351026.60       711589.27
1990-1994       42            351866.57       340765.12       692631.69
1990-1994       43            335502.48       323476.14       658978.63
1990-1994       44            308325.02       295285.28       603610.30
1990-1994       45            275802.30       261737.39       537539.69
1990-1994       46            244982.88       231010.21       475993.09
1990-1994       47            223522.30       209011.97       432534.27
1990-1994       48            221213.69       204151.13       425364.82
1990-1994       49            237926.97       217035.96       454962.94
1990-1994       50            263597.26       237487.41       501084.68
1990-1994       51            295944.98       261513.98       557458.96
1990-1994       52            327187.12       283598.10       610785.21
1990-1994       53            345866.52       294553.65       640420.17
1990-1994       54            352998.47       295228.52       648226.99
1990-1994       55            347493.11       286514.46       634007.57
1990-1994       56            333919.10       272217.76       606136.86
1990-1994       57            326927.22       261826.99       588754.22
1990-1994       58            321591.92       253658.99       575250.92
1990-1994       59            322096.14       250348.15       572444.30
1990-1994       60            333256.38       254649.53       587905.91
1990-1994       61            344605.21       258956.56       603561.77
1990-1994       62            347000.66       256376.97       603377.64
1990-1994       63            346079.76       245973.76       592053.52
1990-1994       64            342554.19       228754.83       571309.02
1990-1994       65            332483.57       206375.52       538859.09
1990-1994       66            321234.93       184486.97       505721.89
1990-1994       67            307943.98       163347.94       471291.92
1990-1994       68            284801.10       142389.89       427190.99
1990-1994       69            255139.14       124234.73       379373.87
1990-1994       70            227078.80       107971.62       335050.42
1990-1994       71            199087.69        92578.42       291666.11
1990-1994       72            170122.43        77572.08       247694.51
1990-1994       73            148060.28        65478.84       213539.13
1990-1994       74            136612.53        57883.75       194496.29
1990-1994       75            134047.51        54359.66       188407.17
1990-1994       76            134762.54        52795.15       187557.70
1990-1994       77            138185.32        52597.01       190782.33
1990-1994       78            143941.44        53060.87       197002.31
1990-1994       79            142572.97        51300.73       193873.70
1990-1994       80            131264.08        47234.88       178498.96
1990-1994       81            119541.44        42554.07       162095.51
1990-1994       82            106341.87        37667.05       144008.91
1990-1994       83             93342.44        32936.38       126278.82
1990-1994       84             80824.52        28257.89       109082.41
1990-1994       85             69425.32        23819.10        93244.41
1990-1994       86             59390.00        19829.90        79219.90
1990-1994       87             49918.18        16186.23        66104.41
1990-1994       88             41347.70        12941.85        54289.54
1990-1994       89             34408.85        10272.86        44681.71
1990-1994       90             28082.15         7981.88        36064.03
1990-1994       91             21945.78         5995.04        27940.82
1990-1994       92             16929.09         4456.83        21385.91
1990-1994       93             13061.32         3281.56        16342.88
1990-1994       94              9931.87         2344.92        12276.78
1990-1994       95              7659.79         1678.23         9338.01
1990-1994       96              6214.30         1277.55         7491.85
1990-1994       97              5079.94          977.47         6057.40
1990-1994       98              4022.39          732.48         4754.87
1990-1994       99              3089.88          526.72         3616.60
1990-1994      100              2326.18          355.67         2681.85
1990-1994      101              1715.50          234.25         1949.75
1990-1994      102              1238.94          151.66         1390.60
1990-1994      103               878.29           97.18          975.47
1990-1994      104               607.45           61.35          668.81
1990-1994      105               417.50           38.00          455.50
1990-1994      106               288.42           22.79          311.21
1990-1994      107               197.84           13.05          210.89
1990-1994      108               133.74            6.93          140.68
1990-1994      109                90.68            2.96           93.63
1990-1994      110+              154.15            0.54          154.69
1995-1999        0            230324.27       245820.53       476144.80
1995-1999        1            239611.11       254235.67       493846.78
1995-1999        2            254702.11       269354.47       524056.58
1995-1999        3            272379.01       287784.80       560163.80
1995-1999        4            290857.17       306845.50       597702.66
1995-1999        5            313004.15       329279.89       642284.04
1995-1999        6            336810.02       354860.40       691670.41
1995-1999        7            360482.05       379002.80       739484.85
1995-1999        8            378254.46       396837.00       775091.47
1995-1999        9            394047.06       410645.45       804692.52
1995-1999       10            402784.52       418150.43       820934.95
1995-1999       11            409400.39       424540.97       833941.35
1995-1999       12            411170.06       425987.71       837157.76
1995-1999       13            406477.50       420074.91       826552.41
1995-1999       14            401103.32       413708.10       814811.42
1995-1999       15            392986.24       405397.08       798383.32
1995-1999       16            383534.66       395283.54       778818.20
1995-1999       17            372795.79       384515.45       757311.24
1995-1999       18            366557.81       378613.99       745171.79
1995-1999       19            362621.63       373353.53       735975.16
1995-1999       20            359700.09       367077.48       726777.57
1995-1999       21            356345.60       361821.55       718167.15
1995-1999       22            352696.82       358475.89       711172.70
1995-1999       23            351244.43       356491.77       707736.20
1995-1999       24            348722.55       353785.47       702508.02
1995-1999       25            342926.06       345340.34       688266.39
1995-1999       26            339160.89       336601.25       675762.14
1995-1999       27            337550.64       329854.71       667405.34
1995-1999       28            340175.75       331794.06       671969.81
1995-1999       29            344667.13       335980.62       680647.75
1995-1999       30            351901.32       346279.85       698181.17
1995-1999       31            364216.92       358910.38       723127.30
1995-1999       32            377920.95       372928.89       750849.83
1995-1999       33            392725.88       388177.25       780903.14
1995-1999       34            409847.00       405783.52       815630.52
1995-1999       35            424209.50       420215.90       844425.40
1995-1999       36            431329.52       426285.20       857614.72
1995-1999       37            435861.90       428478.33       864340.23
1995-1999       38            434838.01       425799.94       860637.95
1995-1999       39            427867.88       416911.52       844779.40
1995-1999       40            420313.00       406319.56       826632.56
1995-1999       41            405350.86       389762.42       795113.28
1995-1999       42            390551.68       373082.06       763633.75
1995-1999       43            378153.33       358990.03       737143.37
1995-1999       44            368349.36       347903.98       716253.34
1995-1999       45            361396.64       338997.70       700394.34
1995-1999       46            355602.88       331554.32       687157.19
1995-1999       47            346357.73       320697.51       667055.24
1995-1999       48            329936.21       303391.75       633327.96
1995-1999       49            303593.62       277509.45       581103.07
1995-1999       50            270791.77       244743.36       515535.14
1995-1999       51            239690.47       213951.37       453641.84
1995-1999       52            218387.56       192278.59       410666.15
1995-1999       53            215445.37       186415.31       401860.68
1995-1999       54            231481.38       197581.20       429062.59
1995-1999       55            256338.42       214463.74       470802.16
1995-1999       56            286832.54       234298.62       521131.16
1995-1999       57            316545.63       252784.86       569330.49
1995-1999       58            333824.36       261279.30       595103.66
1995-1999       59            339974.49       260592.25       600566.74
1995-1999       60            333665.85       250925.45       584591.29
1995-1999       61            319150.71       236452.85       555603.55
1995-1999       62            311055.25       225170.19       536225.44
1995-1999       63            305041.77       215761.00       520802.77
1995-1999       64            303164.96       209731.03       512895.98
1995-1999       65            310414.75       210578.11       520992.86
1995-1999       66            318558.24       211083.06       529641.31
1995-1999       67            318566.11       206564.98       525131.08
1995-1999       68            314742.72       196286.38       511029.11
1995-1999       69            308515.93       178533.36       487049.29
1995-1999       70            299381.66       162448.78       461830.44
1995-1999       71            283712.51       140555.93       424268.44
1995-1999       72            266204.74       121282.50       387487.24
1995-1999       73            242651.96       103975.22       346627.18
1995-1999       74            213606.61        88863.38       302469.99
1995-1999       75            186030.57        75166.41       261196.98
1995-1999       76            159325.55        62564.64       221890.19
1995-1999       77            133323.47        51001.32       184324.79
1995-1999       78            112065.63        41673.04       153738.67
1995-1999       79            100524.11        35543.12       136067.23
1995-1999       80             94228.12        32422.25       126650.37
1995-1999       81             91082.88        30091.55       121174.42
1995-1999       82             89423.03        28560.97       117984.00
1995-1999       83             86990.37        27012.19       114002.56
1995-1999       84             81564.68        24692.00       106256.68
1995-1999       85             72846.06        21588.73        94434.79
1995-1999       86             62295.98        18210.27        80506.26
1995-1999       87             51872.01        15025.75        66897.75
1995-1999       88             42540.92        12170.84        54711.76
1995-1999       89             34251.83         9634.91        43886.74
1995-1999       90             27229.63         7491.47        34721.10
1995-1999       91             21614.26         5755.19        27369.46
1995-1999       92             16912.00         4354.44        21266.43
1995-1999       93             13101.41         3292.16        16393.56
1995-1999       94             10277.96         2478.56        12756.52
1995-1999       95              7903.74         1777.69         9681.42
1995-1999       96              5812.93         1216.34         7029.27
1995-1999       97              4281.53          841.01         5122.55
1995-1999       98              3220.25          603.78         3824.02
1995-1999       99              2266.13          404.85         2670.97
1995-1999      100              1497.63          252.63         1750.26
1995-1999      101               996.78          159.01         1155.79
1995-1999      102               643.06           97.23          740.28
1995-1999      103               395.99           55.57          451.56
1995-1999      104               244.13           29.83          273.96
1995-1999      105               149.32           14.45          163.76
1995-1999      106                86.37            5.50           91.87
1995-1999      107                47.20            1.35           48.55
1995-1999      108                24.48            0.19           24.67
1995-1999      109                11.94            0.00           11.94
1995-1999      110+                8.50            0.00            8.50
2000-2004        0            218481.60       231564.01       450045.61
2000-2004        1            219724.50       232875.32       452599.83
2000-2004        2            220310.30       233327.34       453637.64
2000-2004        3            222127.99       234745.82       456873.81
2000-2004        4            224015.90       236887.40       460903.30
2000-2004        5            229818.47       243170.59       472989.06
2000-2004        6            239273.18       252857.83       492131.01
2000-2004        7            254279.80       268454.90       522734.71
2000-2004        8            271421.85       287186.98       558608.83
2000-2004        9            289485.46       306207.54       595692.99
2000-2004       10            310720.32       327926.95       638647.26
2000-2004       11            333343.81       351340.97       684684.78
2000-2004       12            355954.81       374709.64       730664.44
2000-2004       13            375058.44       394085.62       769144.06
2000-2004       14            391806.39       410346.13       802152.53
2000-2004       15            401260.52       419439.20       820699.72
2000-2004       16            405925.75       423595.87       829521.62
2000-2004       17            401116.80       418241.84       819358.64
2000-2004       18            392837.05       409478.77       802315.82
2000-2004       19            386863.18       403350.35       790213.52
2000-2004       20            378442.04       394701.54       773143.58
2000-2004       21            369583.16       385169.21       754752.37
2000-2004       22            358784.87       371785.52       730570.38
2000-2004       23            352922.30       364063.23       716985.52
2000-2004       24            349641.79       358548.92       708190.71
2000-2004       25            347424.80       353007.22       700432.02
2000-2004       26            345209.11       347571.81       692780.92
2000-2004       27            343875.13       344231.89       688107.02
2000-2004       28            344729.94       343219.11       687949.05
2000-2004       29            345161.87       341290.05       686451.92
2000-2004       30            344327.34       338920.11       683247.45
2000-2004       31            343473.29       337359.65       680832.95
2000-2004       32            343129.89       335887.90       679017.79
2000-2004       33            343098.05       335138.24       678236.29
2000-2004       34            344627.51       336289.24       680916.75
2000-2004       35            350032.99       340625.13       690658.11
2000-2004       36            361885.10       351386.99       713272.09
2000-2004       37            375100.06       363914.60       739014.66
2000-2004       38            390332.99       377669.25       768002.24
2000-2004       39            406902.53       393029.54       799932.06
2000-2004       40            420183.67       405426.45       825610.11
2000-2004       41            427963.48       410997.55       838961.04
2000-2004       42            432717.11       412589.14       845306.24
2000-2004       43            431203.73       408409.34       839613.07
2000-2004       44            424299.23       398611.54       822910.76
2000-2004       45            414636.74       385756.59       800393.33
2000-2004       46            400373.73       368762.38       769136.12
2000-2004       47            384829.35       351093.23       735922.58
2000-2004       48            372471.54       337086.01       709557.55
2000-2004       49            361560.88       324558.94       686119.82
2000-2004       50            354586.20       315986.89       670573.09
2000-2004       51            349423.85       309098.76       658522.61
2000-2004       52            340253.32       298456.80       638710.12
2000-2004       53            323647.81       281118.07       604765.87
2000-2004       54            296316.90       254384.80       550701.69
2000-2004       55            263074.06       222458.69       485532.75
2000-2004       56            232163.78       193150.08       425313.86
2000-2004       57            210856.68       172089.08       382945.77
2000-2004       58            207812.29       165557.84       373370.13
2000-2004       59            223173.02       173695.80       396868.82
2000-2004       60            246784.62       187190.90       433975.52
2000-2004       61            275915.29       202852.76       478768.05
2000-2004       62            303458.22       216740.92       520199.13
2000-2004       63            318667.39       221629.19       540296.59
2000-2004       64            322600.96       218475.25       541076.21
2000-2004       65            314115.72       207599.64       521715.36
2000-2004       66            297507.76       192251.60       489759.36
2000-2004       67            286423.64       179872.52       466296.16
2000-2004       68            276741.62       169193.61       445935.23
2000-2004       69            271679.66       162312.45       433992.10
2000-2004       70            274931.28       160286.93       435218.21
2000-2004       71            280286.56       159259.01       439545.56
2000-2004       72            277983.04       153429.03       431412.07
2000-2004       73            270336.58       141761.72       412098.30
2000-2004       74            260088.90       126192.62       386281.52
2000-2004       75            244931.80       109312.91       354244.71
2000-2004       76            226989.79        92969.22       319959.01
2000-2004       77            207855.95        77686.32       285542.28
2000-2004       78            183706.26        64539.74       248246.00
2000-2004       79            156565.99        53240.59       209806.58
2000-2004       80            132666.78        44068.96       176735.74
2000-2004       81            108893.17        35339.89       144233.06
2000-2004       82             87289.78        27677.25       114967.03
2000-2004       83             70238.49        21721.65        91960.14
2000-2004       84             58950.81        17579.99        76530.80
2000-2004       85             52043.94        14693.31        66737.25
2000-2004       86             47178.17        12672.68        59850.84
2000-2004       87             42955.17        11192.78        54147.95
2000-2004       88             38555.47         9807.35        48362.82
2000-2004       89             33320.88         8282.20        41603.08
2000-2004       90             27265.70         6636.95        33902.65
2000-2004       91             21239.77         5117.70        26357.47
2000-2004       92             16083.31         3832.69        19916.00
2000-2004       93             12057.17         2801.20        14858.37
2000-2004       94              8867.59         2048.87        10916.46
2000-2004       95              6457.75         1527.46         7985.20
2000-2004       96              4809.17         1147.91         5957.08
2000-2004       97              3579.27          836.12         4415.39
2000-2004       98              2661.20          587.16         3248.36
2000-2004       99              1961.50          410.83         2372.33
2000-2004      100              1369.47          287.22         1656.69
2000-2004      101               899.17          193.84         1093.00
2000-2004      102               575.78          129.29          705.06
2000-2004      103               364.54           84.49          449.03
2000-2004      104               221.20           52.85          274.05
2000-2004      105               130.99           32.40          163.39
2000-2004      106                77.61           19.50           97.10
2000-2004      107                44.11           10.51           54.62
2000-2004      108                23.14            5.01           28.15
2000-2004      109                10.92            2.12           13.04
2000-2004      110+                4.53            0.59            5.11
2005-2009        0            239199.75       253638.37       492838.12
2005-2009        1            227932.48       241098.92       469031.40
2005-2009        2            219896.62       232163.39       452060.00
2005-2009        3            215037.60       226916.85       441954.45
2005-2009        4            214748.05       226949.30       441697.35
2005-2009        5            215902.91       228325.39       444228.30
2005-2009        6            218204.53       230790.96       448995.49
2005-2009        7            219030.54       231575.31       450605.85
2005-2009        8            221183.09       233480.99       454664.09
2005-2009        9            223547.19       236338.29       459885.48
2005-2009       10            229582.26       243443.00       473025.25
2005-2009       11            239455.24       253724.83       493180.08
2005-2009       12            254647.12       269585.72       524232.85
2005-2009       13            271845.11       287948.72       559793.82
2005-2009       14            289712.24       306790.54       596502.78
2005-2009       15            310860.98       328403.79       639264.76
2005-2009       16            334103.41       352344.84       686448.24
2005-2009       17            354018.75       373634.72       727653.47
2005-2009       18            366619.15       388371.03       754990.18
2005-2009       19            377990.27       398968.02       776958.29
2005-2009       20            384037.36       404020.31       788057.68
2005-2009       21            387518.12       405944.71       793462.83
2005-2009       22            385829.33       402359.58       788188.91
2005-2009       23            380553.71       394952.95       775506.65
2005-2009       24            375082.45       387672.68       762755.13
2005-2009       25            367593.31       378908.90       746502.21
2005-2009       26            359324.61       368734.89       728059.50
2005-2009       27            351753.86       358224.63       709978.48
2005-2009       28            348019.87       351878.61       699898.49
2005-2009       29            345020.78       346105.75       691126.53
2005-2009       30            342701.85       340924.15       683626.00
2005-2009       31            340798.51       336115.39       676913.90
2005-2009       32            339799.72       332896.12       672695.84
2005-2009       33            341082.74       331687.66       672770.40
2005-2009       34            341514.06       329495.00       671009.06
2005-2009       35            340953.80       327081.47       668035.27
2005-2009       36            340268.67       325199.46       665468.13
2005-2009       37            339971.06       323557.59       663528.65
2005-2009       38            339688.48       322313.10       662001.58
2005-2009       39            341168.31       322891.24       664059.55
2005-2009       40            346634.65       326675.34       673309.99
2005-2009       41            358162.09       336601.59       694763.68
2005-2009       42            370709.08       347867.74       718576.82
2005-2009       43            385323.39       360399.90       745723.28
2005-2009       44            400940.48       373875.89       774816.38
2005-2009       45            413188.10       384353.30       797541.40
2005-2009       46            420107.23       388271.38       808378.61
2005-2009       47            424294.26       388313.16       812607.41
2005-2009       48            422146.67       382935.89       805082.56
2005-2009       49            414844.06       372099.70       786943.75
2005-2009       50            404874.10       358264.16       763138.26
2005-2009       51            390402.37       340876.79       731279.16
2005-2009       52            375339.20       323113.47       698452.66
2005-2009       53            363731.83       308929.55       672661.37
2005-2009       54            352858.80       295961.16       648819.96
2005-2009       55            345539.96       286183.24       631723.20
2005-2009       56            339615.85       278317.09       617932.94
2005-2009       57            329587.75       267296.72       596884.46
2005-2009       58            312405.71       250023.31       562429.02
2005-2009       59            284901.29       224418.37       509319.66
2005-2009       60            252113.29       194347.68       446460.96
2005-2009       61            221589.09       166531.36       388120.46
2005-2009       62            200041.83       146114.40       346156.23
2005-2009       63            196068.34       138377.26       334445.60
2005-2009       64            209712.23       142882.80       352595.02
2005-2009       65            230796.87       152042.21       382839.08
2005-2009       66            256826.87       163075.64       419902.52
2005-2009       67            280484.90       172522.69       453007.59
2005-2009       68            292076.35       174352.24       466428.59
2005-2009       69            292758.66       169312.14       462070.79
2005-2009       70            282144.79       157867.69       440012.48
2005-2009       71            263913.54       143368.69       407282.24
2005-2009       72            250249.81       131051.50       381301.31
2005-2009       73            238168.92       120430.95       358599.87
2005-2009       74            229638.84       112809.30       342448.14
2005-2009       75            227999.82       108568.13       336567.95
2005-2009       76            228033.89       105046.52       333080.41
2005-2009       77            221121.28        98502.34       319623.62
2005-2009       78            209247.63        88238.83       297486.45
2005-2009       79            195630.78        76472.97       272103.75
2005-2009       80            178686.42        64689.80       243376.22
2005-2009       81            159117.44        52925.72       212043.16
2005-2009       82            138529.60        42416.91       180946.51
2005-2009       83            116898.60        33544.35       150442.95
2005-2009       84             95369.12        26312.62       121681.75
2005-2009       85             75688.61        20464.66        96153.27
2005-2009       86             58296.57        15577.40        73873.97
2005-2009       87             43772.35        11501.47        55273.82
2005-2009       88             32877.22         8420.41        41297.63
2005-2009       89             25506.91         6307.98        31814.89
2005-2009       90             20522.20         4816.89        25339.09
2005-2009       91             16804.88         3773.29        20578.17
2005-2009       92             13753.66         3058.45        16812.12
2005-2009       93             11024.52         2409.78        13434.30
2005-2009       94              8484.10         1821.07        10305.17
2005-2009       95              6179.87         1310.32         7490.19
2005-2009       96              4328.52          908.36         5236.88
2005-2009       97              2984.53          619.74         3604.27
2005-2009       98              2057.78          414.83         2472.61
2005-2009       99              1418.15          283.90         1702.05
2005-2009      100               964.79          196.42         1161.21
2005-2009      101               649.41          133.82          783.23
2005-2009      102               424.71           89.05          513.75
2005-2009      103               271.80           57.94          329.73
2005-2009      104               175.88           37.42          213.30
2005-2009      105               111.29           23.14          134.42
2005-2009      106                65.96           13.10           79.06
2005-2009      107                37.78            6.58           44.36
2005-2009      108                20.97            2.45           23.42
2005-2009      109                10.52            0.38           10.90
2005-2009      110+                5.09            0.00            5.09
2010-2014        0            273508.83       290535.36       564044.20
2010-2014        1            269238.09       285801.57       555039.66
2010-2014        2            262614.28       278744.65       541358.93
2010-2014        3            255253.80       270979.64       526233.43
2010-2014        4            247342.33       262185.68       509528.00
2010-2014        5            237924.97       251596.93       489521.90
2010-2014        6            227524.81       240226.78       467751.59
2010-2014        7            219725.84       231765.90       451491.74
2010-2014        8            214952.39       226637.47       441589.86
2010-2014        9            214775.10       226653.20       441428.30
2010-2014       10            216060.73       228050.46       444111.19
2010-2014       11            218341.27       230685.92       449027.19
2010-2014       12            219115.50       231675.47       450790.98
2010-2014       13            221300.27       233641.71       454941.98
2010-2014       14            223816.20       236731.21       460547.41
2010-2014       15            230074.22       244063.10       474137.32
2010-2014       16            240194.95       254537.17       494732.13
2010-2014       17            256511.86       271491.02       528002.88
2010-2014       18            275440.87       292183.32       567624.19
2010-2014       19            294311.89       312301.34       606613.23
2010-2014       20            314754.81       333204.64       647959.46
2010-2014       21            335032.49       354114.39       689146.88
2010-2014       22            352855.38       373143.62       725999.00
2010-2014       23            364624.65       385363.92       749988.57
2010-2014       24            374967.57       394756.41       769723.99
2010-2014       25            381218.51       399561.54       780780.05
2010-2014       26            384145.20       400821.77       784966.97
2010-2014       27            382677.40       397093.88       779771.27
2010-2014       28            377959.34       389586.23       767545.56
2010-2014       29            372838.25       381981.21       754819.47
2010-2014       30            365371.98       372537.93       737909.91
2010-2014       31            356889.94       361560.36       718450.31
2010-2014       32            349082.80       350820.47       699903.26
2010-2014       33            345351.22       344462.12       689813.33
2010-2014       34            342297.47       338629.62       680927.09
2010-2014       35            340180.30       333266.96       673447.26
2010-2014       36            338276.13       328204.02       666480.14
2010-2014       37            337271.64       324593.07       661864.71
2010-2014       38            338515.85       322812.74       661328.59
2010-2014       39            338953.03       320284.95       659237.98
2010-2014       40            338258.24       317523.21       655781.45
2010-2014       41            337598.35       315132.75       652731.10
2010-2014       42            336983.25       312938.82       649922.07
2010-2014       43            336343.24       310791.65       647134.88
2010-2014       44            337460.64       310548.46       648009.09
2010-2014       45            343036.40       313648.43       656684.83
2010-2014       46            354152.45       322384.42       676536.87
2010-2014       47            366022.80       331952.11       697974.91
2010-2014       48            379805.17       342639.12       722444.29
2010-2014       49            394592.00       354197.37       748789.37
2010-2014       50            406420.74       362600.33       769021.07
2010-2014       51            412848.76       364651.39       777500.15
2010-2014       52            416261.12       362872.97       779134.09
2010-2014       53            413271.97       355615.12       768887.09
2010-2014       54            405650.85       343717.33       749368.18
2010-2014       55            393974.69       329103.83       723078.52
2010-2014       56            379607.33       310972.29       690579.62
2010-2014       57            364332.16       292502.49       656834.66
2010-2014       58            352457.06       277565.22       630022.28
2010-2014       59            341354.12       264023.19       605377.30
2010-2014       60            333360.24       252604.89       585965.13
2010-2014       61            326740.39       242673.60       569413.99
2010-2014       62            316006.41       230053.69       546060.10
2010-2014       63            298453.70       212789.18       511242.89
2010-2014       64            271037.54       188877.76       459915.30
2010-2014       65            238586.21       161840.40       400426.61
2010-2014       66            208443.95       137061.02       345504.97
2010-2014       67            186976.07       118628.53       305604.60
2010-2014       68            181980.33       110603.53       292583.86
2010-2014       69            193129.08       112381.18       305510.26
2010-2014       70            210977.60       117884.24       328861.83
2010-2014       71            232357.89       124369.12       356727.02
2010-2014       72            251136.71       129283.53       380420.23
2010-2014       73            257912.21       128041.39       385953.60
2010-2014       74            254798.14       121694.93       376493.07
2010-2014       75            241515.48       110970.75       352486.23
2010-2014       76            221433.24        97903.60       319336.84
2010-2014       77            204787.54        86904.71       291692.25
2010-2014       78            189542.13        77194.73       266736.86
2010-2014       79            177552.57        69590.05       247142.62
2010-2014       80            172681.39        65542.60       238223.99
2010-2014       81            166208.10        61047.66       227255.75
2010-2014       82            155438.21        55022.30       210460.51
2010-2014       83            141319.38        47489.02       188808.41
2010-2014       84            125129.41        39363.32       164492.73
2010-2014       85            107733.85        31350.21       139084.06
2010-2014       86             90417.42        24166.12       114583.54
2010-2014       87             73699.74        18183.65        91883.39
2010-2014       88             57923.23        13388.18        71311.41
2010-2014       89             43683.68         9727.94        53411.62
2010-2014       90             31789.59         6977.89        38767.48
2010-2014       91             22469.51         4894.83        27364.34
2010-2014       92             15324.66         3318.90        18643.56
2010-2014       93             10284.26         2204.59        12488.84
2010-2014       94              7097.53         1485.11         8582.64
2010-2014       95              5094.23         1021.56         6115.80
2010-2014       96              3723.76          716.06         4439.81
2010-2014       97              2691.63          514.80         3206.44
2010-2014       98              1882.05          361.21         2243.26
2010-2014       99              1234.50          234.88         1469.38
2010-2014      100               764.52          145.66          910.18
2010-2014      101               458.36           87.80          546.16
2010-2014      102               267.97           52.20          320.17
2010-2014      103               154.97           30.83          185.80
2010-2014      104                88.33           18.02          106.35
2010-2014      105                49.65           10.22           59.87
2010-2014      106                27.14            5.46           32.60
2010-2014      107                13.72            2.44           16.16
2010-2014      108                 6.36            0.46            6.82
2010-2014      109                 2.59            0.00            2.59
2010-2014      110+                0.86            0.00            0.86
2015-2018        0            216748.36       230022.82       446771.19
2015-2018        1            227545.21       242056.14       469601.35
2015-2018        2            231644.78       246489.96       478134.74
2015-2018        3            228489.18       242872.09       471361.27
2015-2018        4            223532.15       237222.46       460754.61
2015-2018        5            218162.08       231412.02       449574.10
2015-2018        6            213376.12       226437.32       439813.44
2015-2018        7            208659.64       221520.23       430179.87
2015-2018        8            203816.37       216355.97       420172.34
2015-2018        9            195798.81       207204.78       403003.60
2015-2018       10            186183.17       196359.31       382542.47
2015-2018       11            177888.28       187363.21       365251.49
2015-2018       12            172766.04       181881.15       354647.18
2015-2018       13            171140.00       180544.08       351684.08
2015-2018       14            172428.61       182096.92       354525.54
2015-2018       15            174501.67       184100.35       358602.02
2015-2018       16            176342.08       186225.08       362567.16
2015-2018       17            176944.27       186805.76       363750.03
2015-2018       18            178085.86       187998.09       366083.95
2015-2018       19            181348.79       192583.82       373932.61
2015-2018       20            187935.48       200069.79       388005.27
2015-2018       21            199473.70       212055.77       411529.47
2015-2018       22            214421.77       226677.63       441099.40
2015-2018       23            231823.55       243684.30       475507.85
2015-2018       24            246781.23       258596.26       505377.49
2015-2018       25            262784.40       275152.34       537936.74
2015-2018       26            277148.72       290887.89       568036.61
2015-2018       27            289684.86       304930.22       594615.08
2015-2018       28            299638.23       314925.32       614563.56
2015-2018       29            304423.69       319082.48       623506.18
2015-2018       30            306657.42       319832.05       626489.47
2015-2018       31            306514.94       317609.51       624124.46
2015-2018       32            306400.08       315288.96       621689.04
2015-2018       33            301727.90       308167.14       609895.04
2015-2018       34            295212.78       299555.36       594768.13
2015-2018       35            287133.51       289661.14       576794.65
2015-2018       36            279942.44       280488.00       560430.44
2015-2018       37            276857.52       274798.02       551655.54
2015-2018       38            273630.91       269057.94       542688.84
2015-2018       39            271572.42       264299.07       535871.49
2015-2018       40            269856.57       259964.56       529821.13
2015-2018       41            268604.96       256415.27       525020.23
2015-2018       42            268335.78       253496.84       521832.63
2015-2018       43            269229.84       251561.86       520791.70
2015-2018       44            269654.10       249432.68       519086.78
2015-2018       45            269067.01       247048.64       516115.65
2015-2018       46            268024.94       244516.19       512541.14
2015-2018       47            265892.31       241067.70       506960.01
2015-2018       48            265762.09       239450.40       505212.48
2015-2018       49            267965.14       239497.35       507462.48
2015-2018       50            273704.63       242223.90       515928.53
2015-2018       51            284274.51       250045.34       534319.86
2015-2018       52            294393.75       257487.91       551881.66
2015-2018       53            306725.80       265766.70       572492.51
2015-2018       54            317958.33       272828.12       590786.45
2015-2018       55            322206.27       275046.46       597252.73
2015-2018       56            327279.26       274809.88       602089.14
2015-2018       57            327085.14       270071.58       597156.72
2015-2018       58            321197.64       260345.71       581543.35
2015-2018       59            312737.55       247835.73       560573.28
2015-2018       60            302425.68       233816.50       536242.18
2015-2018       61            289630.85       217808.90       507439.74
2015-2018       62            277382.12       202315.32       479697.44
2015-2018       63            267201.78       189683.60       456885.39
2015-2018       64            257575.05       177971.52       435546.57
2015-2018       65            253244.19       170847.92       424092.11
2015-2018       66            248424.43       163813.87       412238.29
2015-2018       67            237193.92       152451.51       389645.43
2015-2018       68            220704.61       138415.76       359120.36
2015-2018       69            192756.86       117683.79       310440.65
2015-2018       70            164214.23        96835.83       261050.06
2015-2018       71            140994.73        79795.32       220790.05
2015-2018       72            126257.70        67750.58       194008.27
2015-2018       73            130264.14        65958.12       196222.26
2015-2018       74            142352.53        68736.13       211088.67
2015-2018       75            157330.74        72707.42       230038.16
2015-2018       76            172068.80        75717.12       247785.92
2015-2018       77            177337.85        74609.66       251947.51
2015-2018       78            175132.65        70671.15       245803.80
2015-2018       79            166373.57        64367.00       230740.58
2015-2018       80            149817.84        55557.52       205375.36
2015-2018       81            130711.58        46421.25       177132.83
2015-2018       82            115194.52        39042.01       154236.53
2015-2018       83            103577.44        33730.52       137307.96
2015-2018       84             95923.57        30152.02       126075.59
2015-2018       85             89472.49        27162.64       116635.13
2015-2018       86             80771.77        23775.09       104546.86
2015-2018       87             70307.44        19984.48        90291.92
2015-2018       88             59075.21        15949.65        75024.86
2015-2018       89             47993.77        12067.17        60060.94
2015-2018       90             37620.27         8649.99        46270.26
2015-2018       91             28681.02         5997.90        34678.92
2015-2018       92             21138.79         4098.37        25237.16
2015-2018       93             14816.62         2760.42        17577.04
2015-2018       94              9887.46         1822.83        11710.29
2015-2018       95              6318.60         1162.91         7481.51
2015-2018       96              3972.83          727.90         4700.72
2015-2018       97              2457.59          447.84         2905.43
2015-2018       98              1484.53          271.26         1755.79
2015-2018       99               863.15          156.48         1019.63
2015-2018      100               484.17           84.91          569.07
2015-2018      101               270.63           46.37          317.00
2015-2018      102               147.34           24.45          171.79
2015-2018      103                74.73           11.61           86.34
2015-2018      104                34.83            4.36           39.19
2015-2018      105                14.96            0.77           15.73
2015-2018      106                 5.18            0.05            5.22
2015-2018      107                 0.90            0.00            0.90
2015-2018      108                 0.05            0.00            0.05
2015-2018      109                 0.00            0.00            0.00
2015-2018      110+                0.00            0.00            0.00
