Estonia, Exposure to risk (period 1x5), 	Last modified: 21 Jan 2021;  Methods Protocol: v6 (2017)

  Year          Age             Female            Male           Total
1960-1964        0             47448.69        50392.25        97840.93
1960-1964        1             47749.87        50406.50        98156.37
1960-1964        2             47854.15        50328.95        98183.11
1960-1964        3             47499.88        49849.63        97349.50
1960-1964        4             47461.41        49782.69        97244.11
1960-1964        5             47601.61        49814.18        97415.79
1960-1964        6             47357.74        49459.45        96817.18
1960-1964        7             47383.35        49383.04        96766.39
1960-1964        8             47411.82        49465.57        96877.39
1960-1964        9             46937.42        49348.59        96286.01
1960-1964       10             46430.63        49312.19        95742.81
1960-1964       11             46536.92        49937.92        96474.84
1960-1964       12             46495.38        50457.86        96953.24
1960-1964       13             46063.38        50143.18        96206.56
1960-1964       14             45044.49        48607.89        93652.38
1960-1964       15             43070.54        45814.00        88884.55
1960-1964       16             40750.86        42662.06        83412.92
1960-1964       17             39294.16        40738.91        80033.07
1960-1964       18             39641.78        40732.69        80374.47
1960-1964       19             41347.45        42172.97        83520.42
1960-1964       20             43764.67        44462.75        88227.42
1960-1964       21             46940.62        47654.09        94594.71
1960-1964       22             49812.47        50778.86       100591.33
1960-1964       23             51137.02        51891.65       103028.67
1960-1964       24             51519.48        51777.60       103297.08
1960-1964       25             51347.43        51329.78       102677.21
1960-1964       26             50691.64        50053.12       100744.76
1960-1964       27             50509.75        48763.00        99272.75
1960-1964       28             50770.35        48251.91        99022.25
1960-1964       29             51870.84        48840.36       100711.20
1960-1964       30             53465.41        49797.80       103263.21
1960-1964       31             55402.93        50760.58       106163.51
1960-1964       32             56450.77        50930.92       107381.68
1960-1964       33             56630.64        49880.14       106510.78
1960-1964       34             56642.08        47537.57       104179.65
1960-1964       35             56230.62        44439.19       100669.81
1960-1964       36             55569.81        41394.56        96964.37
1960-1964       37             54708.42        38157.63        92866.06
1960-1964       38             53168.75        35085.89        88254.63
1960-1964       39             50721.85        32962.80        83684.65
1960-1964       40             47345.40        31027.35        78372.75
1960-1964       41             43756.02        29228.26        72984.27
1960-1964       42             39823.73        27283.23        67106.96
1960-1964       43             36226.04        25397.05        61623.09
1960-1964       44             34750.72        24668.06        59418.78
1960-1964       45             35446.18        25165.62        60611.80
1960-1964       46             37080.91        26094.10        63175.01
1960-1964       47             39664.10        27691.45        67355.55
1960-1964       48             42689.04        29692.50        72381.53
1960-1964       49             45003.16        31012.76        76015.92
1960-1964       50             46015.85        31433.02        77448.88
1960-1964       51             45992.51        31155.20        77147.71
1960-1964       52             45611.99        30583.17        76195.16
1960-1964       53             45224.99        30169.15        75394.14
1960-1964       54             44629.28        29667.09        74296.37
1960-1964       55             43866.35        29005.96        72872.31
1960-1964       56             43536.81        28657.90        72194.72
1960-1964       57             43234.25        28344.53        71578.78
1960-1964       58             42448.90        27462.67        69911.57
1960-1964       59             42152.88        26491.80        68644.68
1960-1964       60             41836.82        25523.86        67360.67
1960-1964       61             40830.01        24226.56        65056.57
1960-1964       62             39457.06        22608.83        62065.89
1960-1964       63             38089.18        21028.49        59117.67
1960-1964       64             36715.19        19638.56        56353.75
1960-1964       65             35109.19        18189.35        53298.53
1960-1964       66             33717.56        16857.56        50575.12
1960-1964       67             32637.97        15823.79        48461.76
1960-1964       68             31507.76        14952.88        46460.63
1960-1964       69             30167.34        14192.45        44359.78
1960-1964       70             28952.11        13487.30        42439.41
1960-1964       71             27906.62        12844.63        40751.25
1960-1964       72             26411.37        12008.92        38420.28
1960-1964       73             24771.34        11015.82        35787.16
1960-1964       74             23418.22        10054.27        33472.49
1960-1964       75             21942.65         9112.49        31055.15
1960-1964       76             20216.28         8214.98        28431.26
1960-1964       77             18604.25         7384.53        25988.78
1960-1964       78             16847.48         6516.12        23363.60
1960-1964       79             14937.19         5659.40        20596.59
1960-1964       80             13099.93         4904.61        18004.54
1960-1964       81             11518.20         4188.66        15706.85
1960-1964       82             10062.49         3552.90        13615.39
1960-1964       83              8682.43         2959.35        11641.78
1960-1964       84              7346.02         2422.15         9768.17
1960-1964       85              6100.74         1978.55         8079.30
1960-1964       86              4976.34         1605.36         6581.69
1960-1964       87              3953.61         1249.48         5203.10
1960-1964       88              3084.27          944.36         4028.63
1960-1964       89              2390.34          691.92         3082.26
1960-1964       90              1776.18          474.13         2250.31
1960-1964       91              1252.34          325.83         1578.17
1960-1964       92               886.61          227.44         1114.04
1960-1964       93               621.71          147.88          769.58
1960-1964       94               422.99           97.39          520.38
1960-1964       95               297.79           64.29          362.09
1960-1964       96               209.15           36.75          245.90
1960-1964       97               137.49           21.26          158.74
1960-1964       98                85.40           13.79           99.18
1960-1964       99                51.00            7.37           58.38
1960-1964      100                27.12            2.81           29.92
1960-1964      101                12.74            1.39           14.14
1960-1964      102                 3.81            0.11            3.92
1960-1964      103                 0.44            0.00            0.44
1960-1964      104                 0.00            0.00            0.00
1960-1964      105                 0.00            0.00            0.00
1960-1964      106                 0.00            0.00            0.00
1960-1964      107                 0.00            0.00            0.00
1960-1964      108                 0.00            0.00            0.00
1960-1964      109                 0.00            0.00            0.00
1960-1964      110+                0.00            0.00            0.00
1965-1969        0             46252.89        48584.10        94836.99
1965-1969        1             46158.41        48539.52        94697.93
1965-1969        2             46375.25        49000.37        95375.62
1965-1969        3             47301.13        50075.08        97376.21
1965-1969        4             48361.70        50985.62        99347.32
1965-1969        5             49051.58        51513.62       100565.19
1965-1969        6             49643.79        51974.33       101618.12
1965-1969        7             49706.13        51895.40       101601.53
1965-1969        8             49258.60        51335.29       100593.89
1965-1969        9             49045.18        51149.23       100194.41
1965-1969       10             48945.21        50978.37        99923.58
1965-1969       11             48453.30        50351.03        98804.33
1965-1969       12             48225.91        50031.34        98257.25
1965-1969       13             48108.39        50356.12        98464.50
1965-1969       14             47687.07        50988.28        98675.35
1965-1969       15             47430.23        51998.74        99428.97
1965-1969       16             47877.84        53687.77       101565.61
1965-1969       17             48212.25        54905.27       103117.52
1965-1969       18             48085.02        54692.75       102777.76
1965-1969       19             47187.22        52700.95        99888.16
1965-1969       20             45208.22        49196.93        94405.15
1965-1969       21             42872.06        45415.62        88287.68
1965-1969       22             41476.03        43317.55        84793.58
1965-1969       23             42094.09        43511.59        85605.68
1965-1969       24             44212.08        45350.67        89562.75
1965-1969       25             47077.67        48076.87        95154.54
1965-1969       26             50600.97        51480.77       102081.74
1965-1969       27             53591.38        54448.60       108039.98
1965-1969       28             54666.04        55123.24       109789.28
1965-1969       29             54571.38        54399.97       108971.35
1965-1969       30             53872.23        53278.58       107150.81
1965-1969       31             52622.48        51452.65       104075.13
1965-1969       32             51942.83        49993.98       101936.81
1965-1969       33             51882.33        49467.07       101349.39
1965-1969       34             52738.89        49923.65       102662.54
1965-1969       35             54158.87        50809.59       104968.46
1965-1969       36             55927.96        51802.59       107730.55
1965-1969       37             56851.42        52090.91       108942.33
1965-1969       38             56922.83        51048.97       107971.80
1965-1969       39             56763.99        48621.34       105385.33
1965-1969       40             56253.00        45517.31       101770.31
1965-1969       41             55543.33        42445.42        97988.75
1965-1969       42             54517.85        38942.24        93460.10
1965-1969       43             52862.68        35609.29        88471.97
1965-1969       44             50361.82        33344.17        83705.99
1965-1969       45             46861.10        31187.09        78048.19
1965-1969       46             43274.53        29230.74        72505.27
1965-1969       47             39393.24        27175.54        66568.78
1965-1969       48             35745.23        25146.54        60891.77
1965-1969       49             34317.54        24317.18        58634.72
1965-1969       50             35168.77        24782.51        59951.28
1965-1969       51             36841.34        25599.55        62440.89
1965-1969       52             39469.46        27043.78        66513.24
1965-1969       53             42605.02        28929.12        71534.14
1965-1969       54             44951.16        30071.19        75022.35
1965-1969       55             45865.79        30182.61        76048.40
1965-1969       56             45749.18        29657.62        75406.80
1965-1969       57             45330.36        28956.86        74287.21
1965-1969       58             44900.69        28343.81        73244.51
1965-1969       59             44276.59        27661.00        71937.59
1965-1969       60             43414.42        26896.44        70310.86
1965-1969       61             42864.61        26393.21        69257.81
1965-1969       62             42241.10        25852.63        68093.74
1965-1969       63             41151.67        24798.30        65949.97
1965-1969       64             40493.03        23676.88        64169.91
1965-1969       65             39791.43        22501.50        62292.93
1965-1969       66             38553.97        21000.11        59554.08
1965-1969       67             36960.20        19242.43        56202.63
1965-1969       68             35310.79        17542.41        52853.20
1965-1969       69             33630.51        16085.63        49716.13
1965-1969       70             31730.02        14712.56        46442.58
1965-1969       71             30013.25        13396.22        43409.47
1965-1969       72             28534.09        12258.45        40792.54
1965-1969       73             26982.36        11329.33        38311.69
1965-1969       74             25320.38        10558.90        35879.28
1965-1969       75             23763.65         9744.14        33507.79
1965-1969       76             22348.84         8964.90        31313.74
1965-1969       77             20606.53         8111.33        28717.86
1965-1969       78             18728.96         7173.92        25902.89
1965-1969       79             17087.17         6301.30        23388.47
1965-1969       80             15568.30         5538.00        21106.29
1965-1969       81             13700.85         4768.35        18469.20
1965-1969       82             11883.38         4038.73        15922.12
1965-1969       83             10127.86         3375.62        13503.47
1965-1969       84              8544.37         2790.30        11334.67
1965-1969       85              7152.63         2236.41         9389.04
1965-1969       86              5898.02         1744.07         7642.09
1965-1969       87              4797.93         1364.70         6162.63
1965-1969       88              3820.33         1049.83         4870.15
1965-1969       89              2938.21          784.88         3723.09
1965-1969       90              2199.50          603.72         2803.22
1965-1969       91              1622.89          462.25         2085.15
1965-1969       92              1163.77          327.47         1491.24
1965-1969       93               826.26          215.35         1041.61
1965-1969       94               591.06          132.92          723.98
1965-1969       95               400.46           75.33          475.79
1965-1969       96               249.85           41.17          291.02
1965-1969       97               153.60           24.52          178.11
1965-1969       98                99.23           16.09          115.32
1965-1969       99                66.44            9.90           76.33
1965-1969      100                41.51            3.73           45.24
1965-1969      101                23.55            0.17           23.72
1965-1969      102                12.76            0.00           12.76
1965-1969      103                 5.81            0.00            5.81
1965-1969      104                 1.85            0.00            1.85
1965-1969      105                 0.28            0.00            0.28
1965-1969      106                 0.00            0.00            0.00
1965-1969      107                 0.00            0.00            0.00
1965-1969      108                 0.00            0.00            0.00
1965-1969      109                 0.00            0.00            0.00
1965-1969      110+                0.00            0.00            0.00
1970-1974        0             51846.02        54480.94       106326.97
1970-1974        1             51193.12        53695.04       104888.16
1970-1974        2             50576.41        52868.52       103444.93
1970-1974        3             49381.63        51398.44       100780.07
1970-1974        4             48204.63        50132.27        98336.90
1970-1974        5             47541.60        49594.99        97136.59
1970-1974        6             47361.68        49472.49        96834.18
1970-1974        7             47548.02        49832.15        97380.16
1970-1974        8             48484.92        50938.19        99423.10
1970-1974        9             49462.37        51816.08       101278.46
1970-1974       10             50098.73        52474.87       102573.60
1970-1974       11             50618.06        53299.90       103917.95
1970-1974       12             50725.60        53684.59       104410.18
1970-1974       13             50415.75        53684.80       104100.55
1970-1974       14             50392.68        53903.43       104296.11
1970-1974       15             50598.16        53682.85       104281.01
1970-1974       16             50381.63        52997.90       103379.53
1970-1974       17             50428.43        52975.80       103404.23
1970-1974       18             50735.91        53972.37       104708.28
1970-1974       19             50645.98        55127.28       105773.26
1970-1974       20             50666.81        56393.87       107060.68
1970-1974       21             51270.88        57676.30       108947.17
1970-1974       22             51628.00        57811.04       109439.04
1970-1974       23             51329.61        56619.71       107949.32
1970-1974       24             50111.60        54085.08       104196.68
1970-1974       25             47789.08        50270.90        98059.99
1970-1974       26             45101.41        46536.89        91638.30
1970-1974       27             43477.32        44439.30        87916.61
1970-1974       28             44146.24        44823.90        88970.14
1970-1974       29             46350.53        46931.21        93281.74
1970-1974       30             49384.41        49811.96        99196.37
1970-1974       31             52889.35        52979.33       105868.68
1970-1974       32             55790.96        55478.74       111269.70
1970-1974       33             56611.86        55742.53       112354.39
1970-1974       34             56152.55        54770.40       110922.95
1970-1974       35             55206.33        53477.23       108683.56
1970-1974       36             53643.40        51438.84       105082.24
1970-1974       37             52651.05        49926.33       102577.37
1970-1974       38             52460.75        49485.20       101945.95
1970-1974       39             53098.05        49793.86       102891.91
1970-1974       40             54451.94        50607.39       105059.33
1970-1974       41             55981.99        51471.89       107453.88
1970-1974       42             56766.60        51812.66       108579.27
1970-1974       43             56766.43        50814.68       107581.11
1970-1974       44             56450.35        48173.05       104623.40
1970-1974       45             55969.99        44974.37       100944.36
1970-1974       46             55194.14        41833.19        97027.33
1970-1974       47             54010.53        38222.02        92232.54
1970-1974       48             52455.69        34984.31        87440.00
1970-1974       49             49849.69        32599.68        82449.36
1970-1974       50             46394.20        30357.63        76751.82
1970-1974       51             42897.18        28394.93        71292.11
1970-1974       52             38998.46        26295.75        65294.21
1970-1974       53             35287.84        24175.66        59463.49
1970-1974       54             33803.35        23263.15        57066.50
1970-1974       55             34768.15        23695.80        58463.95
1970-1974       56             36441.12        24355.23        60796.35
1970-1974       57             38935.78        25524.67        64460.45
1970-1974       58             41999.20        27183.24        69182.44
1970-1974       59             44100.83        27998.87        72099.70
1970-1974       60             44894.86        27846.14        72741.00
1970-1974       61             44658.07        27135.71        71793.77
1970-1974       62             44178.19        26270.65        70448.84
1970-1974       63             43624.25        25435.24        69059.49
1970-1974       64             42649.54        24480.95        67130.49
1970-1974       65             41465.80        23474.29        64940.08
1970-1974       66             40503.65        22697.05        63200.70
1970-1974       67             39494.80        21949.45        61444.24
1970-1974       68             38271.40        20810.36        59081.76
1970-1974       69             37207.23        19435.88        56643.11
1970-1974       70             36088.73        18030.94        54119.67
1970-1974       71             34488.56        16442.33        50930.90
1970-1974       72             32575.30        14752.73        47328.03
1970-1974       73             30591.39        13151.08        43742.48
1970-1974       74             28473.71        11751.61        40225.32
1970-1974       75             26233.87        10461.88        36695.75
1970-1974       76             24120.45         9235.79        33356.24
1970-1974       77             22196.84         8187.58        30384.42
1970-1974       78             20423.03         7344.43        27767.46
1970-1974       79             18517.39         6558.02        25075.41
1970-1974       80             17143.21         5897.64        23040.84
1970-1974       81             15363.12         5134.97        20498.09
1970-1974       82             13487.56         4419.80        17907.36
1970-1974       83             11665.69         3741.40        15407.09
1970-1974       84             10018.62         3105.06        13123.68
1970-1974       85              8453.36         2543.52        10996.88
1970-1974       86              6967.31         2059.27         9026.58
1970-1974       87              5623.28         1619.61         7242.89
1970-1974       88              4456.03         1260.39         5716.42
1970-1974       89              3495.99          955.54         4451.53
1970-1974       90              2692.00          697.52         3389.52
1970-1974       91              2013.30          488.86         2502.16
1970-1974       92              1471.25          335.27         1806.52
1970-1974       93              1031.48          239.83         1271.31
1970-1974       94               697.77          173.53          871.29
1970-1974       95               468.85          120.90          589.75
1970-1974       96               315.45           75.45          390.90
1970-1974       97               205.50           46.34          251.84
1970-1974       98               136.21           29.12          165.33
1970-1974       99                92.48           17.44          109.92
1970-1974      100                54.74            9.34           64.08
1970-1974      101                29.77            3.10           32.87
1970-1974      102                14.68            0.25           14.93
1970-1974      103                 6.10            0.00            6.10
1970-1974      104                 1.72            0.00            1.72
1970-1974      105                 0.25            0.00            0.25
1970-1974      106                 0.00            0.00            0.00
1970-1974      107                 0.00            0.00            0.00
1970-1974      108                 0.00            0.00            0.00
1970-1974      109                 0.00            0.00            0.00
1970-1974      110+                0.00            0.00            0.00
1975-1979        0             52486.17        55063.97       107550.14
1975-1979        1             52696.23        54975.20       107671.43
1975-1979        2             52823.16        55086.52       107909.68
1975-1979        3             53107.34        55426.11       108533.45
1975-1979        4             53161.37        55515.72       108677.09
1975-1979        5             53078.75        55333.86       108412.61
1975-1979        6             52628.41        54929.37       107557.79
1975-1979        7             51797.49        53933.43       105730.92
1975-1979        8             50439.87        52268.75       102708.62
1975-1979        9             49157.23        50857.34       100014.57
1975-1979       10             48195.88        49976.68        98172.55
1975-1979       11             47747.13        49463.23        97210.35
1975-1979       12             47876.11        49820.01        97696.12
1975-1979       13             48699.21        50981.18        99680.39
1975-1979       14             49602.29        52217.97       101820.26
1975-1979       15             50238.01        53769.39       104007.41
1975-1979       16             50987.51        55492.51       106480.01
1975-1979       17             51503.31        56531.95       108035.25
1975-1979       18             51762.11        57373.40       109135.50
1975-1979       19             52559.62        58264.19       110823.81
1975-1979       20             53674.17        58350.70       112024.87
1975-1979       21             54177.50        58121.17       112298.67
1975-1979       22             54886.18        58603.98       113490.16
1975-1979       23             55697.96        59302.53       115000.49
1975-1979       24             55745.72        59424.48       115170.19
1975-1979       25             55644.21        59290.71       114934.92
1975-1979       26             56003.67        59064.35       115068.02
1975-1979       27             55894.81        58006.38       113901.18
1975-1979       28             54988.44        56283.95       111272.39
1975-1979       29             53141.99        53542.59       106684.57
1975-1979       30             50175.77        49809.21        99984.97
1975-1979       31             46864.10        46188.49        93052.59
1975-1979       32             44752.39        44012.77        88765.16
1975-1979       33             45052.61        44166.65        89219.26
1975-1979       34             47084.35        46062.39        93146.74
1975-1979       35             49961.10        48718.75        98679.85
1975-1979       36             53435.58        51763.74       105199.33
1975-1979       37             56416.40        54144.51       110560.91
1975-1979       38             57223.89        54356.39       111580.28
1975-1979       39             56704.90        53449.17       110154.07
1975-1979       40             55709.48        52162.19       107871.67
1975-1979       41             53988.06        50099.15       104087.20
1975-1979       42             52843.89        48631.29       101475.18
1975-1979       43             52447.11        48094.66       100541.77
1975-1979       44             52919.79        48261.72       101181.51
1975-1979       45             54096.62        48938.17       103034.79
1975-1979       46             55476.96        49586.50       105063.46
1975-1979       47             56160.23        49744.99       105905.22
1975-1979       48             56082.63        48622.50       104705.13
1975-1979       49             55785.17        46001.67       101786.85
1975-1979       50             55290.26        42897.64        98187.90
1975-1979       51             54422.60        39708.36        94130.96
1975-1979       52             53296.52        36193.26        89489.77
1975-1979       53             51824.90        33076.23        84901.13
1975-1979       54             49220.41        30676.83        79897.24
1975-1979       55             45822.50        28439.83        74262.33
1975-1979       56             42365.84        26535.45        68901.29
1975-1979       57             38393.02        24433.08        62826.10
1975-1979       58             34625.23        22274.24        56899.47
1975-1979       59             33086.23        21329.24        54415.47
1975-1979       60             33919.92        21651.72        55571.64
1975-1979       61             35376.07        22113.36        57489.43
1975-1979       62             37624.26        23033.48        60657.74
1975-1979       63             40358.26        24384.97        64743.23
1975-1979       64             42161.47        24855.98        67017.45
1975-1979       65             42652.59        24383.55        67036.14
1975-1979       66             42170.80        23408.95        65579.76
1975-1979       67             41383.70        22308.59        63692.29
1975-1979       68             40298.12        21214.07        61512.19
1975-1979       69             38870.29        20039.61        58909.90
1975-1979       70             37358.23        18880.32        56238.55
1975-1979       71             35957.60        17898.67        53856.27
1975-1979       72             34561.59        16908.17        51469.76
1975-1979       73             33011.81        15624.75        48636.56
1975-1979       74             31558.83        14208.80        45767.63
1975-1979       75             29949.67        12859.81        42809.47
1975-1979       76             27898.83        11372.97        39271.80
1975-1979       77             25607.99         9778.38        35386.36
1975-1979       78             23235.92         8356.36        31592.28
1975-1979       79             20824.83         7165.64        27990.47
1975-1979       80             18752.38         6209.55        24961.93
1975-1979       81             16509.93         5258.15        21768.08
1975-1979       82             14501.74         4437.44        18939.18
1975-1979       83             12684.73         3780.85        16465.58
1975-1979       84             10945.72         3199.00        14144.72
1975-1979       85              9373.86         2660.07        12033.93
1975-1979       86              7935.37         2168.36        10103.73
1975-1979       87              6540.03         1745.89         8285.91
1975-1979       88              5284.76         1380.55         6665.30
1975-1979       89              4160.80         1044.79         5205.59
1975-1979       90              3201.36          770.24         3971.60
1975-1979       91              2430.95          573.57         3004.52
1975-1979       92              1782.89          423.73         2206.62
1975-1979       93              1282.98          300.50         1583.48
1975-1979       94               916.15          204.24         1120.39
1975-1979       95               640.90          134.78          775.67
1975-1979       96               443.16           89.40          532.56
1975-1979       97               294.24           58.30          352.53
1975-1979       98               181.61           37.00          218.61
1975-1979       99               111.49           27.65          139.14
1975-1979      100                67.12           19.83           86.95
1975-1979      101                38.11           10.42           48.53
1975-1979      102                20.16            5.14           25.29
1975-1979      103                 9.46            2.68           12.14
1975-1979      104                 3.46            1.28            4.74
1975-1979      105                 0.49            0.38            0.87
1975-1979      106                 0.00            0.00            0.00
1975-1979      107                 0.00            0.00            0.00
1975-1979      108                 0.00            0.00            0.00
1975-1979      109                 0.00            0.00            0.00
1975-1979      110+                0.00            0.00            0.00
1980-1984        0             55743.78        58615.28       114359.05
1980-1984        1             54595.06        57266.71       111861.77
1980-1984        2             53980.31        56481.41       110461.73
1980-1984        3             53810.28        56122.16       109932.43
1980-1984        4             53777.04        55887.17       109664.21
1980-1984        5             53859.01        55879.03       109738.04
1980-1984        6             53835.32        55845.63       109680.95
1980-1984        7             53761.67        55818.19       109579.86
1980-1984        8             53845.48        56003.51       109848.99
1980-1984        9             53710.16        56001.57       109711.73
1980-1984       10             53575.13        56151.97       109727.09
1980-1984       11             53028.91        56193.44       109222.35
1980-1984       12             51973.30        55410.02       107383.32
1980-1984       13             50537.85        53973.94       104511.79
1980-1984       14             49404.57        52696.00       102100.57
1980-1984       15             48755.41        51422.08       100177.49
1980-1984       16             48712.24        50710.18        99422.42
1980-1984       17             49243.64        51351.17       100594.82
1980-1984       18             50522.40        52822.92       103345.32
1980-1984       19             51868.96        54523.85       106392.81
1980-1984       20             52914.53        56561.96       109476.49
1980-1984       21             54178.50        58413.02       112591.52
1980-1984       22             55109.59        59175.02       114284.61
1980-1984       23             55590.67        59529.60       115120.27
1980-1984       24             56465.84        60133.83       116599.67
1980-1984       25             57494.24        60406.71       117900.95
1980-1984       26             57787.13        60198.55       117985.69
1980-1984       27             58135.90        60203.18       118339.08
1980-1984       28             58521.67        60008.78       118530.45
1980-1984       29             58212.73        59262.28       117475.01
1980-1984       30             57771.66        58419.49       116191.16
1980-1984       31             57794.78        57790.63       115585.41
1980-1984       32             57352.65        56739.19       114091.83
1980-1984       33             56159.23        55122.83       111282.06
1980-1984       34             53987.67        52465.30       106452.97
1980-1984       35             50705.78        48757.63        99463.42
1980-1984       36             47207.58        45147.66        92355.24
1980-1984       37             44910.94        42889.20        87800.14
1980-1984       38             45095.93        42920.02        88015.94
1980-1984       39             47055.56        44638.88        91694.45
1980-1984       40             49874.42        47188.19        97062.61
1980-1984       41             53402.36        50204.99       103607.35
1980-1984       42             56348.77        52462.02       108810.79
1980-1984       43             57040.69        52547.26       109587.95
1980-1984       44             56367.01        51549.09       107916.09
1980-1984       45             55236.12        50158.89       105395.01
1980-1984       46             53468.62        48057.02       101525.64
1980-1984       47             52217.39        46455.23        98672.62
1980-1984       48             51760.71        45760.79        97521.50
1980-1984       49             52181.36        45807.22        97988.58
1980-1984       50             53262.28        46249.46        99511.74
1980-1984       51             54687.36        46738.55       101425.91
1980-1984       52             55310.74        46696.40       102007.14
1980-1984       53             55062.98        45465.06       100528.04
1980-1984       54             54656.00        42884.86        97540.86
1980-1984       55             54020.24        39761.05        93781.29
1980-1984       56             53146.55        36696.56        89843.11
1980-1984       57             52066.39        33345.47        85411.86
1980-1984       58             50530.87        30276.18        80807.05
1980-1984       59             47805.91        27881.55        75687.46
1980-1984       60             44208.98        25656.45        69865.43
1980-1984       61             40658.40        23759.53        64417.92
1980-1984       62             36757.95        21710.12        58468.07
1980-1984       63             33071.91        19611.93        52683.84
1980-1984       64             31469.80        18573.61        50043.41
1980-1984       65             32023.00        18665.80        50688.80
1980-1984       66             33163.39        18867.03        52030.42
1980-1984       67             34994.92        19397.50        54392.42
1980-1984       68             37276.88        20243.86        57520.74
1980-1984       69             38644.09        20228.55        58872.64
1980-1984       70             38604.86        19439.80        58044.67
1980-1984       71             37636.22        18345.09        55981.32
1980-1984       72             36334.18        17095.47        53429.65
1980-1984       73             34748.53        15873.43        50621.96
1980-1984       74             32867.16        14683.69        47550.85
1980-1984       75             30911.94        13439.49        44351.42
1980-1984       76             29125.46        12346.20        41471.66
1980-1984       77             27295.30        11294.62        38589.92
1980-1984       78             25293.10        10045.46        35338.56
1980-1984       79             23363.85         8744.33        32108.19
1980-1984       80             21455.83         7495.01        28950.83
1980-1984       81             19122.93         6261.03        25383.96
1980-1984       82             16743.72         5160.85        21904.56
1980-1984       83             14417.17         4199.06        18616.23
1980-1984       84             12200.43         3393.14        15593.57
1980-1984       85             10120.84         2711.59        12832.42
1980-1984       86              8337.93         2160.85        10498.78
1980-1984       87              6904.60         1707.59         8612.19
1980-1984       88              5712.14         1350.99         7063.13
1980-1984       89              4594.34         1060.27         5654.61
1980-1984       90              3600.61          799.03         4399.64
1980-1984       91              2770.06          592.78         3362.83
1980-1984       92              2081.03          433.47         2514.50
1980-1984       93              1529.96          300.21         1830.17
1980-1984       94              1092.00          206.65         1298.66
1980-1984       95               747.84          144.55          892.39
1980-1984       96               498.50           98.71          597.21
1980-1984       97               336.01           67.03          403.04
1980-1984       98               229.84           43.76          273.60
1980-1984       99               154.21           27.87          182.09
1980-1984      100                97.98           17.38          115.36
1980-1984      101                58.80            9.11           67.91
1980-1984      102                34.06            4.64           38.70
1980-1984      103                18.05            2.50           20.55
1980-1984      104                 8.29            1.73           10.03
1980-1984      105                 2.96            1.43            4.39
1980-1984      106                 0.48            0.76            1.24
1980-1984      107                 0.00            0.06            0.06
1980-1984      108                 0.00            0.00            0.00
1980-1984      109                 0.00            0.00            0.00
1980-1984      110+                0.00            0.00            0.00
1985-1989        0             59135.01        61824.32       120959.33
1985-1989        1             59177.70        61511.14       120688.84
1985-1989        2             58809.99        61067.63       119877.62
1985-1989        3             58322.81        60352.83       118675.64
1985-1989        4             57824.95        59874.80       117699.75
1985-1989        5             56841.55        59052.06       115893.61
1985-1989        6             55870.40        58138.40       114008.80
1985-1989        7             55190.12        57417.11       112607.22
1985-1989        8             54858.90        57052.95       111911.84
1985-1989        9             54645.99        56763.24       111409.24
1985-1989       10             54498.76        56577.19       111075.95
1985-1989       11             54288.52        56300.44       110588.96
1985-1989       12             54122.99        56168.25       110291.24
1985-1989       13             54092.97        56260.20       110353.16
1985-1989       14             53741.22        56371.87       110113.09
1985-1989       15             53412.39        57192.40       110604.79
1985-1989       16             52772.56        57827.82       110600.38
1985-1989       17             51630.70        57168.68       108799.38
1985-1989       18             50476.87        56000.45       106477.32
1985-1989       19             49863.24        54855.82       104719.06
1985-1989       20             49809.07        53366.74       103175.81
1985-1989       21             50406.73        52678.74       103085.47
1985-1989       22             51617.14        53720.37       105337.51
1985-1989       23             53604.58        55666.83       109271.41
1985-1989       24             55565.91        57517.84       113083.75
1985-1989       25             57094.14        59105.89       116200.03
1985-1989       26             58619.87        60404.11       119023.97
1985-1989       27             59609.86        60762.06       120371.92
1985-1989       28             59879.21        60468.82       120348.03
1985-1989       29             60215.75        60446.79       120662.54
1985-1989       30             60607.20        60435.63       121042.83
1985-1989       31             60262.53        59874.89       120137.42
1985-1989       32             59958.48        59320.48       119278.95
1985-1989       33             59757.43        58666.81       118424.24
1985-1989       34             59086.30        57721.28       116807.58
1985-1989       35             58409.94        56819.61       115229.55
1985-1989       36             58163.06        56144.86       114307.92
1985-1989       37             57597.27        55138.93       112736.20
1985-1989       38             56347.84        53573.19       109921.02
1985-1989       39             54046.17        50981.57       105027.73
1985-1989       40             50620.59        47357.20        97977.78
1985-1989       41             47004.42        43755.88        90760.30
1985-1989       42             44624.08        41465.95        86090.03
1985-1989       43             44784.97        41472.37        86257.34
1985-1989       44             46638.00        43078.83        89716.83
1985-1989       45             49390.67        45477.27        94867.94
1985-1989       46             52788.99        48249.51       101038.50
1985-1989       47             55596.51        50251.32       105847.83
1985-1989       48             56183.61        50179.41       106363.02
1985-1989       49             55359.58        48984.72       104344.30
1985-1989       50             54209.93        47478.41       101688.34
1985-1989       51             52390.46        45344.55        97735.01
1985-1989       52             51114.71        43671.86        94786.57
1985-1989       53             50689.02        42831.16        93520.17
1985-1989       54             51080.81        42676.80        93757.61
1985-1989       55             52083.66        42845.03        94928.68
1985-1989       56             53412.55        43038.32        96450.87
1985-1989       57             53916.52        42744.27        96660.79
1985-1989       58             53553.48        41349.64        94903.12
1985-1989       59             53032.92        38791.16        91824.07
1985-1989       60             52272.80        35776.79        88049.59
1985-1989       61             51303.97        32848.14        84152.11
1985-1989       62             49939.54        29594.97        79534.51
1985-1989       63             48082.62        26571.66        74654.27
1985-1989       64             45142.14        24198.45        69340.58
1985-1989       65             41417.42        22003.42        63420.84
1985-1989       66             37764.35        20070.22        57834.57
1985-1989       67             33942.78        18102.33        52045.11
1985-1989       68             30301.43        16113.96        46415.39
1985-1989       69             28519.37        15032.45        43551.82
1985-1989       70             28754.15        14888.89        43643.03
1985-1989       71             29544.31        14792.16        44336.46
1985-1989       72             30734.15        14881.09        45615.24
1985-1989       73             32261.23        15188.50        47449.73
1985-1989       74             32885.04        14815.06        47700.09
1985-1989       75             32251.52        13868.66        46120.18
1985-1989       76             30724.85        12746.59        43471.44
1985-1989       77             28867.99        11516.27        40384.25
1985-1989       78             26767.35        10274.81        37042.16
1985-1989       79             24481.26         9165.85        33647.11
1985-1989       80             22344.96         8142.68        30487.64
1985-1989       81             20175.82         7168.50        27344.33
1985-1989       82             18014.49         6173.81        24188.30
1985-1989       83             15889.25         5162.32        21051.56
1985-1989       84             13835.23         4265.18        18100.41
1985-1989       85             11847.78         3429.41        15277.19
1985-1989       86              9897.31         2651.47        12548.77
1985-1989       87              8004.92         1981.21         9986.13
1985-1989       88              6340.54         1469.19         7809.73
1985-1989       89              4959.62         1108.00         6067.62
1985-1989       90              3869.61          819.16         4688.77
1985-1989       91              2965.95          597.57         3563.51
1985-1989       92              2261.76          431.18         2692.94
1985-1989       93              1681.90          301.20         1983.10
1985-1989       94              1184.55          208.94         1393.49
1985-1989       95               826.63          144.74          971.38
1985-1989       96               573.67          100.55          674.22
1985-1989       97               380.60           69.02          449.62
1985-1989       98               240.23           41.36          281.59
1985-1989       99               157.60           25.16          182.76
1985-1989      100                97.19           13.26          110.44
1985-1989      101                56.86            6.25           63.11
1985-1989      102                32.24            2.36           34.60
1985-1989      103                17.02            0.47           17.49
1985-1989      104                 7.94            0.00            7.94
1985-1989      105                 2.72            0.00            2.72
1985-1989      106                 0.34            0.00            0.34
1985-1989      107                 0.00            0.00            0.00
1985-1989      108                 0.00            0.00            0.00
1985-1989      109                 0.00            0.00            0.00
1985-1989      110+                0.00            0.00            0.00
1990-1994        0             44959.92        47886.42        92846.35
1990-1994        1             49349.71        52290.65       101640.36
1990-1994        2             53032.94        55930.38       108963.32
1990-1994        3             55546.24        58652.52       114198.76
1990-1994        4             56960.18        60024.70       116984.88
1990-1994        5             57467.31        60029.91       117497.21
1990-1994        6             57529.03        59952.84       117481.87
1990-1994        7             57104.85        59454.25       116559.10
1990-1994        8             56563.35        58763.62       115326.97
1990-1994        9             56124.33        58318.83       114443.16
1990-1994       10             55187.91        57579.42       112767.32
1990-1994       11             54291.63        56756.80       111048.43
1990-1994       12             53543.32        56052.64       109595.96
1990-1994       13             53046.63        55533.40       108580.03
1990-1994       14             52682.27        55045.91       107728.18
1990-1994       15             52344.82        54617.97       106962.79
1990-1994       16             52041.00        54252.78       106293.79
1990-1994       17             51605.69        53778.89       105384.58
1990-1994       18             51577.87        53871.04       105448.91
1990-1994       19             51559.20        54226.48       105785.68
1990-1994       20             51654.77        55729.31       107384.07
1990-1994       21             51454.71        56606.90       108061.60
1990-1994       22             51213.70        54633.63       105847.32
1990-1994       23             50593.53        51350.91       101944.44
1990-1994       24             49983.25        50081.75       100064.99
1990-1994       25             49807.65        50353.06       100160.71
1990-1994       26             50307.98        51188.94       101496.92
1990-1994       27             51363.81        52415.43       103779.23
1990-1994       28             53213.68        54133.03       107346.71
1990-1994       29             55116.86        55635.91       110752.78
1990-1994       30             56452.76        56625.55       113078.31
1990-1994       31             57892.08        57442.39       115334.46
1990-1994       32             58653.32        57708.03       116361.34
1990-1994       33             58731.94        57472.70       116204.64
1990-1994       34             58755.34        57275.59       116030.93
1990-1994       35             58802.64        57098.64       115901.28
1990-1994       36             58216.34        56349.91       114566.25
1990-1994       37             57796.40        55656.67       113453.07
1990-1994       38             57533.33        54972.90       112506.23
1990-1994       39             56897.88        54067.79       110965.67
1990-1994       40             56279.51        53221.86       109501.36
1990-1994       41             56193.04        52746.63       108939.67
1990-1994       42             55739.94        51921.62       107661.56
1990-1994       43             54523.28        50491.44       105014.71
1990-1994       44             52368.40        48075.72       100444.12
1990-1994       45             48982.25        44561.06        93543.31
1990-1994       46             45381.99        41040.09        86422.08
1990-1994       47             43107.11        38808.44        81915.55
1990-1994       48             43354.35        38858.53        82212.88
1990-1994       49             45324.35        40495.73        85820.08
1990-1994       50             47951.20        42574.68        90525.88
1990-1994       51             51157.84        44978.58        96136.42
1990-1994       52             53809.73        46625.12       100434.84
1990-1994       53             54216.46        46243.38       100459.84
1990-1994       54             53504.03        44999.70        98503.74
1990-1994       55             52267.63        43449.08        95716.70
1990-1994       56             50362.80        41203.45        91566.24
1990-1994       57             49033.85        39515.94        88549.79
1990-1994       58             48561.94        38587.33        87149.27
1990-1994       59             48849.41        38153.44        87002.85
1990-1994       60             49624.65        38032.32        87656.97
1990-1994       61             50663.65        37800.44        88464.09
1990-1994       62             50937.36        37239.60        88176.96
1990-1994       63             50340.78        35761.31        86102.09
1990-1994       64             49537.23        33165.66        82702.89
1990-1994       65             48539.07        30258.05        78797.12
1990-1994       66             47198.39        27415.93        74614.32
1990-1994       67             45555.94        24285.09        69841.03
1990-1994       68             43469.86        21517.83        64987.69
1990-1994       69             40447.00        19361.28        59808.28
1990-1994       70             36753.40        17305.61        54059.01
1990-1994       71             33080.73        15507.65        48588.38
1990-1994       72             29299.36        13715.91        43015.26
1990-1994       73             25730.09        11890.85        37620.94
1990-1994       74             23786.24        10864.47        34650.71
1990-1994       75             23575.75        10535.01        34110.76
1990-1994       76             23737.83        10152.20        33890.02
1990-1994       77             24168.32        10042.04        34210.36
1990-1994       78             24722.01         9979.40        34701.41
1990-1994       79             24488.46         9356.37        33844.83
1990-1994       80             23088.65         8322.72        31411.37
1990-1994       81             21150.53         7371.33        28521.86
1990-1994       82             19077.51         6406.07        25483.58
1990-1994       83             16922.86         5428.44        22351.30
1990-1994       84             14708.38         4568.35        19276.73
1990-1994       85             12564.11         3768.23        16332.34
1990-1994       86             10616.13         3094.94        13711.07
1990-1994       87              8795.25         2482.29        11277.55
1990-1994       88              7201.77         1897.56         9099.32
1990-1994       89              5812.70         1449.62         7262.32
1990-1994       90              4565.93         1053.90         5619.82
1990-1994       91              3472.73          708.95         4181.68
1990-1994       92              2555.05          467.63         3022.67
1990-1994       93              1804.35          316.95         2121.30
1990-1994       94              1299.21          207.93         1507.14
1990-1994       95               893.12          146.26         1039.38
1990-1994       96               599.99          100.90          700.89
1990-1994       97               400.61           57.06          457.67
1990-1994       98               253.93           36.21          290.14
1990-1994       99               151.52           25.30          176.82
1990-1994      100                84.53           14.98           99.51
1990-1994      101                48.10            7.32           55.42
1990-1994      102                25.68            2.83           28.52
1990-1994      103                12.86            0.62           13.48
1990-1994      104                 5.44            0.04            5.47
1990-1994      105                 1.33            0.00            1.33
1990-1994      106                 0.20            0.00            0.20
1990-1994      107                 0.00            0.00            0.00
1990-1994      108                 0.00            0.00            0.00
1990-1994      109                 0.00            0.00            0.00
1990-1994      110+                0.00            0.00            0.00
1995-1999        0             31023.10        33271.60        64294.70
1995-1999        1             31662.58        33894.29        65556.87
1995-1999        2             33492.43        35778.07        69270.50
1995-1999        3             35806.32        38135.46        73941.78
1995-1999        4             38702.95        41249.84        79952.80
1995-1999        5             42575.37        45552.47        88127.84
1995-1999        6             46555.09        49817.60        96372.68
1995-1999        7             49780.84        53148.27       102929.11
1995-1999        8             51981.24        55615.30       107596.54
1995-1999        9             53127.34        56698.67       109826.01
1995-1999       10             53431.90        56668.73       110100.63
1995-1999       11             53390.88        56444.35       109835.23
1995-1999       12             52943.05        55869.95       108813.01
1995-1999       13             52464.59        55265.31       107729.90
1995-1999       14             51995.80        54921.40       106917.20
1995-1999       15             51012.13        54020.39       105032.52
1995-1999       16             49881.51        53006.56       102888.07
1995-1999       17             48880.37        52033.19       100913.56
1995-1999       18             48221.14        51245.48        99466.62
1995-1999       19             47838.61        50626.68        98465.29
1995-1999       20             47723.83        50060.45        97784.27
1995-1999       21             47652.67        49628.77        97281.44
1995-1999       22             47674.41        49492.57        97166.97
1995-1999       23             47979.64        49687.02        97666.66
1995-1999       24             48205.93        49727.82        97933.75
1995-1999       25             48569.01        49614.91        98183.92
1995-1999       26             48637.65        49253.58        97891.24
1995-1999       27             48358.02        48462.55        96820.57
1995-1999       28             47586.91        47295.09        94882.00
1995-1999       29             46831.82        46373.53        93205.35
1995-1999       30             46532.80        46020.31        92553.10
1995-1999       31             46815.69        46103.86        92919.56
1995-1999       32             47623.01        46843.64        94466.65
1995-1999       33             49230.25        48248.96        97479.21
1995-1999       34             50870.17        49453.98       100324.15
1995-1999       35             52103.54        50410.34       102513.88
1995-1999       36             53267.96        51227.16       104495.12
1995-1999       37             53970.80        51448.08       105418.88
1995-1999       38             53879.33        51152.69       105032.03
1995-1999       39             53819.46        50943.22       104762.67
1995-1999       40             53847.86        50586.07       104433.93
1995-1999       41             53339.54        49801.62       103141.16
1995-1999       42             53020.35        49252.94       102273.29
1995-1999       43             52970.12        48745.56       101715.68
1995-1999       44             52503.11        47991.04       100494.15
1995-1999       45             52027.54        47338.19        99365.73
1995-1999       46             52115.35        47005.38        99120.73
1995-1999       47             51784.93        46236.73        98021.66
1995-1999       48             50775.80        44885.10        95660.90
1995-1999       49             48855.50        42696.40        91551.90
1995-1999       50             45817.39        39591.41        85408.81
1995-1999       51             42675.61        36655.49        79331.09
1995-1999       52             40725.69        34743.62        75469.31
1995-1999       53             41004.58        34767.16        75771.74
1995-1999       54             42786.40        35996.85        78783.25
1995-1999       55             45213.35        37595.26        82808.61
1995-1999       56             48176.56        39468.25        87644.81
1995-1999       57             50623.42        40560.85        91184.27
1995-1999       58             50981.26        40065.01        91046.26
1995-1999       59             50136.29        38877.29        89013.59
1995-1999       60             48912.48        37283.27        86195.74
1995-1999       61             47025.09        35267.42        82292.51
1995-1999       62             45603.06        33603.25        79206.30
1995-1999       63             44956.14        32498.69        77454.83
1995-1999       64             45010.05        31845.92        76855.97
1995-1999       65             45441.82        31344.09        76785.91
1995-1999       66             46100.32        30748.51        76848.83
1995-1999       67             45954.75        29883.45        75838.20
1995-1999       68             45059.76        28262.38        73322.13
1995-1999       69             43947.58        25817.46        69765.05
1995-1999       70             42588.23        23096.55        65684.78
1995-1999       71             40997.28        20645.87        61643.15
1995-1999       72             39050.51        18028.12        57078.63
1995-1999       73             36811.81        15657.10        52468.91
1995-1999       74             33727.45        13829.48        47556.93
1995-1999       75             29993.57        12131.10        42124.67
1995-1999       76             26426.32        10644.75        37071.07
1995-1999       77             22940.27         9056.17        31996.44
1995-1999       78             19622.64         7577.43        27200.07
1995-1999       79             17739.64         6704.98        24444.63
1995-1999       80             17098.44         6229.86        23328.29
1995-1999       81             16662.25         5824.09        22486.35
1995-1999       82             16299.03         5474.42        21773.45
1995-1999       83             15912.47         5207.32        21119.80
1995-1999       84             14974.01         4644.13        19618.14
1995-1999       85             13391.11         3976.58        17367.69
1995-1999       86             11538.94         3306.42        14845.36
1995-1999       87              9742.92         2672.37        12415.29
1995-1999       88              8005.74         2072.95        10078.68
1995-1999       89              6414.13         1589.97         8004.09
1995-1999       90              4993.18         1208.27         6201.45
1995-1999       91              3798.54          910.27         4708.81
1995-1999       92              2860.44          654.21         3514.65
1995-1999       93              2118.75          454.54         2573.28
1995-1999       94              1504.83          304.00         1808.83
1995-1999       95              1019.03          182.91         1201.94
1995-1999       96               682.31          105.42          787.73
1995-1999       97               438.34           70.61          508.95
1995-1999       98               268.24           45.11          313.35
1995-1999       99               162.71           29.50          192.21
1995-1999      100                89.57           18.75          108.32
1995-1999      101                47.86            8.58           56.45
1995-1999      102                24.08            2.87           26.95
1995-1999      103                10.59            0.34           10.93
1995-1999      104                 3.42            0.00            3.42
1995-1999      105                 0.52            0.00            0.52
1995-1999      106                 0.00            0.00            0.00
1995-1999      107                 0.00            0.00            0.00
1995-1999      108                 0.00            0.00            0.00
1995-1999      109                 0.00            0.00            0.00
1995-1999      110+                0.00            0.00            0.00
2000-2004        0             31785.23        33462.19        65247.42
2000-2004        1             30956.57        32674.76        63631.33
2000-2004        2             30329.57        32235.55        62565.13
2000-2004        3             30149.47        32148.22        62297.70
2000-2004        4             30309.72        32187.45        62497.17
2000-2004        5             30705.48        32399.58        63105.06
2000-2004        6             31535.08        33302.11        64837.19
2000-2004        7             33345.13        35262.06        68607.19
2000-2004        8             35469.82        37501.21        72971.03
2000-2004        9             38060.10        40376.72        78436.82
2000-2004       10             41384.16        44265.96        85650.13
2000-2004       11             44819.12        48019.96        92839.08
2000-2004       12             47451.19        50890.68        98341.87
2000-2004       13             49198.45        52970.24       102168.70
2000-2004       14             49999.49        53845.41       103844.90
2000-2004       15             50043.98        53650.76       103694.74
2000-2004       16             49934.14        53326.01       103260.15
2000-2004       17             49597.51        52774.58       102372.09
2000-2004       18             49278.91        52217.98       101496.89
2000-2004       19             49070.88        51982.55       101053.43
2000-2004       20             48606.04        51451.84       100057.88
2000-2004       21             47930.24        50736.21        98666.45
2000-2004       22             47424.09        50187.96        97612.05
2000-2004       23             47276.10        49919.46        97195.57
2000-2004       24             47217.27        49722.07        96939.34
2000-2004       25             47283.80        49691.61        96975.41
2000-2004       26             47342.21        49642.99        96985.20
2000-2004       27             47459.23        49627.49        97086.72
2000-2004       28             47901.78        49842.27        97744.05
2000-2004       29             48231.78        49924.02        98155.80
2000-2004       30             48569.17        49941.44        98510.61
2000-2004       31             48580.29        49622.82        98203.11
2000-2004       32             48160.90        48694.11        96855.01
2000-2004       33             47245.37        47274.93        94520.31
2000-2004       34             46449.77        46162.59        92612.36
2000-2004       35             46058.18        45581.18        91639.37
2000-2004       36             46136.75        45525.27        91662.02
2000-2004       37             46856.08        46094.91        92950.99
2000-2004       38             48331.80        47333.37        95665.17
2000-2004       39             49840.32        48418.69        98259.02
2000-2004       40             50970.67        49186.00       100156.67
2000-2004       41             51988.31        49803.57       101791.88
2000-2004       42             52516.32        49794.17       102310.48
2000-2004       43             52419.94        49205.04       101624.98
2000-2004       44             52349.40        48739.18       101088.57
2000-2004       45             52313.32        48156.85       100470.17
2000-2004       46             51807.17        47084.58        98891.75
2000-2004       47             51485.34        46318.57        97803.91
2000-2004       48             51341.50        45754.38        97095.89
2000-2004       49             50912.33        44856.13        95768.46
2000-2004       50             50533.84        44056.79        94590.63
2000-2004       51             50599.51        43556.23        94155.73
2000-2004       52             50348.34        42755.49        93103.83
2000-2004       53             49438.17        41404.02        90842.19
2000-2004       54             47502.18        39212.27        86714.45
2000-2004       55             44511.66        36299.53        80811.19
2000-2004       56             41366.68        33378.11        74744.79
2000-2004       57             39385.33        31506.15        70891.48
2000-2004       58             39530.99        31208.37        70739.36
2000-2004       59             41159.51        32054.18        73213.69
2000-2004       60             43458.33        33271.97        76730.31
2000-2004       61             46138.67        34483.48        80622.15
2000-2004       62             48318.01        35083.39        83401.39
2000-2004       63             48471.68        34324.10        82795.79
2000-2004       64             47555.83        32915.70        80471.53
2000-2004       65             46182.17        31206.15        77388.32
2000-2004       66             44132.84        29118.46        73251.30
2000-2004       67             42500.67        27397.49        69898.16
2000-2004       68             41546.17        26135.10        67681.26
2000-2004       69             41223.00        25219.44        66442.44
2000-2004       70             41262.00        24532.18        65794.18
2000-2004       71             41416.32        23771.58        65187.91
2000-2004       72             40792.00        22727.46        63519.45
2000-2004       73             39487.50        21029.95        60517.45
2000-2004       74             38014.65        18760.71        56775.36
2000-2004       75             36227.83        16419.86        52647.69
2000-2004       76             34186.96        14328.43        48515.39
2000-2004       77             31905.34        12247.02        44152.36
2000-2004       78             29328.67        10411.02        39739.69
2000-2004       79             26230.32         8917.38        35147.70
2000-2004       80             22554.22         7468.81        30023.02
2000-2004       81             19255.28         6280.71        25535.99
2000-2004       82             16105.78         5125.34        21231.12
2000-2004       83             13258.69         4123.15        17381.84
2000-2004       84             11427.56         3494.13        14921.69
2000-2004       85             10451.95         3127.11        13579.06
2000-2004       86              9587.19         2783.39        12370.57
2000-2004       87              8828.06         2484.17        11312.23
2000-2004       88              8071.09         2218.25        10289.34
2000-2004       89              7055.53         1843.37         8898.89
2000-2004       90              5856.34         1422.13         7278.47
2000-2004       91              4611.58         1052.09         5663.67
2000-2004       92              3497.54          771.69         4269.23
2000-2004       93              2608.35          563.41         3171.76
2000-2004       94              1907.15          388.24         2295.39
2000-2004       95              1345.17          257.73         1602.90
2000-2004       96               887.26          164.29         1051.55
2000-2004       97               603.91           99.96          703.87
2000-2004       98               378.51           61.24          439.75
2000-2004       99               229.38           41.80          271.18
2000-2004      100               141.57           23.62          165.19
2000-2004      101                80.85           10.70           91.55
2000-2004      102                42.94            4.64           47.57
2000-2004      103                21.07            1.28           22.35
2000-2004      104                 8.93            0.14            9.07
2000-2004      105                 2.39            0.00            2.39
2000-2004      106                 0.10            0.00            0.10
2000-2004      107                 0.00            0.00            0.00
2000-2004      108                 0.00            0.00            0.00
2000-2004      109                 0.00            0.00            0.00
2000-2004      110+                0.00            0.00            0.00
2005-2009        0             36712.69        39095.99        75808.68
2005-2009        1             35607.25        37859.65        73466.90
2005-2009        2             34101.93        36100.06        70201.99
2005-2009        3             32937.14        34715.15        67652.30
2005-2009        4             32013.15        33673.71        65686.85
2005-2009        5             31211.07        32833.94        64045.02
2005-2009        6             30391.03        32114.60        62505.64
2005-2009        7             29758.21        31673.63        61431.83
2005-2009        8             29579.07        31672.90        61251.98
2005-2009        9             29768.98        31632.37        61401.35
2005-2009       10             30142.31        31811.65        61953.96
2005-2009       11             30924.86        32626.15        63551.02
2005-2009       12             32770.61        34537.73        67308.35
2005-2009       13             34875.61        36720.16        71595.77
2005-2009       14             37396.02        39553.76        76949.79
2005-2009       15             40698.23        43370.01        84068.24
2005-2009       16             44038.58        47050.64        91089.22
2005-2009       17             46621.83        49788.01        96409.83
2005-2009       18             48288.34        51732.61       100020.95
2005-2009       19             49064.63        52439.47       101504.10
2005-2009       20             49063.29        52114.02       101177.30
2005-2009       21             48840.82        51658.25       100499.07
2005-2009       22             48429.13        51000.44        99429.56
2005-2009       23             48015.21        50355.66        98370.88
2005-2009       24             47717.98        50063.66        97781.65
2005-2009       25             47030.34        49515.08        96545.41
2005-2009       26             46368.34        48734.19        95102.52
2005-2009       27             45839.11        48253.28        94092.39
2005-2009       28             45642.07        48099.02        93741.09
2005-2009       29             45580.46        47912.26        93492.71
2005-2009       30             45707.58        47893.22        93600.80
2005-2009       31             45862.56        47895.37        93757.93
2005-2009       32             46048.09        47896.57        93944.67
2005-2009       33             46476.40        48151.69        94628.09
2005-2009       34             46828.73        48169.06        94997.79
2005-2009       35             47205.43        48156.48        95361.92
2005-2009       36             47170.89        47827.48        94998.36
2005-2009       37             46797.42        46920.77        93718.19
2005-2009       38             45888.39        45523.84        91412.23
2005-2009       39             45111.93        44361.15        89473.09
2005-2009       40             44774.36        43677.56        88451.92
2005-2009       41             44835.88        43500.68        88336.56
2005-2009       42             45491.21        43961.14        89452.35
2005-2009       43             46925.52        45015.28        91940.80
2005-2009       44             48330.60        46001.09        94331.70
2005-2009       45             49380.05        46586.65        95966.71
2005-2009       46             50389.49        47002.74        97392.23
2005-2009       47             50898.91        46845.98        97744.89
2005-2009       48             50781.09        46164.69        96945.78
2005-2009       49             50708.76        45600.88        96309.64
2005-2009       50             50644.10        44918.65        95562.76
2005-2009       51             50127.00        43840.86        93967.86
2005-2009       52             49764.67        43019.35        92784.01
2005-2009       53             49620.17        42310.83        91931.00
2005-2009       54             49167.50        41373.50        90541.00
2005-2009       55             48880.17        40456.84        89337.01
2005-2009       56             48865.84        39795.32        88661.16
2005-2009       57             48564.67        38811.84        87376.50
2005-2009       58             47579.50        37464.19        85043.69
2005-2009       59             45600.34        35341.69        80942.03
2005-2009       60             42687.00        32518.84        75205.84
2005-2009       61             39594.00        29725.33        69319.33
2005-2009       62             37621.17        27768.49        65389.66
2005-2009       63             37674.50        27304.33        64978.83
2005-2009       64             39132.00        27646.36        66778.36
2005-2009       65             41202.66        28373.81        69576.48
2005-2009       66             43641.33        29031.68        72673.02
2005-2009       67             45474.17        29343.84        74818.00
2005-2009       68             45364.00        28313.16        73677.17
2005-2009       69             44248.83        26835.68        71084.51
2005-2009       70             42741.84        25090.85        67832.69
2005-2009       71             40522.84        23108.84        63631.67
2005-2009       72             38626.00        21439.33        60065.33
2005-2009       73             37358.33        20042.50        57400.83
2005-2009       74             36503.83        18916.69        55420.53
2005-2009       75             36030.33        18078.85        54109.18
2005-2009       76             35632.33        17138.83        52771.16
2005-2009       77             34512.17        15924.16        50436.33
2005-2009       78             32706.82        14343.70        47050.52
2005-2009       79             30724.51        12456.70        43181.20
2005-2009       80             28619.74        10623.28        39243.02
2005-2009       81             26050.94         8950.50        35001.43
2005-2009       82             23356.24         7414.06        30770.29
2005-2009       83             20590.25         6063.61        26653.86
2005-2009       84             17553.14         4941.01        22494.15
2005-2009       85             14514.51         3928.23        18442.74
2005-2009       86             11742.32         3086.19        14828.51
2005-2009       87              9135.04         2372.70        11507.75
2005-2009       88              7021.05         1772.55         8793.60
2005-2009       89              5632.77         1377.22         7009.99
2005-2009       90              4773.49         1149.44         5922.93
2005-2009       91              4036.77          941.17         4977.94
2005-2009       92              3356.69          750.59         4107.29
2005-2009       93              2710.10          588.52         3298.63
2005-2009       94              2077.29          435.21         2512.49
2005-2009       95              1565.74          309.54         1875.28
2005-2009       96              1064.35          216.53         1280.88
2005-2009       97               714.49          125.97          840.46
2005-2009       98               453.27           69.74          523.01
2005-2009       99               295.41           47.83          343.24
2005-2009      100               185.87           28.62          214.49
2005-2009      101               112.92           15.66          128.58
2005-2009      102                66.26            7.64           73.90
2005-2009      103                37.20            3.08           40.28
2005-2009      104                19.14            1.26           20.40
2005-2009      105                 8.40            0.35            8.75
2005-2009      106                 2.61            0.00            2.61
2005-2009      107                 0.23            0.00            0.23
2005-2009      108                 0.00            0.00            0.00
2005-2009      109                 0.00            0.00            0.00
2005-2009      110+                0.00            0.00            0.00
2010-2014        0             35523.29        37402.48        72925.77
2010-2014        1             36656.83        38649.15        75305.98
2010-2014        2             37520.22        39628.00        77148.22
2010-2014        3             37790.52        39938.64        77729.16
2010-2014        4             37285.05        39504.14        76789.19
2010-2014        5             36234.17        38531.84        74766.01
2010-2014        6             34968.72        37134.60        72103.31
2010-2014        7             33435.28        35351.74        68787.03
2010-2014        8             32224.35        33959.22        66183.56
2010-2014        9             31276.82        32941.61        64218.42
2010-2014       10             30467.42        32131.94        62599.35
2010-2014       11             29685.56        31431.59        61117.15
2010-2014       12             29064.46        31036.72        60101.17
2010-2014       13             28892.14        30930.71        59822.85
2010-2014       14             29102.98        30950.98        60053.96
2010-2014       15             29524.20        31169.27        60693.46
2010-2014       16             30412.90        32045.67        62458.57
2010-2014       17             32272.44        34000.90        66273.34
2010-2014       18             34415.97        36239.04        70655.01
2010-2014       19             36880.41        38972.25        75852.66
2010-2014       20             40128.37        42704.93        82833.30
2010-2014       21             43376.82        46240.19        89617.02
2010-2014       22             45797.66        48925.64        94723.30
2010-2014       23             47366.18        50783.10        98149.29
2010-2014       24             47958.92        51477.85        99436.77
2010-2014       25             47795.96        51034.81        98830.77
2010-2014       26             47476.99        50459.95        97936.94
2010-2014       27             46845.08        49652.24        96497.32
2010-2014       28             46266.94        48806.77        95073.72
2010-2014       29             45918.06        48445.10        94363.16
2010-2014       30             45323.97        47807.02        93130.99
2010-2014       31             44700.27        47134.36        91834.63
2010-2014       32             44242.56        46722.51        90965.07
2010-2014       33             44077.54        46616.27        90693.81
2010-2014       34             44145.96        46509.05        90655.01
2010-2014       35             44356.78        46464.32        90821.10
2010-2014       36             44541.37        46482.48        91023.85
2010-2014       37             44787.98        46537.45        91325.43
2010-2014       38             45278.11        46759.15        92037.26
2010-2014       39             45612.64        46823.93        92436.57
2010-2014       40             45971.98        46830.55        92802.53
2010-2014       41             45953.56        46542.77        92496.33
2010-2014       42             45528.69        45595.92        91124.62
2010-2014       43             44655.89        44144.99        88800.89
2010-2014       44             43885.62        42903.79        86789.41
2010-2014       45             43479.43        42147.69        85627.12
2010-2014       46             43594.98        41917.46        85512.44
2010-2014       47             44180.49        42260.09        86440.58
2010-2014       48             45520.68        43199.26        88719.95
2010-2014       49             46970.92        44014.71        90985.63
2010-2014       50             47934.08        44504.02        92438.10
2010-2014       51             48883.25        44739.87        93623.12
2010-2014       52             49355.69        44448.59        93804.28
2010-2014       53             49261.28        43657.76        92919.03
2010-2014       54             49192.64        42896.40        92089.04
2010-2014       55             49115.12        42101.71        91216.83
2010-2014       56             48625.67        40964.17        89589.84
2010-2014       57             48264.67        40030.68        88295.35
2010-2014       58             48091.34        39196.67        87288.01
2010-2014       59             47644.00        38043.35        85687.35
2010-2014       60             47294.00        36961.01        84255.01
2010-2014       61             47281.00        36084.50        83365.50
2010-2014       62             46942.33        34980.84        81923.17
2010-2014       63             45891.33        33520.18        79411.51
2010-2014       64             43772.84        31374.02        75146.85
2010-2014       65             40754.51        28676.51        69431.02
2010-2014       66             37661.00        25935.84        63596.85
2010-2014       67             35643.83        24015.48        59659.32
2010-2014       68             35625.00        23248.18        58873.18
2010-2014       69             36842.50        23388.84        60231.34
2010-2014       70             38649.17        23700.49        62349.66
2010-2014       71             40686.00        24029.50        64715.50
2010-2014       72             42121.83        23852.34        65974.17
2010-2014       73             41703.17        22644.34        64347.50
2010-2014       74             40232.00        21064.67        61296.67
2010-2014       75             38339.67        19309.33        57649.00
2010-2014       76             35901.17        17424.99        53326.16
2010-2014       77             33704.50        15800.50        49505.00
2010-2014       78             31993.17        14440.17        46433.33
2010-2014       79             30662.32        13296.33        43958.65
2010-2014       80             29510.00        12338.08        41848.08
2010-2014       81             28570.81        11250.08        39820.88
2010-2014       82             26910.22        10107.57        37017.79
2010-2014       83             24702.21         8752.03        33454.24
2010-2014       84             22343.79         7258.58        29602.37
2010-2014       85             19754.18         5920.00        25674.17
2010-2014       86             17034.82         4782.33        21817.15
2010-2014       87             14366.17         3761.17        18127.33
2010-2014       88             11890.45         2884.70        14775.15
2010-2014       89              9420.08         2171.35        11591.43
2010-2014       90              7163.08         1603.24         8766.32
2010-2014       91              5288.88         1122.89         6411.76
2010-2014       92              3765.68          750.05         4515.73
2010-2014       93              2652.54          480.22         3132.76
2010-2014       94              1897.98          338.10         2236.08
2010-2014       95              1414.19          267.33         1681.52
2010-2014       96              1044.97          192.61         1237.58
2010-2014       97               780.36          130.74          911.10
2010-2014       98               539.76           88.55          628.31
2010-2014       99               352.63           52.26          404.88
2010-2014      100               225.71           29.84          255.55
2010-2014      101               132.95           17.55          150.50
2010-2014      102                76.02            9.62           85.64
2010-2014      103                42.62            4.59           47.21
2010-2014      104                22.61            1.52           24.14
2010-2014      105                10.89            0.39           11.28
2010-2014      106                 4.25            0.05            4.30
2010-2014      107                 0.62            0.00            0.62
2010-2014      108                 0.00            0.00            0.00
2010-2014      109                 0.00            0.00            0.00
2010-2014      110+                0.00            0.00            0.00
2015-2019        0             33918.94        36235.96        70154.90
2015-2019        1             33985.98        36226.55        70212.53
2015-2019        2             34011.72        36070.39        70082.10
2015-2019        3             34476.27        36372.89        70849.16
2015-2019        4             34950.84        36786.89        71737.73
2015-2019        5             35737.30        37586.38        73323.68
2015-2019        6             36552.95        38450.40        75003.36
2015-2019        7             37265.23        39201.08        76466.31
2015-2019        8             37378.86        39396.26        76775.11
2015-2019        9             36828.94        38903.23        75732.17
2015-2019       10             35761.57        37952.43        73714.00
2015-2019       11             34484.25        36579.92        71064.17
2015-2019       12             33000.74        34833.44        67834.18
2015-2019       13             31805.81        33488.71        65294.53
2015-2019       14             30868.77        32472.06        63340.83
2015-2019       15             30104.99        31682.99        61787.98
2015-2019       16             29432.88        31080.93        60513.82
2015-2019       17             28967.24        30767.30        59734.54
2015-2019       18             28942.91        30736.46        59679.36
2015-2019       19             29351.62        30955.47        60307.09
2015-2019       20             30160.83        31454.10        61614.92
2015-2019       21             31622.59        32930.50        64553.09
2015-2019       22             33659.89        35216.07        68875.96
2015-2019       23             35512.93        37477.40        72990.32
2015-2019       24             37700.49        40258.39        77958.87
2015-2019       25             40503.34        43980.11        84483.44
2015-2019       26             43284.49        47216.72        90501.21
2015-2019       27             45377.60        49752.82        95130.42
2015-2019       28             46794.90        51499.65        98294.55
2015-2019       29             47412.26        52071.41        99483.67
2015-2019       30             47334.89        51738.78        99073.67
2015-2019       31             47088.12        51225.91        98314.04
2015-2019       32             46523.77        50243.29        96767.05
2015-2019       33             46010.05        49416.05        95426.11
2015-2019       34             45666.09        48873.90        94539.99
2015-2019       35             45037.39        48038.27        93075.66
2015-2019       36             44434.45        47287.07        91721.53
2015-2019       37             43937.94        46717.69        90655.63
2015-2019       38             43856.87        46414.19        90271.06
2015-2019       39             43889.45        46317.47        90206.92
2015-2019       40             44052.31        46270.27        90322.59
2015-2019       41             44219.19        46279.10        90498.28
2015-2019       42             44394.12        46208.13        90602.26
2015-2019       43             44732.18        46241.80        90973.98
2015-2019       44             45015.73        46228.41        91244.15
2015-2019       45             45328.65        46169.75        91498.40
2015-2019       46             45214.45        45659.95        90874.40
2015-2019       47             44814.99        44598.42        89413.41
2015-2019       48             43933.17        43104.31        87037.49
2015-2019       49             43158.97        41822.52        84981.49
2015-2019       50             42659.00        40995.33        83654.32
2015-2019       51             42654.19        40606.11        83260.30
2015-2019       52             43185.85        40788.00        83973.85
2015-2019       53             44434.93        41540.21        85975.14
2015-2019       54             45683.73        42038.85        87722.58
2015-2019       55             46604.71        42318.61        88923.32
2015-2019       56             47542.16        42388.07        89930.23
2015-2019       57             47981.09        41944.18        89925.27
2015-2019       58             47872.48        40949.10        88821.59
2015-2019       59             47754.90        40081.31        87836.21
2015-2019       60             47719.46        39272.58        86992.04
2015-2019       61             47198.67        38038.83        85237.50
2015-2019       62             46890.17        37001.67        83891.83
2015-2019       63             46881.67        36115.83        82997.50
2015-2019       64             46629.67        34894.17        81523.83
2015-2019       65             46186.83        33642.17        79829.00
2015-2019       66             45944.00        32500.83        78444.83
2015-2019       67             45307.67        31177.00        76484.67
2015-2019       68             44034.67        29514.00        73548.67
2015-2019       69             41792.00        27329.67        69121.67
2015-2019       70             38638.17        24616.83        63255.00
2015-2019       71             35452.17        21993.00        57445.17
2015-2019       72             33306.00        20110.50        53416.50
2015-2019       73             33032.17        19183.17        52215.33
2015-2019       74             33959.33        18966.83        52926.17
2015-2019       75             35260.33        18934.17        54194.50
2015-2019       76             36760.50        18838.33        55598.83
2015-2019       77             37640.67        18265.33        55906.00
2015-2019       78             36778.00        17036.33        53814.33
2015-2019       79             34920.00        15478.50        50398.50
2015-2019       80             32677.33        13849.33        46526.67
2015-2019       81             29800.00        12168.50        41968.50
2015-2019       82             27199.33        10681.50        37880.83
2015-2019       83             25033.33         9379.33        34412.67
2015-2019       84             23121.17         8312.00        31433.17
2015-2019       85             21407.41         7375.37        28782.79
2015-2019       86             19781.63         6428.35        26209.99
2015-2019       87             17671.64         5449.04        23120.68
2015-2019       88             15280.11         4459.54        19739.65
2015-2019       89             12895.70         3444.37        16340.08
2015-2019       90             10610.62         2613.31        13223.93
2015-2019       91              8407.47         1957.10        10364.57
2015-2019       92              6496.54         1421.07         7917.60
2015-2019       93              4872.73          962.39         5835.12
2015-2019       94              3454.81          629.17         4083.97
2015-2019       95              2346.26          403.50         2749.76
2015-2019       96              1522.15          249.73         1771.89
2015-2019       97               939.21          153.49         1092.69
2015-2019       98               577.13           77.74          654.87
2015-2019       99               362.47           38.64          401.11
2015-2019      100               215.87           21.84          237.71
2015-2019      101               122.08            9.78          131.86
2015-2019      102                66.14            3.31           69.45
2015-2019      103                33.70            0.54           34.24
2015-2019      104                15.40            0.00           15.40
2015-2019      105                 5.99            0.00            5.99
2015-2019      106                 1.61            0.00            1.61
2015-2019      107                 0.11            0.00            0.11
2015-2019      108                 0.00            0.00            0.00
2015-2019      109                 0.00            0.00            0.00
2015-2019      110+                0.00            0.00            0.00
