Portugal, Life tables (period 1x10), Females	Last modified: 14 Nov 2023;  Methods Protocol: v6 (2017)

  Year          Age         mx       qx    ax      lx      dx      Lx       Tx     ex
1940-1949        0      0.12488  0.11503  0.31  100000   11503   92110  5528439  55.28
1940-1949        1      0.04571  0.04469  0.50   88497    3955   86520  5436329  61.43
1940-1949        2      0.01896  0.01879  0.50   84542    1588   83748  5349809  63.28
1940-1949        3      0.00942  0.00937  0.50   82954     778   82565  5266061  63.48
1940-1949        4      0.00602  0.00600  0.50   82176     493   81930  5183496  63.08
1940-1949        5      0.00402  0.00402  0.50   81683     328   81519  5101566  62.46
1940-1949        6      0.00329  0.00328  0.50   81355     267   81222  5020047  61.71
1940-1949        7      0.00273  0.00273  0.50   81088     221   80977  4938826  60.91
1940-1949        8      0.00225  0.00225  0.50   80867     182   80776  4857848  60.07
1940-1949        9      0.00216  0.00216  0.50   80685     174   80598  4777072  59.21
1940-1949       10      0.00186  0.00186  0.50   80511     150   80436  4696474  58.33
1940-1949       11      0.00178  0.00178  0.50   80361     143   80290  4616038  57.44
1940-1949       12      0.00186  0.00186  0.50   80219     149   80144  4535748  56.54
1940-1949       13      0.00205  0.00205  0.50   80070     164   79987  4455604  55.65
1940-1949       14      0.00226  0.00226  0.50   79905     181   79815  4375616  54.76
1940-1949       15      0.00249  0.00248  0.50   79725     198   79626  4295801  53.88
1940-1949       16      0.00287  0.00287  0.50   79527     228   79413  4216175  53.02
1940-1949       17      0.00316  0.00315  0.50   79299     250   79174  4136762  52.17
1940-1949       18      0.00357  0.00356  0.50   79049     282   78908  4057589  51.33
1940-1949       19      0.00362  0.00362  0.50   78767     285   78625  3978681  50.51
1940-1949       20      0.00394  0.00393  0.50   78482     308   78328  3900056  49.69
1940-1949       21      0.00387  0.00387  0.50   78174     302   78023  3821728  48.89
1940-1949       22      0.00423  0.00422  0.50   77872     329   77707  3743706  48.08
1940-1949       23      0.00414  0.00413  0.50   77543     320   77383  3665998  47.28
1940-1949       24      0.00427  0.00426  0.50   77223     329   77058  3588616  46.47
1940-1949       25      0.00423  0.00422  0.50   76894     324   76732  3511557  45.67
1940-1949       26      0.00424  0.00423  0.50   76570     324   76408  3434825  44.86
1940-1949       27      0.00430  0.00429  0.50   76246     327   76082  3358418  44.05
1940-1949       28      0.00445  0.00444  0.50   75919     337   75750  3282335  43.23
1940-1949       29      0.00395  0.00394  0.50   75581     298   75432  3206585  42.43
1940-1949       30      0.00444  0.00443  0.50   75284     333   75117  3131153  41.59
1940-1949       31      0.00381  0.00380  0.50   74950     285   74808  3056036  40.77
1940-1949       32      0.00435  0.00434  0.50   74665     324   74503  2981228  39.93
1940-1949       33      0.00454  0.00453  0.50   74341     337   74172  2906725  39.10
1940-1949       34      0.00438  0.00437  0.50   74004     323   73842  2832553  38.28
1940-1949       35      0.00460  0.00459  0.50   73681     338   73511  2758711  37.44
1940-1949       36      0.00465  0.00464  0.50   73342     341   73172  2685199  36.61
1940-1949       37      0.00459  0.00458  0.50   73002     335   72834  2612027  35.78
1940-1949       38      0.00525  0.00524  0.50   72667     381   72477  2539193  34.94
1940-1949       39      0.00470  0.00469  0.50   72286     339   72117  2466716  34.12
1940-1949       40      0.00556  0.00555  0.50   71947     399   71748  2394600  33.28
1940-1949       41      0.00433  0.00432  0.50   71548     309   71393  2322852  32.47
1940-1949       42      0.00577  0.00575  0.50   71239     410   71034  2251459  31.60
1940-1949       43      0.00516  0.00515  0.50   70829     365   70647  2180425  30.78
1940-1949       44      0.00557  0.00555  0.50   70464     391   70269  2109778  29.94
1940-1949       45      0.00631  0.00629  0.50   70073     441   69853  2039509  29.11
1940-1949       46      0.00584  0.00582  0.50   69632     405   69430  1969657  28.29
1940-1949       47      0.00579  0.00577  0.50   69227     400   69027  1900227  27.45
1940-1949       48      0.00720  0.00718  0.50   68827     494   68580  1831200  26.61
1940-1949       49      0.00652  0.00650  0.50   68333     444   68111  1762619  25.79
1940-1949       50      0.00872  0.00869  0.50   67890     590   67595  1694508  24.96
1940-1949       51      0.00673  0.00671  0.50   67300     452   67074  1626913  24.17
1940-1949       52      0.00896  0.00892  0.50   66848     596   66550  1559839  23.33
1940-1949       53      0.00888  0.00884  0.50   66252     586   65959  1493289  22.54
1940-1949       54      0.00938  0.00934  0.50   65666     613   65359  1427330  21.74
1940-1949       55      0.01098  0.01092  0.50   65053     710   64698  1361970  20.94
1940-1949       56      0.01122  0.01116  0.50   64342     718   63983  1297273  20.16
1940-1949       57      0.01102  0.01096  0.50   63624     697   63276  1233289  19.38
1940-1949       58      0.01330  0.01321  0.50   62927     831   62511  1170014  18.59
1940-1949       59      0.01213  0.01206  0.50   62096     749   61721  1107502  17.84
1940-1949       60      0.02054  0.02033  0.50   61347    1247   60723  1045781  17.05
1940-1949       61      0.01298  0.01290  0.50   60100     775   59712   985058  16.39
1940-1949       62      0.01912  0.01894  0.50   59324    1123   58763   925346  15.60
1940-1949       63      0.02090  0.02069  0.50   58201    1204   57599   866583  14.89
1940-1949       64      0.02244  0.02219  0.50   56997    1265   56364   808984  14.19
1940-1949       65      0.02934  0.02892  0.50   55732    1612   54926   752619  13.50
1940-1949       66      0.02838  0.02798  0.50   54120    1515   53363   697693  12.89
1940-1949       67      0.02952  0.02909  0.50   52606    1530   51841   644330  12.25
1940-1949       68      0.03678  0.03611  0.50   51075    1844   50153   592489  11.60
1940-1949       69      0.03081  0.03034  0.50   49231    1494   48484   542336  11.02
1940-1949       70      0.05991  0.05816  0.50   47737    2777   46349   493852  10.35
1940-1949       71      0.03596  0.03532  0.50   44961    1588   44167   447503   9.95
1940-1949       72      0.05594  0.05442  0.50   43373    2360   42192   403337   9.30
1940-1949       73      0.05663  0.05507  0.50   41012    2259   39883   361144   8.81
1940-1949       74      0.06308  0.06115  0.50   38754    2370   37569   321261   8.29
1940-1949       75      0.08711  0.08347  0.50   36384    3037   34865   283693   7.80
1940-1949       76      0.08000  0.07693  0.50   33347    2565   32064   248828   7.46
1940-1949       77      0.08939  0.08556  0.50   30781    2634   29464   216764   7.04
1940-1949       78      0.11532  0.10903  0.50   28148    3069   26613   187299   6.65
1940-1949       79      0.09310  0.08896  0.50   25079    2231   23963   160686   6.41
1940-1949       80      0.15967  0.14786  0.50   22848    3378   21158   136723   5.98
1940-1949       81      0.09278  0.08867  0.50   19469    1726   18606   115565   5.94
1940-1949       82      0.13424  0.12580  0.50   17743    2232   16627    96958   5.46
1940-1949       83      0.13370  0.12532  0.50   15511    1944   14539    80331   5.18
1940-1949       84      0.15545  0.14424  0.50   13567    1957   12589    65792   4.85
1940-1949       85      0.20472  0.18571  0.50   11610    2156   10532    53204   4.58
1940-1949       86      0.18329  0.16790  0.50    9454    1587    8660    42671   4.51
1940-1949       87      0.19074  0.17413  0.50    7867    1370    7182    34011   4.32
1940-1949       88      0.22465  0.20196  0.50    6497    1312    5841    26829   4.13
1940-1949       89      0.17955  0.16476  0.50    5185     854    4758    20988   4.05
1940-1949       90      0.32872  0.28232  0.50    4331    1223    3719    16231   3.75
1940-1949       91      0.16594  0.15323  0.50    3108     476    2870    12511   4.03
1940-1949       92      0.23650  0.21149  0.50    2632     557    2353     9642   3.66
1940-1949       93      0.22297  0.20060  0.50    2075     416    1867     7288   3.51
1940-1949       94      0.23567  0.21083  0.50    1659     350    1484     5421   3.27
1940-1949       95      0.29699  0.25859  0.50    1309     339    1140     3937   3.01
1940-1949       96      0.31233  0.27014  0.50     971     262     839     2797   2.88
1940-1949       97      0.32810  0.28186  0.50     708     200     609     1958   2.76
1940-1949       98      0.34426  0.29371  0.50     509     149     434     1349   2.65
1940-1949       99      0.36079  0.30565  0.50     359     110     304      915   2.55
1940-1949      100      0.37766  0.31768  0.50     249      79     210      611   2.45
1940-1949      101      0.39483  0.32974  0.50     170      56     142      401   2.36
1940-1949      102      0.41227  0.34181  0.50     114      39      95      259   2.27
1940-1949      103      0.42993  0.35386  0.50      75      27      62      164   2.19
1940-1949      104      0.44776  0.36585  0.50      49      18      40      102   2.11
1940-1949      105      0.46574  0.37777  0.50      31      12      25       63   2.04
1940-1949      106      0.48380  0.38956  0.50      19       7      15       38   1.97
1940-1949      107      0.50190  0.40122  0.50      12       5       9       22   1.92
1940-1949      108      0.52000  0.41270  0.50       7       3       6       13   1.86
1940-1949      109      0.53805  0.42399  0.50       4       2       3        7   1.82
1940-1949      110+     0.55600  1.00000  1.80       2       2       4        4   1.80
1950-1959        0      0.08899  0.08387  0.31  100000    8387   94247  6367032  63.67
1950-1959        1      0.02496  0.02465  0.50   91613    2258   90484  6272784  68.47
1950-1959        2      0.01021  0.01016  0.50   89355     908   88901  6182300  69.19
1950-1959        3      0.00494  0.00492  0.50   88447     435   88229  6093399  68.89
1950-1959        4      0.00314  0.00313  0.50   88011     276   87873  6005170  68.23
1950-1959        5      0.00212  0.00212  0.50   87736     186   87642  5917297  67.44
1950-1959        6      0.00163  0.00163  0.50   87549     142   87478  5829654  66.59
1950-1959        7      0.00138  0.00138  0.50   87407     121   87347  5742176  65.69
1950-1959        8      0.00112  0.00112  0.50   87286      98   87237  5654829  64.78
1950-1959        9      0.00093  0.00093  0.50   87189      81   87148  5567592  63.86
1950-1959       10      0.00085  0.00085  0.50   87108      74   87071  5480444  62.92
1950-1959       11      0.00076  0.00076  0.50   87034      66   87001  5393373  61.97
1950-1959       12      0.00083  0.00083  0.50   86968      72   86932  5306372  61.02
1950-1959       13      0.00083  0.00083  0.50   86896      72   86860  5219440  60.07
1950-1959       14      0.00085  0.00085  0.50   86824      74   86787  5132580  59.11
1950-1959       15      0.00097  0.00097  0.50   86750      84   86709  5045792  58.16
1950-1959       16      0.00105  0.00105  0.50   86667      91   86621  4959084  57.22
1950-1959       17      0.00115  0.00115  0.50   86575     100   86526  4872463  56.28
1950-1959       18      0.00136  0.00136  0.50   86476     118   86417  4785937  55.34
1950-1959       19      0.00147  0.00146  0.50   86358     126   86295  4699520  54.42
1950-1959       20      0.00151  0.00151  0.50   86231     130   86166  4613226  53.50
1950-1959       21      0.00151  0.00151  0.50   86101     130   86036  4527060  52.58
1950-1959       22      0.00176  0.00176  0.50   85971     151   85895  4441024  51.66
1950-1959       23      0.00178  0.00177  0.50   85820     152   85744  4355128  50.75
1950-1959       24      0.00179  0.00179  0.50   85668     153   85591  4269384  49.84
1950-1959       25      0.00183  0.00183  0.50   85514     156   85436  4183793  48.92
1950-1959       26      0.00189  0.00189  0.50   85358     161   85277  4098357  48.01
1950-1959       27      0.00203  0.00203  0.50   85197     173   85110  4013080  47.10
1950-1959       28      0.00198  0.00198  0.50   85024     168   84940  3927969  46.20
1950-1959       29      0.00192  0.00192  0.50   84856     163   84774  3843029  45.29
1950-1959       30      0.00220  0.00220  0.50   84692     186   84599  3758255  44.38
1950-1959       31      0.00182  0.00182  0.50   84506     154   84429  3673656  43.47
1950-1959       32      0.00217  0.00217  0.50   84352     183   84261  3589227  42.55
1950-1959       33      0.00222  0.00222  0.50   84169     187   84076  3504967  41.64
1950-1959       34      0.00224  0.00224  0.50   83982     188   83888  3420891  40.73
1950-1959       35      0.00244  0.00244  0.50   83794     204   83692  3337003  39.82
1950-1959       36      0.00254  0.00254  0.50   83590     212   83484  3253310  38.92
1950-1959       37      0.00268  0.00267  0.50   83378     223   83267  3169826  38.02
1950-1959       38      0.00288  0.00288  0.50   83155     239   83035  3086560  37.12
1950-1959       39      0.00281  0.00281  0.50   82916     233   82799  3003524  36.22
1950-1959       40      0.00319  0.00318  0.50   82683     263   82552  2920725  35.32
1950-1959       41      0.00284  0.00283  0.50   82420     233   82303  2838173  34.44
1950-1959       42      0.00354  0.00353  0.50   82186     291   82041  2755870  33.53
1950-1959       43      0.00334  0.00333  0.50   81896     273   81760  2673829  32.65
1950-1959       44      0.00361  0.00361  0.50   81623     294   81476  2592069  31.76
1950-1959       45      0.00395  0.00394  0.50   81329     321   81168  2510593  30.87
1950-1959       46      0.00396  0.00395  0.50   81008     320   80848  2429425  29.99
1950-1959       47      0.00424  0.00423  0.50   80688     341   80517  2348577  29.11
1950-1959       48      0.00481  0.00480  0.50   80346     385   80154  2268060  28.23
1950-1959       49      0.00480  0.00479  0.50   79961     383   79769  2187906  27.36
1950-1959       50      0.00561  0.00560  0.50   79578     446   79355  2108137  26.49
1950-1959       51      0.00524  0.00523  0.50   79132     414   78926  2028782  25.64
1950-1959       52      0.00645  0.00643  0.50   78719     506   78466  1949856  24.77
1950-1959       53      0.00663  0.00661  0.50   78213     517   77954  1871390  23.93
1950-1959       54      0.00708  0.00706  0.50   77696     548   77422  1793436  23.08
1950-1959       55      0.00791  0.00788  0.50   77148     608   76844  1716014  22.24
1950-1959       56      0.00887  0.00883  0.50   76540     676   76202  1639170  21.42
1950-1959       57      0.00906  0.00902  0.50   75864     684   75522  1562968  20.60
1950-1959       58      0.01028  0.01023  0.50   75180     769   74795  1487446  19.79
1950-1959       59      0.01033  0.01027  0.50   74411     764   74029  1412650  18.98
1950-1959       60      0.01389  0.01379  0.50   73647    1016   73139  1338621  18.18
1950-1959       61      0.01173  0.01167  0.50   72631     847   72207  1265483  17.42
1950-1959       62      0.01568  0.01556  0.50   71784    1117   71225  1193275  16.62
1950-1959       63      0.01645  0.01631  0.50   70667    1153   70090  1122050  15.88
1950-1959       64      0.01869  0.01852  0.50   69514    1287   68870  1051960  15.13
1950-1959       65      0.02117  0.02095  0.50   68227    1429   67512   983089  14.41
1950-1959       66      0.02318  0.02291  0.50   66797    1530   66032   915577  13.71
1950-1959       67      0.02517  0.02486  0.50   65267    1622   64456   849545  13.02
1950-1959       68      0.02941  0.02898  0.50   63645    1844   62723   785089  12.34
1950-1959       69      0.02816  0.02777  0.50   61800    1716   60942   722367  11.69
1950-1959       70      0.04100  0.04018  0.50   60084    2414   58877   661425  11.01
1950-1959       71      0.03471  0.03412  0.50   57670    1968   56686   602548  10.45
1950-1959       72      0.04721  0.04612  0.50   55702    2569   54418   545861   9.80
1950-1959       73      0.05108  0.04981  0.50   53134    2646   51810   491443   9.25
1950-1959       74      0.05799  0.05635  0.50   50487    2845   49065   439633   8.71
1950-1959       75      0.07041  0.06802  0.50   47642    3241   46022   390568   8.20
1950-1959       76      0.07401  0.07137  0.50   44401    3169   42817   344547   7.76
1950-1959       77      0.07948  0.07644  0.50   41233    3152   39657   301730   7.32
1950-1959       78      0.09716  0.09266  0.50   38081    3528   36316   262073   6.88
1950-1959       79      0.09109  0.08712  0.50   34552    3010   33047   225757   6.53
1950-1959       80      0.11928  0.11257  0.50   31542    3551   29767   192710   6.11
1950-1959       81      0.09884  0.09418  0.50   27991    2636   26673   162943   5.82
1950-1959       82      0.13031  0.12234  0.50   25355    3102   23804   136270   5.37
1950-1959       83      0.13231  0.12410  0.50   22253    2762   20873   112465   5.05
1950-1959       84      0.15787  0.14632  0.50   19492    2852   18066    91593   4.70
1950-1959       85      0.18047  0.16553  0.50   16640    2754   15263    73527   4.42
1950-1959       86      0.19011  0.17361  0.50   13885    2411   12680    58265   4.20
1950-1959       87      0.19977  0.18162  0.50   11475    2084   10433    45585   3.97
1950-1959       88      0.23453  0.20991  0.50    9391    1971    8405    35152   3.74
1950-1959       89      0.21953  0.19781  0.50    7419    1468    6686    26747   3.60
1950-1959       90      0.29450  0.25670  0.50    5952    1528    5188    20061   3.37
1950-1959       91      0.22238  0.20012  0.50    4424     885    3981    14873   3.36
1950-1959       92      0.27571  0.24231  0.50    3539     857    3110    10892   3.08
1950-1959       93      0.28910  0.25259  0.50    2681     677    2343     7782   2.90
1950-1959       94      0.29681  0.25845  0.50    2004     518    1745     5440   2.71
1950-1959       95      0.35953  0.30474  0.50    1486     453    1260     3695   2.49
1950-1959       96      0.38342  0.32174  0.50    1033     332     867     2435   2.36
1950-1959       97      0.40789  0.33879  0.50     701     237     582     1568   2.24
1950-1959       98      0.43283  0.35582  0.50     463     165     381      986   2.13
1950-1959       99      0.45811  0.37273  0.50     298     111     243      605   2.03
1950-1959      100      0.48360  0.38944  0.50     187      73     151      362   1.94
1950-1959      101      0.50919  0.40586  0.50     114      46      91      212   1.85
1950-1959      102      0.53472  0.42192  0.50      68      29      54      120   1.77
1950-1959      103      0.56008  0.43755  0.50      39      17      31       67   1.70
1950-1959      104      0.58512  0.45269  0.50      22      10      17       36   1.64
1950-1959      105      0.60974  0.46728  0.50      12       6       9       19   1.58
1950-1959      106      0.63380  0.48128  0.50       6       3       5       10   1.53
1950-1959      107      0.65722  0.49467  0.50       3       2       3        5   1.48
1950-1959      108      0.67990  0.50741  0.50       2       1       1        2   1.44
1950-1959      109      0.70175  0.51948  0.50       1       0       1        1   1.41
1950-1959      110+     0.72273  1.00000  1.38       0       0       1        1   1.38
1960-1969        0      0.06748  0.06447  0.31  100000    6447   95542  6821600  68.22
1960-1969        1      0.01249  0.01241  0.50   93553    1161   92972  6726058  71.90
1960-1969        2      0.00485  0.00484  0.50   92392     447   92168  6633086  71.79
1960-1969        3      0.00254  0.00254  0.50   91944     233   91828  6540918  71.14
1960-1969        4      0.00193  0.00192  0.50   91711     176   91623  6449090  70.32
1960-1969        5      0.00131  0.00131  0.50   91535     120   91474  6357467  69.45
1960-1969        6      0.00101  0.00101  0.50   91414      93   91368  6265993  68.54
1960-1969        7      0.00089  0.00089  0.50   91322      81   91281  6174625  67.61
1960-1969        8      0.00073  0.00073  0.50   91241      67   91207  6083343  66.67
1960-1969        9      0.00057  0.00057  0.50   91174      52   91148  5992136  65.72
1960-1969       10      0.00057  0.00057  0.50   91122      52   91096  5900988  64.76
1960-1969       11      0.00052  0.00052  0.50   91070      47   91046  5809892  63.80
1960-1969       12      0.00051  0.00051  0.50   91023      47   90999  5718846  62.83
1960-1969       13      0.00051  0.00051  0.50   90976      46   90953  5627847  61.86
1960-1969       14      0.00052  0.00052  0.50   90930      48   90906  5536893  60.89
1960-1969       15      0.00059  0.00059  0.50   90883      54   90856  5445987  59.92
1960-1969       16      0.00063  0.00063  0.50   90829      57   90800  5355131  58.96
1960-1969       17      0.00062  0.00062  0.50   90772      57   90743  5264331  58.00
1960-1969       18      0.00066  0.00066  0.50   90715      60   90685  5173587  57.03
1960-1969       19      0.00066  0.00066  0.50   90655      59   90626  5082902  56.07
1960-1969       20      0.00074  0.00074  0.50   90596      67   90563  4992276  55.10
1960-1969       21      0.00083  0.00083  0.50   90529      75   90492  4901714  54.15
1960-1969       22      0.00080  0.00080  0.50   90454      72   90418  4811222  53.19
1960-1969       23      0.00088  0.00088  0.50   90382      80   90342  4720804  52.23
1960-1969       24      0.00094  0.00094  0.50   90302      85   90260  4630462  51.28
1960-1969       25      0.00092  0.00092  0.50   90217      83   90176  4540202  50.33
1960-1969       26      0.00108  0.00108  0.50   90135      97   90086  4450026  49.37
1960-1969       27      0.00105  0.00105  0.50   90038      94   89991  4359940  48.42
1960-1969       28      0.00114  0.00114  0.50   89944     102   89893  4269949  47.47
1960-1969       29      0.00122  0.00122  0.50   89842     109   89787  4180056  46.53
1960-1969       30      0.00126  0.00126  0.50   89732     113   89676  4090269  45.58
1960-1969       31      0.00127  0.00127  0.50   89619     114   89562  4000594  44.64
1960-1969       32      0.00133  0.00132  0.50   89505     119   89446  3911031  43.70
1960-1969       33      0.00140  0.00140  0.50   89387     125   89324  3821585  42.75
1960-1969       34      0.00152  0.00152  0.50   89262     136   89194  3732261  41.81
1960-1969       35      0.00159  0.00159  0.50   89126     142   89055  3643067  40.88
1960-1969       36      0.00176  0.00176  0.50   88984     156   88906  3554012  39.94
1960-1969       37      0.00181  0.00181  0.50   88828     160   88748  3465106  39.01
1960-1969       38      0.00188  0.00188  0.50   88667     167   88584  3376359  38.08
1960-1969       39      0.00211  0.00210  0.50   88500     186   88407  3287775  37.15
1960-1969       40      0.00230  0.00229  0.50   88314     202   88213  3199368  36.23
1960-1969       41      0.00222  0.00222  0.50   88112     196   88014  3111155  35.31
1960-1969       42      0.00252  0.00251  0.50   87916     221   87806  3023141  34.39
1960-1969       43      0.00264  0.00264  0.50   87695     231   87579  2935336  33.47
1960-1969       44      0.00270  0.00270  0.50   87464     236   87346  2847756  32.56
1960-1969       45      0.00309  0.00309  0.50   87227     269   87093  2760411  31.65
1960-1969       46      0.00311  0.00311  0.50   86958     270   86823  2673318  30.74
1960-1969       47      0.00333  0.00333  0.50   86688     289   86543  2586495  29.84
1960-1969       48      0.00389  0.00388  0.50   86399     336   86231  2499952  28.93
1960-1969       49      0.00413  0.00412  0.50   86064     355   85886  2413720  28.05
1960-1969       50      0.00460  0.00459  0.50   85709     393   85512  2327834  27.16
1960-1969       51      0.00467  0.00465  0.50   85315     397   85117  2242322  26.28
1960-1969       52      0.00557  0.00555  0.50   84918     472   84682  2157205  25.40
1960-1969       53      0.00579  0.00577  0.50   84447     487   84203  2072523  24.54
1960-1969       54      0.00630  0.00628  0.50   83959     527   83696  1988320  23.68
1960-1969       55      0.00657  0.00654  0.50   83432     546   83159  1904624  22.83
1960-1969       56      0.00737  0.00734  0.50   82886     608   82582  1821465  21.98
1960-1969       57      0.00794  0.00791  0.50   82277     651   81952  1738884  21.13
1960-1969       58      0.00890  0.00886  0.50   81626     724   81265  1656932  20.30
1960-1969       59      0.00933  0.00929  0.50   80903     751   80527  1575667  19.48
1960-1969       60      0.01131  0.01124  0.50   80152     901   79701  1495140  18.65
1960-1969       61      0.01131  0.01125  0.50   79251     891   78805  1415439  17.86
1960-1969       62      0.01306  0.01298  0.50   78359    1017   77851  1336634  17.06
1960-1969       63      0.01460  0.01449  0.50   77343    1121   76782  1258783  16.28
1960-1969       64      0.01627  0.01613  0.50   76222    1230   75607  1182001  15.51
1960-1969       65      0.01826  0.01809  0.50   74992    1357   74313  1106394  14.75
1960-1969       66      0.02043  0.02022  0.50   73635    1489   72890  1032081  14.02
1960-1969       67      0.02264  0.02238  0.50   72146    1615   71338   959190  13.30
1960-1969       68      0.02662  0.02627  0.50   70531    1853   69605   887852  12.59
1960-1969       69      0.02876  0.02836  0.50   68678    1947   67705   818247  11.91
1960-1969       70      0.03451  0.03392  0.50   66731    2264   65599   750543  11.25
1960-1969       71      0.03580  0.03517  0.50   64467    2267   63334   684943  10.62
1960-1969       72      0.04418  0.04323  0.50   62200    2689   60856   621610   9.99
1960-1969       73      0.04886  0.04770  0.50   59511    2839   58092   560754   9.42
1960-1969       74      0.05619  0.05465  0.50   56673    3097   55124   502662   8.87
1960-1969       75      0.06275  0.06084  0.50   53575    3260   51946   447538   8.35
1960-1969       76      0.07065  0.06824  0.50   50316    3434   48599   395592   7.86
1960-1969       77      0.07802  0.07509  0.50   46882    3520   45122   346993   7.40
1960-1969       78      0.09061  0.08668  0.50   43362    3759   41482   301871   6.96
1960-1969       79      0.09644  0.09201  0.50   39603    3644   37781   260389   6.57
1960-1969       80      0.10246  0.09747  0.50   35959    3505   34207   222608   6.19
1960-1969       81      0.10692  0.10149  0.50   32454    3294   30807   188401   5.81
1960-1969       82      0.12406  0.11682  0.50   29161    3406   27457   157593   5.40
1960-1969       83      0.13592  0.12727  0.50   25754    3278   24115   130136   5.05
1960-1969       84      0.15328  0.14237  0.50   22476    3200   20876   106021   4.72
1960-1969       85      0.17112  0.15763  0.50   19276    3039   17757    85144   4.42
1960-1969       86      0.18713  0.17112  0.50   16238    2779   14849    67387   4.15
1960-1969       87      0.19943  0.18135  0.50   13459    2441   12239    52539   3.90
1960-1969       88      0.22585  0.20293  0.50   11018    2236    9900    40300   3.66
1960-1969       89      0.24664  0.21956  0.50    8782    1928    7818    30400   3.46
1960-1969       90      0.25406  0.22542  0.50    6854    1545    6082    22581   3.29
1960-1969       91      0.26735  0.23582  0.50    5309    1252    4683    16500   3.11
1960-1969       92      0.29634  0.25810  0.50    4057    1047    3533    11817   2.91
1960-1969       93      0.30108  0.26168  0.50    3010     788    2616     8283   2.75
1960-1969       94      0.33442  0.28651  0.50    2222     637    1904     5667   2.55
1960-1969       95      0.37698  0.31719  0.50    1586     503    1334     3763   2.37
1960-1969       96      0.40351  0.33577  0.50    1083     364     901     2429   2.24
1960-1969       97      0.43062  0.35433  0.50     719     255     592     1528   2.12
1960-1969       98      0.45814  0.37276  0.50     464     173     378      936   2.02
1960-1969       99      0.48593  0.39094  0.50     291     114     234      559   1.92
1960-1969      100      0.51380  0.40878  0.50     177      73     141      324   1.83
1960-1969      101      0.54159  0.42618  0.50     105      45      83      183   1.75
1960-1969      102      0.56912  0.44305  0.50      60      27      47      101   1.67
1960-1969      103      0.59623  0.45930  0.50      34      15      26       54   1.61
1960-1969      104      0.62277  0.47489  0.50      18       9      14       28   1.55
1960-1969      105      0.64859  0.48976  0.50      10       5       7       14   1.49
1960-1969      106      0.67356  0.50387  0.50       5       2       4        7   1.44
1960-1969      107      0.69759  0.51720  0.50       2       1       2        3   1.40
1960-1969      108      0.72059  0.52973  0.50       1       1       1        2   1.36
1960-1969      109      0.74248  0.54147  0.50       1       0       0        1   1.33
1960-1969      110+     0.76322  1.00000  1.31       0       0       0        0   1.31
1970-1979        0      0.03591  0.03489  0.19  100000    3489   97160  7251120  72.51
1970-1979        1      0.00406  0.00405  0.50   96511     391   96316  7153959  74.13
1970-1979        2      0.00189  0.00188  0.50   96120     181   96030  7057643  73.43
1970-1979        3      0.00131  0.00131  0.50   95939     126   95876  6961614  72.56
1970-1979        4      0.00094  0.00094  0.50   95814      90   95769  6865737  71.66
1970-1979        5      0.00074  0.00074  0.50   95724      71   95688  6769969  70.72
1970-1979        6      0.00067  0.00067  0.50   95652      64   95620  6674281  69.78
1970-1979        7      0.00053  0.00053  0.50   95588      51   95563  6578661  68.82
1970-1979        8      0.00047  0.00047  0.50   95537      45   95515  6483098  67.86
1970-1979        9      0.00050  0.00050  0.50   95493      48   95469  6387583  66.89
1970-1979       10      0.00040  0.00040  0.50   95445      38   95426  6292115  65.92
1970-1979       11      0.00045  0.00045  0.50   95407      43   95386  6196689  64.95
1970-1979       12      0.00040  0.00040  0.50   95364      38   95345  6101303  63.98
1970-1979       13      0.00043  0.00043  0.50   95326      41   95306  6005958  63.00
1970-1979       14      0.00048  0.00048  0.50   95285      45   95263  5910652  62.03
1970-1979       15      0.00047  0.00047  0.50   95240      45   95218  5815389  61.06
1970-1979       16      0.00053  0.00053  0.50   95195      50   95170  5720171  60.09
1970-1979       17      0.00055  0.00055  0.50   95145      52   95119  5625001  59.12
1970-1979       18      0.00059  0.00059  0.50   95093      56   95065  5529882  58.15
1970-1979       19      0.00060  0.00060  0.50   95037      57   95009  5434817  57.19
1970-1979       20      0.00060  0.00060  0.50   94981      57   94952  5339808  56.22
1970-1979       21      0.00069  0.00069  0.50   94924      65   94891  5244856  55.25
1970-1979       22      0.00063  0.00063  0.50   94859      60   94829  5149964  54.29
1970-1979       23      0.00068  0.00068  0.50   94799      65   94767  5055135  53.32
1970-1979       24      0.00073  0.00073  0.50   94734      69   94700  4960369  52.36
1970-1979       25      0.00072  0.00072  0.50   94665      68   94631  4865669  51.40
1970-1979       26      0.00078  0.00078  0.50   94597      74   94560  4771038  50.44
1970-1979       27      0.00081  0.00081  0.50   94523      77   94485  4676478  49.47
1970-1979       28      0.00082  0.00082  0.50   94447      77   94408  4581993  48.51
1970-1979       29      0.00083  0.00083  0.50   94369      78   94330  4487585  47.55
1970-1979       30      0.00089  0.00089  0.50   94291      84   94249  4393255  46.59
1970-1979       31      0.00098  0.00098  0.50   94207      92   94160  4299006  45.63
1970-1979       32      0.00105  0.00105  0.50   94114      99   94065  4204846  44.68
1970-1979       33      0.00109  0.00109  0.50   94016     103   93964  4110781  43.72
1970-1979       34      0.00115  0.00115  0.50   93913     108   93858  4016817  42.77
1970-1979       35      0.00129  0.00129  0.50   93804     121   93744  3922958  41.82
1970-1979       36      0.00136  0.00136  0.50   93684     127   93620  3829214  40.87
1970-1979       37      0.00140  0.00139  0.50   93556     130   93491  3735594  39.93
1970-1979       38      0.00167  0.00167  0.50   93426     156   93348  3642103  38.98
1970-1979       39      0.00177  0.00177  0.50   93270     165   93188  3548755  38.05
1970-1979       40      0.00187  0.00187  0.50   93106     174   93019  3455567  37.11
1970-1979       41      0.00190  0.00190  0.50   92932     176   92844  3362548  36.18
1970-1979       42      0.00210  0.00209  0.50   92755     194   92658  3269704  35.25
1970-1979       43      0.00234  0.00234  0.50   92561     216   92453  3177046  34.32
1970-1979       44      0.00242  0.00242  0.50   92345     224   92233  3084593  33.40
1970-1979       45      0.00261  0.00261  0.50   92121     240   92001  2992360  32.48
1970-1979       46      0.00297  0.00296  0.50   91881     272   91745  2900359  31.57
1970-1979       47      0.00316  0.00316  0.50   91609     289   91464  2808614  30.66
1970-1979       48      0.00357  0.00357  0.50   91319     326   91156  2717150  29.75
1970-1979       49      0.00368  0.00368  0.50   90993     335   90826  2625994  28.86
1970-1979       50      0.00416  0.00415  0.50   90659     377   90471  2535168  27.96
1970-1979       51      0.00425  0.00424  0.50   90282     383   90091  2444697  27.08
1970-1979       52      0.00474  0.00473  0.50   89899     425   89687  2354606  26.19
1970-1979       53      0.00517  0.00516  0.50   89474     462   89243  2264920  25.31
1970-1979       54      0.00538  0.00537  0.50   89013     478   88774  2175676  24.44
1970-1979       55      0.00593  0.00591  0.50   88535     523   88273  2086902  23.57
1970-1979       56      0.00654  0.00651  0.50   88012     573   87725  1998629  22.71
1970-1979       57      0.00684  0.00681  0.50   87439     596   87141  1910903  21.85
1970-1979       58      0.00790  0.00787  0.50   86843     683   86501  1823763  21.00
1970-1979       59      0.00839  0.00835  0.50   86160     720   85800  1737262  20.16
1970-1979       60      0.00962  0.00958  0.50   85440     818   85031  1651462  19.33
1970-1979       61      0.01041  0.01036  0.50   84622     877   84183  1566431  18.51
1970-1979       62      0.01173  0.01166  0.50   83745     977   83257  1482247  17.70
1970-1979       63      0.01309  0.01300  0.50   82768    1076   82230  1398991  16.90
1970-1979       64      0.01459  0.01448  0.50   81692    1183   81100  1316760  16.12
1970-1979       65      0.01586  0.01574  0.50   80509    1267   79875  1235660  15.35
1970-1979       66      0.01788  0.01772  0.50   79242    1404   78540  1155785  14.59
1970-1979       67      0.02012  0.01992  0.50   77837    1550   77062  1077245  13.84
1970-1979       68      0.02289  0.02263  0.50   76287    1727   75424  1000183  13.11
1970-1979       69      0.02609  0.02575  0.50   74561    1920   73601   924759  12.40
1970-1979       70      0.02989  0.02945  0.50   72640    2139   71571   851158  11.72
1970-1979       71      0.03326  0.03271  0.50   70501    2306   69348   779588  11.06
1970-1979       72      0.03805  0.03734  0.50   68195    2546   66922   710240  10.41
1970-1979       73      0.04374  0.04281  0.50   65648    2810   64243   643318   9.80
1970-1979       74      0.05071  0.04946  0.50   62838    3108   61284   579075   9.22
1970-1979       75      0.05811  0.05647  0.50   59730    3373   58044   517790   8.67
1970-1979       76      0.06464  0.06261  0.50   56358    3529   54593   459746   8.16
1970-1979       77      0.07137  0.06891  0.50   52829    3641   51009   405153   7.67
1970-1979       78      0.08402  0.08063  0.50   49188    3966   47205   354145   7.20
1970-1979       79      0.09513  0.09081  0.50   45222    4107   43169   306939   6.79
1970-1979       80      0.09406  0.08983  0.50   41116    3694   39269   263771   6.42
1970-1979       81      0.10159  0.09668  0.50   37422    3618   35613   224502   6.00
1970-1979       82      0.11712  0.11064  0.50   33804    3740   31934   188889   5.59
1970-1979       83      0.12813  0.12042  0.50   30064    3620   28254   156955   5.22
1970-1979       84      0.14410  0.13441  0.50   26444    3554   24667   128701   4.87
1970-1979       85      0.15551  0.14429  0.50   22889    3303   21238   104034   4.55
1970-1979       86      0.17847  0.16385  0.50   19587    3209   17982    82796   4.23
1970-1979       87      0.19435  0.17714  0.50   16377    2901   14927    64814   3.96
1970-1979       88      0.21617  0.19508  0.50   13476    2629   12162    49888   3.70
1970-1979       89      0.23707  0.21195  0.50   10847    2299    9698    37726   3.48
1970-1979       90      0.25522  0.22633  0.50    8548    1935    7581    28028   3.28
1970-1979       91      0.26763  0.23605  0.50    6613    1561    5833    20447   3.09
1970-1979       92      0.28701  0.25099  0.50    5052    1268    4418    14614   2.89
1970-1979       93      0.31319  0.27079  0.50    3784    1025    3272    10196   2.69
1970-1979       94      0.34524  0.29442  0.50    2760     812    2353     6924   2.51
1970-1979       95      0.37964  0.31907  0.50    1947     621    1636     4571   2.35
1970-1979       96      0.40790  0.33880  0.50    1326     449    1101     2934   2.21
1970-1979       97      0.43677  0.35848  0.50     877     314     720     1833   2.09
1970-1979       98      0.46609  0.37800  0.50     562     213     456     1114   1.98
1970-1979       99      0.49563  0.39720  0.50     350     139     280      657   1.88
1970-1979      100      0.52521  0.41597  0.50     211      88     167      377   1.79
1970-1979      101      0.55461  0.43421  0.50     123      53      96      210   1.71
1970-1979      102      0.58364  0.45180  0.50      70      31      54      114   1.63
1970-1979      103      0.61210  0.46866  0.50      38      18      29       60   1.57
1970-1979      104      0.63981  0.48474  0.50      20      10      15       31   1.51
1970-1979      105      0.66662  0.49997  0.50      10       5       8       15   1.45
1970-1979      106      0.69239  0.51433  0.50       5       3       4        7   1.40
1970-1979      107      0.71702  0.52780  0.50       3       1       2        3   1.36
1970-1979      108      0.74042  0.54037  0.50       1       1       1        2   1.33
1970-1979      109      0.76252  0.55205  0.50       1       0       0        1   1.30
1970-1979      110+     0.78329  1.00000  1.28       0       0       0        0   1.28
1980-1989        0      0.01595  0.01573  0.12  100000    1573   98610  7662485  76.62
1980-1989        1      0.00155  0.00155  0.50   98427     153   98351  7563875  76.85
1980-1989        2      0.00091  0.00091  0.50   98275      89   98230  7465523  75.97
1980-1989        3      0.00063  0.00063  0.50   98186      61   98155  7367293  75.03
1980-1989        4      0.00052  0.00052  0.50   98125      51   98099  7269138  74.08
1980-1989        5      0.00042  0.00042  0.50   98074      42   98053  7171039  73.12
1980-1989        6      0.00039  0.00039  0.50   98032      39   98013  7072986  72.15
1980-1989        7      0.00035  0.00035  0.50   97994      34   97976  6974973  71.18
1980-1989        8      0.00033  0.00033  0.50   97959      33   97943  6876996  70.20
1980-1989        9      0.00026  0.00026  0.50   97927      25   97914  6779053  69.23
1980-1989       10      0.00028  0.00028  0.50   97901      27   97888  6681139  68.24
1980-1989       11      0.00031  0.00031  0.50   97874      30   97859  6583252  67.26
1980-1989       12      0.00028  0.00028  0.50   97844      27   97830  6485393  66.28
1980-1989       13      0.00031  0.00031  0.50   97817      31   97802  6387562  65.30
1980-1989       14      0.00039  0.00039  0.50   97786      38   97767  6289761  64.32
1980-1989       15      0.00045  0.00045  0.50   97748      44   97726  6191993  63.35
1980-1989       16      0.00049  0.00049  0.50   97705      48   97681  6094267  62.37
1980-1989       17      0.00050  0.00050  0.50   97657      49   97632  5996586  61.40
1980-1989       18      0.00053  0.00053  0.50   97608      52   97582  5898954  60.44
1980-1989       19      0.00057  0.00057  0.50   97556      56   97528  5801372  59.47
1980-1989       20      0.00054  0.00054  0.50   97500      53   97474  5703844  58.50
1980-1989       21      0.00056  0.00056  0.50   97447      55   97420  5606370  57.53
1980-1989       22      0.00053  0.00053  0.50   97392      52   97367  5508950  56.56
1980-1989       23      0.00053  0.00053  0.50   97341      52   97315  5411584  55.59
1980-1989       24      0.00054  0.00054  0.50   97289      52   97263  5314269  54.62
1980-1989       25      0.00053  0.00053  0.50   97237      52   97211  5217006  53.65
1980-1989       26      0.00059  0.00059  0.50   97185      58   97156  5119795  52.68
1980-1989       27      0.00062  0.00062  0.50   97127      60   97097  5022639  51.71
1980-1989       28      0.00062  0.00062  0.50   97067      60   97037  4925542  50.74
1980-1989       29      0.00070  0.00070  0.50   97007      68   96973  4828505  49.78
1980-1989       30      0.00073  0.00073  0.50   96938      71   96903  4731533  48.81
1980-1989       31      0.00080  0.00080  0.50   96868      77   96829  4634630  47.85
1980-1989       32      0.00081  0.00081  0.50   96790      78   96751  4537801  46.88
1980-1989       33      0.00090  0.00090  0.50   96712      87   96669  4441049  45.92
1980-1989       34      0.00090  0.00090  0.50   96625      87   96582  4344381  44.96
1980-1989       35      0.00100  0.00100  0.50   96538      96   96490  4247799  44.00
1980-1989       36      0.00110  0.00110  0.50   96442     106   96389  4151309  43.04
1980-1989       37      0.00116  0.00116  0.50   96336     112   96280  4054920  42.09
1980-1989       38      0.00133  0.00133  0.50   96224     128   96160  3958639  41.14
1980-1989       39      0.00140  0.00140  0.50   96096     135   96029  3862479  40.19
1980-1989       40      0.00157  0.00157  0.50   95961     150   95886  3766451  39.25
1980-1989       41      0.00167  0.00167  0.50   95811     160   95731  3670564  38.31
1980-1989       42      0.00177  0.00177  0.50   95651     170   95566  3574833  37.37
1980-1989       43      0.00191  0.00191  0.50   95481     182   95390  3479267  36.44
1980-1989       44      0.00198  0.00198  0.50   95299     189   95205  3383877  35.51
1980-1989       45      0.00217  0.00217  0.50   95110     206   95007  3288672  34.58
1980-1989       46      0.00253  0.00252  0.50   94904     239   94784  3193665  33.65
1980-1989       47      0.00264  0.00264  0.50   94665     250   94540  3098880  32.74
1980-1989       48      0.00295  0.00294  0.50   94414     278   94276  3004341  31.82
1980-1989       49      0.00303  0.00303  0.50   94137     285   93994  2910065  30.91
1980-1989       50      0.00338  0.00338  0.50   93852     317   93693  2816071  30.01
1980-1989       51      0.00358  0.00358  0.50   93535     334   93368  2722378  29.11
1980-1989       52      0.00389  0.00389  0.50   93200     362   93019  2629010  28.21
1980-1989       53      0.00414  0.00413  0.50   92838     383   92646  2535991  27.32
1980-1989       54      0.00448  0.00447  0.50   92455     413   92248  2443345  26.43
1980-1989       55      0.00478  0.00477  0.50   92042     439   91822  2351097  25.54
1980-1989       56      0.00535  0.00534  0.50   91603     489   91359  2259274  24.66
1980-1989       57      0.00562  0.00560  0.50   91114     510   90859  2167916  23.79
1980-1989       58      0.00649  0.00647  0.50   90604     586   90311  2077057  22.92
1980-1989       59      0.00687  0.00685  0.50   90018     616   89710  1986746  22.07
1980-1989       60      0.00761  0.00758  0.50   89402     678   89063  1897036  21.22
1980-1989       61      0.00803  0.00800  0.50   88724     710   88369  1807973  20.38
1980-1989       62      0.00895  0.00891  0.50   88014     784   87622  1719604  19.54
1980-1989       63      0.01009  0.01004  0.50   87230     876   86792  1631982  18.71
1980-1989       64      0.01103  0.01097  0.50   86354     947   85880  1545191  17.89
1980-1989       65      0.01214  0.01207  0.50   85407    1031   84891  1459310  17.09
1980-1989       66      0.01375  0.01366  0.50   84376    1152   83800  1374419  16.29
1980-1989       67      0.01530  0.01518  0.50   83224    1264   82592  1290619  15.51
1980-1989       68      0.01749  0.01734  0.50   81960    1421   81250  1208027  14.74
1980-1989       69      0.01931  0.01913  0.50   80539    1540   79769  1126777  13.99
1980-1989       70      0.02254  0.02229  0.50   78999    1761   78118  1047008  13.25
1980-1989       71      0.02451  0.02421  0.50   77238    1870   76303   968890  12.54
1980-1989       72      0.02853  0.02813  0.50   75368    2120   74308   892587  11.84
1980-1989       73      0.03167  0.03118  0.50   73247    2283   72106   818279  11.17
1980-1989       74      0.03714  0.03647  0.50   70964    2588   69670   746174  10.51
1980-1989       75      0.04199  0.04113  0.50   68376    2812   66970   676504   9.89
1980-1989       76      0.04805  0.04693  0.50   65564    3077   64026   609534   9.30
1980-1989       77      0.05441  0.05297  0.50   62487    3310   60832   545508   8.73
1980-1989       78      0.06243  0.06054  0.50   59177    3583   57386   484676   8.19
1980-1989       79      0.07057  0.06817  0.50   55595    3790   53700   427290   7.69
1980-1989       80      0.07637  0.07356  0.50   51805    3811   49900   373590   7.21
1980-1989       81      0.08489  0.08143  0.50   47994    3908   46040   323690   6.74
1980-1989       82      0.09526  0.09093  0.50   44086    4009   42082   277650   6.30
1980-1989       83      0.10775  0.10224  0.50   40077    4097   38028   235568   5.88
1980-1989       84      0.11882  0.11216  0.50   35980    4035   33962   197540   5.49
1980-1989       85      0.13364  0.12527  0.50   31944    4002   29943   163578   5.12
1980-1989       86      0.14881  0.13851  0.50   27943    3870   26008   133634   4.78
1980-1989       87      0.16206  0.14991  0.50   24072    3609   22268   107627   4.47
1980-1989       88      0.18106  0.16603  0.50   20464    3398   18765    85359   4.17
1980-1989       89      0.19771  0.17993  0.50   17066    3071   15531    66594   3.90
1980-1989       90      0.21924  0.19758  0.50   13995    2765   12613    51063   3.65
1980-1989       91      0.23559  0.21077  0.50   11230    2367   10047    38450   3.42
1980-1989       92      0.25741  0.22806  0.50    8863    2021    7853    28403   3.20
1980-1989       93      0.27473  0.24155  0.50    6842    1653    6016    20551   3.00
1980-1989       94      0.29856  0.25978  0.50    5189    1348    4515    14535   2.80
1980-1989       95      0.33290  0.28539  0.50    3841    1096    3293    10020   2.61
1980-1989       96      0.35984  0.30497  0.50    2745     837    2326     6727   2.45
1980-1989       97      0.38769  0.32474  0.50    1908     620    1598     4400   2.31
1980-1989       98      0.41629  0.34457  0.50    1288     444    1066     2802   2.18
1980-1989       99      0.44548  0.36433  0.50     844     308     691     1736   2.06
1980-1989      100      0.47504  0.38386  0.50     537     206     434     1046   1.95
1980-1989      101      0.50478  0.40305  0.50     331     133     264      612   1.85
1980-1989      102      0.53448  0.42177  0.50     197      83     156      348   1.76
1980-1989      103      0.56394  0.43990  0.50     114      50      89      192   1.68
1980-1989      104      0.59296  0.45736  0.50      64      29      49      103   1.61
1980-1989      105      0.62134  0.47406  0.50      35      16      26       54   1.55
1980-1989      106      0.64892  0.48995  0.50      18       9      14       27   1.49
1980-1989      107      0.67553  0.50497  0.50       9       5       7       13   1.44
1980-1989      108      0.70106  0.51910  0.50       5       2       3        6   1.39
1980-1989      109      0.72540  0.53232  0.50       2       1       2        3   1.36
1980-1989      110+     0.74846  1.00000  1.34       1       1       1        1   1.34
1990-1999        0      0.00719  0.00715  0.13  100000     715   99381  7896078  78.96
1990-1999        1      0.00082  0.00082  0.50   99285      82   99244  7796697  78.53
1990-1999        2      0.00048  0.00048  0.50   99204      47   99180  7697453  77.59
1990-1999        3      0.00043  0.00043  0.50   99156      43   99135  7598273  76.63
1990-1999        4      0.00035  0.00035  0.50   99114      35   99096  7499138  75.66
1990-1999        5      0.00033  0.00033  0.50   99079      33   99062  7400041  74.69
1990-1999        6      0.00031  0.00031  0.50   99046      30   99031  7300979  73.71
1990-1999        7      0.00028  0.00028  0.50   99015      28   99001  7201948  72.74
1990-1999        8      0.00025  0.00025  0.50   98987      25   98975  7102947  71.76
1990-1999        9      0.00023  0.00023  0.50   98963      23   98951  7003972  70.77
1990-1999       10      0.00025  0.00025  0.50   98940      25   98927  6905021  69.79
1990-1999       11      0.00024  0.00024  0.50   98915      24   98903  6806093  68.81
1990-1999       12      0.00023  0.00023  0.50   98891      23   98880  6707190  67.82
1990-1999       13      0.00023  0.00023  0.50   98868      23   98857  6608310  66.84
1990-1999       14      0.00032  0.00032  0.50   98846      32   98830  6509453  65.85
1990-1999       15      0.00032  0.00032  0.50   98814      32   98798  6410623  64.88
1990-1999       16      0.00036  0.00036  0.50   98782      36   98764  6311825  63.90
1990-1999       17      0.00039  0.00039  0.50   98746      38   98727  6213061  62.92
1990-1999       18      0.00037  0.00037  0.50   98708      37   98689  6114335  61.94
1990-1999       19      0.00043  0.00043  0.50   98671      43   98650  6015645  60.97
1990-1999       20      0.00044  0.00044  0.50   98628      43   98607  5916996  59.99
1990-1999       21      0.00051  0.00051  0.50   98585      50   98560  5818389  59.02
1990-1999       22      0.00049  0.00049  0.50   98535      48   98511  5719829  58.05
1990-1999       23      0.00050  0.00050  0.50   98487      49   98462  5621318  57.08
1990-1999       24      0.00058  0.00058  0.50   98438      57   98409  5522856  56.10
1990-1999       25      0.00054  0.00054  0.50   98381      53   98355  5424447  55.14
1990-1999       26      0.00061  0.00061  0.50   98328      60   98299  5326092  54.17
1990-1999       27      0.00063  0.00063  0.50   98269      62   98237  5227793  53.20
1990-1999       28      0.00062  0.00062  0.50   98206      61   98176  5129556  52.23
1990-1999       29      0.00064  0.00064  0.50   98145      62   98114  5031380  51.26
1990-1999       30      0.00064  0.00064  0.50   98083      63   98051  4933266  50.30
1990-1999       31      0.00075  0.00075  0.50   98020      74   97983  4835215  49.33
1990-1999       32      0.00070  0.00070  0.50   97946      69   97912  4737232  48.37
1990-1999       33      0.00089  0.00089  0.50   97877      87   97834  4639320  47.40
1990-1999       34      0.00095  0.00095  0.50   97790      93   97744  4541486  46.44
1990-1999       35      0.00099  0.00099  0.50   97698      97   97649  4443742  45.48
1990-1999       36      0.00095  0.00095  0.50   97601      93   97555  4346093  44.53
1990-1999       37      0.00108  0.00108  0.50   97508     105   97456  4248538  43.57
1990-1999       38      0.00111  0.00111  0.50   97403     108   97349  4151082  42.62
1990-1999       39      0.00122  0.00122  0.50   97295     119   97235  4053733  41.66
1990-1999       40      0.00137  0.00137  0.50   97176     133   97109  3956498  40.71
1990-1999       41      0.00142  0.00142  0.50   97042     137   96974  3859389  39.77
1990-1999       42      0.00158  0.00158  0.50   96905     153   96829  3762415  38.83
1990-1999       43      0.00162  0.00162  0.50   96752     156   96674  3665587  37.89
1990-1999       44      0.00176  0.00176  0.50   96596     170   96511  3568913  36.95
1990-1999       45      0.00199  0.00199  0.50   96426     192   96330  3472402  36.01
1990-1999       46      0.00217  0.00216  0.50   96234     208   96130  3376072  35.08
1990-1999       47      0.00217  0.00217  0.50   96026     209   95921  3279943  34.16
1990-1999       48      0.00234  0.00234  0.50   95817     224   95705  3184022  33.23
1990-1999       49      0.00254  0.00254  0.50   95593     243   95471  3088317  32.31
1990-1999       50      0.00290  0.00289  0.50   95350     276   95212  2992845  31.39
1990-1999       51      0.00311  0.00310  0.50   95074     295   94927  2897633  30.48
1990-1999       52      0.00334  0.00334  0.50   94780     316   94621  2802706  29.57
1990-1999       53      0.00364  0.00364  0.50   94463     344   94291  2708085  28.67
1990-1999       54      0.00368  0.00367  0.50   94120     346   93947  2613793  27.77
1990-1999       55      0.00409  0.00408  0.50   93774     382   93583  2519847  26.87
1990-1999       56      0.00449  0.00448  0.50   93392     418   93182  2426264  25.98
1990-1999       57      0.00479  0.00477  0.50   92973     444   92751  2333081  25.09
1990-1999       58      0.00517  0.00515  0.50   92529     477   92291  2240330  24.21
1990-1999       59      0.00570  0.00569  0.50   92053     524   91791  2148039  23.33
1990-1999       60      0.00633  0.00631  0.50   91529     577   91240  2056248  22.47
1990-1999       61      0.00681  0.00678  0.50   90952     617   90643  1965008  21.60
1990-1999       62      0.00726  0.00723  0.50   90335     653   90008  1874365  20.75
1990-1999       63      0.00815  0.00812  0.50   89681     728   89317  1784357  19.90
1990-1999       64      0.00918  0.00914  0.50   88953     813   88546  1695040  19.06
1990-1999       65      0.01037  0.01031  0.50   88140     909   87685  1606494  18.23
1990-1999       66      0.01121  0.01115  0.50   87231     972   86745  1518808  17.41
1990-1999       67      0.01247  0.01239  0.50   86258    1069   85724  1432063  16.60
1990-1999       68      0.01413  0.01403  0.50   85190    1195   84592  1346339  15.80
1990-1999       69      0.01586  0.01573  0.50   83994    1321   83334  1261747  15.02
1990-1999       70      0.01832  0.01815  0.50   82673    1501   81923  1178414  14.25
1990-1999       71      0.02058  0.02037  0.50   81172    1654   80345  1096491  13.51
1990-1999       72      0.02298  0.02272  0.50   79518    1807   78615  1016146  12.78
1990-1999       73      0.02619  0.02585  0.50   77712    2009   76707   937531  12.06
1990-1999       74      0.03059  0.03013  0.50   75703    2281   74562   860823  11.37
1990-1999       75      0.03451  0.03393  0.50   73422    2491   72176   786261  10.71
1990-1999       76      0.03942  0.03865  0.50   70931    2742   69560   714085  10.07
1990-1999       77      0.04544  0.04443  0.50   68189    3030   66674   644525   9.45
1990-1999       78      0.05161  0.05031  0.50   65159    3278   63520   577851   8.87
1990-1999       79      0.05849  0.05683  0.50   61881    3517   60123   514331   8.31
1990-1999       80      0.06390  0.06193  0.50   58364    3614   56557   454208   7.78
1990-1999       81      0.07164  0.06916  0.50   54750    3787   52857   397650   7.26
1990-1999       82      0.08163  0.07843  0.50   50963    3997   48965   344794   6.77
1990-1999       83      0.09272  0.08861  0.50   46966    4162   44885   295829   6.30
1990-1999       84      0.10458  0.09939  0.50   42804    4254   40677   250943   5.86
1990-1999       85      0.11814  0.11155  0.50   38550    4300   36400   210266   5.45
1990-1999       86      0.13202  0.12385  0.50   34250    4242   32129   173866   5.08
1990-1999       87      0.14651  0.13651  0.50   30008    4096   27960   141737   4.72
1990-1999       88      0.16398  0.15156  0.50   25912    3927   23948   113777   4.39
1990-1999       89      0.18312  0.16776  0.50   21985    3688   20140    89829   4.09
1990-1999       90      0.20172  0.18324  0.50   18296    3353   16620    69689   3.81
1990-1999       91      0.21972  0.19797  0.50   14944    2958   13465    53069   3.55
1990-1999       92      0.24714  0.21996  0.50   11985    2636   10667    39604   3.30
1990-1999       93      0.26182  0.23151  0.50    9349    2164    8267    28937   3.10
1990-1999       94      0.28462  0.24916  0.50    7185    1790    6290    20670   2.88
1990-1999       95      0.32072  0.27640  0.50    5395    1491    4649    14380   2.67
1990-1999       96      0.34917  0.29727  0.50    3903    1160    3323     9731   2.49
1990-1999       97      0.37872  0.31843  0.50    2743     873    2306     6408   2.34
1990-1999       98      0.40921  0.33971  0.50    1870     635    1552     4102   2.19
1990-1999       99      0.44041  0.36093  0.50    1235     446    1012     2550   2.07
1990-1999      100      0.47209  0.38194  0.50     789     301     638     1538   1.95
1990-1999      101      0.50400  0.40256  0.50     488     196     389      900   1.85
1990-1999      102      0.53588  0.42264  0.50     291     123     230      510   1.75
1990-1999      103      0.56746  0.44204  0.50     168      74     131      280   1.67
1990-1999      104      0.59850  0.46065  0.50      94      43      72      149   1.59
1990-1999      105      0.62878  0.47838  0.50      51      24      39       77   1.53
1990-1999      106      0.65807  0.49515  0.50      26      13      20       39   1.47
1990-1999      107      0.68621  0.51091  0.50      13       7      10       19   1.41
1990-1999      108      0.71304  0.52564  0.50       7       3       5        9   1.37
1990-1999      109      0.73845  0.53932  0.50       3       2       2        4   1.33
1990-1999      110+     0.76237  1.00000  1.31       1       1       2        2   1.31
2000-2009        0      0.00376  0.00374  0.14  100000     374   99679  8170946  81.71
2000-2009        1      0.00039  0.00039  0.50   99626      39   99606  8071267  81.02
2000-2009        2      0.00027  0.00027  0.50   99587      27   99573  7971661  80.05
2000-2009        3      0.00018  0.00018  0.50   99559      18   99551  7872088  79.07
2000-2009        4      0.00014  0.00014  0.50   99542      13   99535  7772537  78.08
2000-2009        5      0.00016  0.00016  0.50   99528      16   99521  7673002  77.09
2000-2009        6      0.00015  0.00015  0.50   99513      15   99505  7573481  76.11
2000-2009        7      0.00014  0.00014  0.50   99498      14   99491  7473976  75.12
2000-2009        8      0.00013  0.00013  0.50   99484      13   99477  7374485  74.13
2000-2009        9      0.00013  0.00013  0.50   99471      13   99464  7275008  73.14
2000-2009       10      0.00015  0.00015  0.50   99458      15   99450  7175544  72.15
2000-2009       11      0.00015  0.00015  0.50   99442      15   99435  7076094  71.16
2000-2009       12      0.00017  0.00017  0.50   99427      17   99419  6976659  70.17
2000-2009       13      0.00014  0.00014  0.50   99411      14   99404  6877240  69.18
2000-2009       14      0.00019  0.00019  0.50   99396      19   99387  6777837  68.19
2000-2009       15      0.00024  0.00024  0.50   99377      24   99365  6678450  67.20
2000-2009       16      0.00025  0.00025  0.50   99353      25   99341  6579085  66.22
2000-2009       17      0.00022  0.00022  0.50   99329      22   99318  6479744  65.24
2000-2009       18      0.00029  0.00029  0.50   99307      28   99293  6380426  64.25
2000-2009       19      0.00030  0.00030  0.50   99279      29   99264  6281133  63.27
2000-2009       20      0.00035  0.00035  0.50   99249      35   99232  6181869  62.29
2000-2009       21      0.00028  0.00028  0.50   99214      28   99200  6082637  61.31
2000-2009       22      0.00031  0.00031  0.50   99186      31   99171  5983437  60.33
2000-2009       23      0.00034  0.00034  0.50   99155      34   99139  5884266  59.34
2000-2009       24      0.00038  0.00038  0.50   99122      37   99103  5785128  58.36
2000-2009       25      0.00037  0.00037  0.50   99084      37   99066  5686025  57.39
2000-2009       26      0.00037  0.00037  0.50   99047      37   99029  5586959  56.41
2000-2009       27      0.00038  0.00038  0.50   99011      37   98992  5487930  55.43
2000-2009       28      0.00038  0.00038  0.50   98973      37   98955  5388938  54.45
2000-2009       29      0.00044  0.00044  0.50   98936      44   98914  5289983  53.47
2000-2009       30      0.00052  0.00052  0.50   98892      51   98867  5191069  52.49
2000-2009       31      0.00050  0.00050  0.50   98841      49   98817  5092202  51.52
2000-2009       32      0.00057  0.00057  0.50   98792      56   98764  4993386  50.54
2000-2009       33      0.00060  0.00060  0.50   98736      59   98707  4894622  49.57
2000-2009       34      0.00062  0.00062  0.50   98677      61   98646  4795915  48.60
2000-2009       35      0.00072  0.00072  0.50   98616      71   98580  4697269  47.63
2000-2009       36      0.00078  0.00078  0.50   98544      77   98506  4598689  46.67
2000-2009       37      0.00081  0.00081  0.50   98467      80   98427  4500183  45.70
2000-2009       38      0.00086  0.00086  0.50   98387      85   98345  4401756  44.74
2000-2009       39      0.00102  0.00102  0.50   98302     101   98252  4303411  43.78
2000-2009       40      0.00109  0.00109  0.50   98202     107   98148  4205159  42.82
2000-2009       41      0.00115  0.00115  0.50   98095     113   98038  4107011  41.87
2000-2009       42      0.00130  0.00130  0.50   97982     127   97918  4008972  40.92
2000-2009       43      0.00130  0.00130  0.50   97855     128   97791  3911054  39.97
2000-2009       44      0.00149  0.00148  0.50   97727     145   97655  3813263  39.02
2000-2009       45      0.00167  0.00167  0.50   97582     163   97501  3715608  38.08
2000-2009       46      0.00167  0.00167  0.50   97420     163   97338  3618107  37.14
2000-2009       47      0.00194  0.00194  0.50   97257     189   97163  3520769  36.20
2000-2009       48      0.00212  0.00212  0.50   97068     206   96965  3423606  35.27
2000-2009       49      0.00215  0.00215  0.50   96863     208   96758  3326641  34.34
2000-2009       50      0.00224  0.00223  0.50   96654     216   96546  3229882  33.42
2000-2009       51      0.00254  0.00254  0.50   96438     245   96316  3133336  32.49
2000-2009       52      0.00275  0.00275  0.50   96194     264   96061  3037020  31.57
2000-2009       53      0.00278  0.00278  0.50   95929     267   95796  2940959  30.66
2000-2009       54      0.00303  0.00302  0.50   95663     289   95518  2845163  29.74
2000-2009       55      0.00326  0.00325  0.50   95373     310   95218  2749645  28.83
2000-2009       56      0.00340  0.00339  0.50   95063     322   94902  2654426  27.92
2000-2009       57      0.00369  0.00368  0.50   94741     349   94567  2559524  27.02
2000-2009       58      0.00417  0.00416  0.50   94392     393   94196  2464958  26.11
2000-2009       59      0.00440  0.00439  0.50   93999     413   93793  2370762  25.22
2000-2009       60      0.00485  0.00483  0.50   93586     452   93360  2276969  24.33
2000-2009       61      0.00523  0.00521  0.50   93134     486   92891  2183609  23.45
2000-2009       62      0.00576  0.00575  0.50   92648     532   92382  2090718  22.57
2000-2009       63      0.00612  0.00610  0.50   92116     562   91835  1998336  21.69
2000-2009       64      0.00691  0.00689  0.50   91554     631   91239  1906502  20.82
2000-2009       65      0.00766  0.00763  0.50   90923     694   90576  1815263  19.96
2000-2009       66      0.00832  0.00829  0.50   90229     748   89855  1724687  19.11
2000-2009       67      0.00945  0.00941  0.50   89481     842   89060  1634831  18.27
2000-2009       68      0.01045  0.01040  0.50   88640     922   88179  1545771  17.44
2000-2009       69      0.01189  0.01181  0.50   87718    1036   87200  1457592  16.62
2000-2009       70      0.01347  0.01338  0.50   86682    1160   86102  1370392  15.81
2000-2009       71      0.01522  0.01511  0.50   85521    1292   84875  1284291  15.02
2000-2009       72      0.01718  0.01703  0.50   84229    1435   83512  1199415  14.24
2000-2009       73      0.01966  0.01947  0.50   82795    1612   81989  1115903  13.48
2000-2009       74      0.02267  0.02241  0.50   81183    1819   80273  1033914  12.74
2000-2009       75      0.02568  0.02536  0.50   79363    2012   78357   953641  12.02
2000-2009       76      0.02942  0.02899  0.50   77351    2242   76230   875284  11.32
2000-2009       77      0.03397  0.03340  0.50   75109    2509   73854   799054  10.64
2000-2009       78      0.03841  0.03769  0.50   72600    2736   71232   725200   9.99
2000-2009       79      0.04525  0.04424  0.50   69864    3091   68318   653968   9.36
2000-2009       80      0.04896  0.04779  0.50   66773    3191   65177   585650   8.77
2000-2009       81      0.05613  0.05459  0.50   63581    3471   61846   520473   8.19
2000-2009       82      0.06370  0.06173  0.50   60110    3711   58255   458627   7.63
2000-2009       83      0.07203  0.06953  0.50   56400    3921   54439   400372   7.10
2000-2009       84      0.08302  0.07971  0.50   52478    4183   50387   345933   6.59
2000-2009       85      0.09469  0.09041  0.50   48295    4366   46112   295546   6.12
2000-2009       86      0.10731  0.10184  0.50   43929    4474   41692   249435   5.68
2000-2009       87      0.12292  0.11580  0.50   39455    4569   37170   207743   5.27
2000-2009       88      0.13477  0.12626  0.50   34886    4405   32683   170572   4.89
2000-2009       89      0.15434  0.14329  0.50   30481    4368   28297   137889   4.52
2000-2009       90      0.17256  0.15885  0.50   26114    4148   24039   109592   4.20
2000-2009       91      0.19102  0.17437  0.50   21965    3830   20050    85552   3.89
2000-2009       92      0.21218  0.19183  0.50   18135    3479   16396    65502   3.61
2000-2009       93      0.23604  0.21112  0.50   14656    3094   13109    49106   3.35
2000-2009       94      0.25872  0.22909  0.50   11562    2649   10238    35997   3.11
2000-2009       95      0.28612  0.25031  0.50    8913    2231    7798    25759   2.89
2000-2009       96      0.31456  0.27181  0.50    6682    1816    5774    17961   2.69
2000-2009       97      0.34446  0.29385  0.50    4866    1430    4151    12187   2.50
2000-2009       98      0.37565  0.31625  0.50    3436    1087    2893     8036   2.34
2000-2009       99      0.40790  0.33880  0.50    2349     796    1951     5143   2.19
2000-2009      100      0.44097  0.36131  0.50    1553     561    1273     3191   2.05
2000-2009      101      0.47457  0.38356  0.50     992     381     802     1918   1.93
2000-2009      102      0.50840  0.40536  0.50     612     248     488     1117   1.83
2000-2009      103      0.54215  0.42653  0.50     364     155     286      629   1.73
2000-2009      104      0.57553  0.44692  0.50     209      93     162      343   1.64
2000-2009      105      0.60822  0.46639  0.50     115      54      88      181   1.57
2000-2009      106      0.63998  0.48484  0.50      62      30      47       92   1.50
2000-2009      107      0.67055  0.50218  0.50      32      16      24       46   1.44
2000-2009      108      0.69975  0.51838  0.50      16       8      12       22   1.39
2000-2009      109      0.72741  0.53341  0.50       8       4       6       10   1.35
2000-2009      110+     0.75342  1.00000  1.33       4       4       5        5   1.33
2010-2019        0      0.00262  0.00262  0.14  100000     262   99776  8411425  84.11
2010-2019        1      0.00023  0.00023  0.50   99738      23   99727  8311649  83.33
2010-2019        2      0.00014  0.00014  0.50   99716      14   99708  8211922  82.35
2010-2019        3      0.00013  0.00013  0.50   99701      13   99695  8112214  81.37
2010-2019        4      0.00010  0.00010  0.50   99688      10   99683  8012519  80.38
2010-2019        5      0.00008  0.00008  0.50   99678       8   99674  7912836  79.38
2010-2019        6      0.00010  0.00010  0.50   99670       9   99665  7813162  78.39
2010-2019        7      0.00009  0.00009  0.50   99660       9   99656  7713497  77.40
2010-2019        8      0.00008  0.00008  0.50   99652       8   99647  7613841  76.40
2010-2019        9      0.00009  0.00009  0.50   99643       9   99638  7514193  75.41
2010-2019       10      0.00009  0.00009  0.50   99634       9   99629  7414555  74.42
2010-2019       11      0.00007  0.00007  0.50   99625       7   99621  7314926  73.42
2010-2019       12      0.00007  0.00007  0.50   99618       7   99614  7215304  72.43
2010-2019       13      0.00008  0.00008  0.50   99610       8   99606  7115690  71.44
2010-2019       14      0.00009  0.00009  0.50   99602       9   99597  7016084  70.44
2010-2019       15      0.00013  0.00013  0.50   99593      13   99586  6916487  69.45
2010-2019       16      0.00015  0.00015  0.50   99580      15   99572  6816901  68.46
2010-2019       17      0.00013  0.00013  0.50   99565      13   99559  6717328  67.47
2010-2019       18      0.00016  0.00016  0.50   99552      16   99544  6617769  66.48
2010-2019       19      0.00019  0.00019  0.50   99536      19   99527  6518225  65.49
2010-2019       20      0.00023  0.00023  0.50   99517      23   99506  6418698  64.50
2010-2019       21      0.00020  0.00020  0.50   99495      20   99485  6319192  63.51
2010-2019       22      0.00022  0.00022  0.50   99475      22   99464  6219707  62.53
2010-2019       23      0.00023  0.00023  0.50   99453      23   99441  6120244  61.54
2010-2019       24      0.00023  0.00023  0.50   99430      23   99419  6020802  60.55
2010-2019       25      0.00022  0.00022  0.50   99407      22   99396  5921384  59.57
2010-2019       26      0.00018  0.00018  0.50   99385      18   99376  5821987  58.58
2010-2019       27      0.00028  0.00028  0.50   99367      28   99353  5722612  57.59
2010-2019       28      0.00026  0.00026  0.50   99339      26   99326  5623258  56.61
2010-2019       29      0.00029  0.00029  0.50   99314      29   99299  5523932  55.62
2010-2019       30      0.00031  0.00031  0.50   99285      31   99269  5424633  54.64
2010-2019       31      0.00035  0.00035  0.50   99254      35   99237  5325364  53.65
2010-2019       32      0.00034  0.00034  0.50   99219      34   99202  5226127  52.67
2010-2019       33      0.00040  0.00040  0.50   99185      39   99166  5126925  51.69
2010-2019       34      0.00044  0.00044  0.50   99146      43   99124  5027759  50.71
2010-2019       35      0.00049  0.00049  0.50   99103      49   99078  4928635  49.73
2010-2019       36      0.00049  0.00049  0.50   99054      48   99030  4829557  48.76
2010-2019       37      0.00054  0.00054  0.50   99006      53   98979  4730527  47.78
2010-2019       38      0.00065  0.00065  0.50   98953      64   98920  4631548  46.81
2010-2019       39      0.00071  0.00071  0.50   98888      70   98853  4532627  45.84
2010-2019       40      0.00076  0.00076  0.50   98818      76   98781  4433774  44.87
2010-2019       41      0.00085  0.00085  0.50   98743      84   98701  4334994  43.90
2010-2019       42      0.00098  0.00098  0.50   98659      97   98611  4236293  42.94
2010-2019       43      0.00100  0.00100  0.50   98563      98   98513  4137682  41.98
2010-2019       44      0.00116  0.00116  0.50   98464     115   98407  4039169  41.02
2010-2019       45      0.00122  0.00122  0.50   98350     120   98290  3940762  40.07
2010-2019       46      0.00135  0.00135  0.50   98230     133   98163  3842472  39.12
2010-2019       47      0.00153  0.00153  0.50   98097     150   98022  3744309  38.17
2010-2019       48      0.00165  0.00165  0.50   97947     161   97866  3646286  37.23
2010-2019       49      0.00172  0.00172  0.50   97786     168   97702  3548420  36.29
2010-2019       50      0.00193  0.00192  0.50   97618     188   97524  3450718  35.35
2010-2019       51      0.00201  0.00200  0.50   97430     195   97332  3353195  34.42
2010-2019       52      0.00223  0.00223  0.50   97235     217   97126  3255862  33.48
2010-2019       53      0.00240  0.00240  0.50   97018     233   96901  3158736  32.56
2010-2019       54      0.00247  0.00247  0.50   96785     239   96666  3061835  31.64
2010-2019       55      0.00278  0.00278  0.50   96546     268   96412  2965169  30.71
2010-2019       56      0.00290  0.00289  0.50   96278     278   96138  2868757  29.80
2010-2019       57      0.00313  0.00313  0.50   95999     300   95849  2772619  28.88
2010-2019       58      0.00328  0.00328  0.50   95699     314   95542  2676770  27.97
2010-2019       59      0.00353  0.00352  0.50   95385     336   95217  2581228  27.06
2010-2019       60      0.00396  0.00395  0.50   95049     375   94862  2486010  26.15
2010-2019       61      0.00429  0.00428  0.50   94674     405   94471  2391149  25.26
2010-2019       62      0.00450  0.00449  0.50   94269     423   94057  2296677  24.36
2010-2019       63      0.00491  0.00490  0.50   93845     460   93615  2202621  23.47
2010-2019       64      0.00541  0.00539  0.50   93385     504   93134  2109005  22.58
2010-2019       65      0.00589  0.00587  0.50   92882     545   92609  2015872  21.70
2010-2019       66      0.00642  0.00640  0.50   92336     591   92041  1923262  20.83
2010-2019       67      0.00708  0.00705  0.50   91745     647   91422  1831221  19.96
2010-2019       68      0.00796  0.00793  0.50   91098     722   90737  1739800  19.10
2010-2019       69      0.00880  0.00876  0.50   90376     792   89980  1649062  18.25
2010-2019       70      0.00984  0.00979  0.50   89584     877   89146  1559082  17.40
2010-2019       71      0.01111  0.01105  0.50   88707     980   88217  1469937  16.57
2010-2019       72      0.01260  0.01252  0.50   87727    1098   87178  1381719  15.75
2010-2019       73      0.01401  0.01391  0.50   86629    1205   86026  1294541  14.94
2010-2019       74      0.01635  0.01622  0.50   85424    1385   84731  1208515  14.15
2010-2019       75      0.01825  0.01808  0.50   84038    1520   83279  1123784  13.37
2010-2019       76      0.02142  0.02120  0.50   82519    1749   81644  1040505  12.61
2010-2019       77      0.02412  0.02383  0.50   80770    1925   79807   958861  11.87
2010-2019       78      0.02824  0.02785  0.50   78845    2196   77747   879053  11.15
2010-2019       79      0.03261  0.03209  0.50   76649    2460   75420   801306  10.45
2010-2019       80      0.03763  0.03693  0.50   74190    2740   72820   725886   9.78
2010-2019       81      0.04291  0.04201  0.50   71450    3002   69949   653066   9.14
2010-2019       82      0.05097  0.04970  0.50   68448    3402   66747   583117   8.52
2010-2019       83      0.05789  0.05626  0.50   65046    3660   63216   516370   7.94
2010-2019       84      0.06560  0.06352  0.50   61386    3899   59436   453155   7.38
2010-2019       85      0.07715  0.07428  0.50   57487    4270   55352   393718   6.85
2010-2019       86      0.08758  0.08390  0.50   53217    4465   50984   338366   6.36
2010-2019       87      0.09962  0.09489  0.50   48752    4626   46439   287382   5.89
2010-2019       88      0.11230  0.10633  0.50   44125    4692   41780   240944   5.46
2010-2019       89      0.12806  0.12035  0.50   39434    4746   37061   199164   5.05
2010-2019       90      0.14483  0.13505  0.50   34688    4685   32346   162103   4.67
2010-2019       91      0.16490  0.15234  0.50   30003    4571   27718   129758   4.32
2010-2019       92      0.17989  0.16504  0.50   25433    4197   23334   102040   4.01
2010-2019       93      0.20219  0.18362  0.50   21235    3899   19285    78706   3.71
2010-2019       94      0.22304  0.20066  0.50   17336    3479   15597    59421   3.43
2010-2019       95      0.25150  0.22341  0.50   13857    3096   12309    43824   3.16
2010-2019       96      0.27900  0.24484  0.50   10761    2635    9444    31515   2.93
2010-2019       97      0.30826  0.26709  0.50    8127    2171    7041    22071   2.72
2010-2019       98      0.33915  0.28998  0.50    5956    1727    5092    15030   2.52
2010-2019       99      0.37147  0.31328  0.50    4229    1325    3566     9937   2.35
2010-2019      100      0.40498  0.33679  0.50    2904     978    2415     6371   2.19
2010-2019      101      0.43941  0.36026  0.50    1926     694    1579     3956   2.05
2010-2019      102      0.47443  0.38346  0.50    1232     472     996     2377   1.93
2010-2019      103      0.50970  0.40618  0.50     760     309     605     1381   1.82
2010-2019      104      0.54487  0.42821  0.50     451     193     355      775   1.72
2010-2019      105      0.57960  0.44937  0.50     258     116     200      421   1.63
2010-2019      106      0.61356  0.46952  0.50     142      67     109      221   1.55
2010-2019      107      0.64645  0.48854  0.50      75      37      57      112   1.49
2010-2019      108      0.67801  0.50636  0.50      39      20      29       55   1.43
2010-2019      109      0.70803  0.52291  0.50      19      10      14       26   1.39
2010-2019      110+     0.73634  1.00000  1.36       9       9      12       12   1.36
2020-2022        0      0.00238  0.00237  0.14  100000     237   99797  8428728  84.29
2020-2022        1      0.00017  0.00017  0.50   99763      17   99754  8328931  83.49
2020-2022        2      0.00015  0.00015  0.50   99746      15   99738  8229177  82.50
2020-2022        3      0.00016  0.00016  0.50   99731      16   99723  8129439  81.51
2020-2022        4      0.00009  0.00009  0.50   99715       9   99710  8029716  80.53
2020-2022        5      0.00009  0.00009  0.50   99705       9   99701  7930006  79.53
2020-2022        6      0.00011  0.00011  0.50   99696      11   99690  7830305  78.54
2020-2022        7      0.00010  0.00010  0.50   99685      10   99680  7730615  77.55
2020-2022        8      0.00011  0.00011  0.50   99675      11   99670  7630935  76.56
2020-2022        9      0.00007  0.00007  0.50   99664       7   99661  7531265  75.57
2020-2022       10      0.00006  0.00006  0.50   99657       6   99654  7431604  74.57
2020-2022       11      0.00007  0.00007  0.50   99651       7   99647  7331950  73.58
2020-2022       12      0.00003  0.00003  0.50   99644       3   99642  7232303  72.58
2020-2022       13      0.00012  0.00012  0.50   99641      11   99635  7132661  71.58
2020-2022       14      0.00010  0.00010  0.50   99629      10   99624  7033026  70.59
2020-2022       15      0.00009  0.00009  0.50   99619       9   99615  6933402  69.60
2020-2022       16      0.00012  0.00012  0.50   99611      12   99604  6833787  68.61
2020-2022       17      0.00015  0.00015  0.50   99598      15   99591  6734182  67.61
2020-2022       18      0.00025  0.00025  0.50   99584      25   99571  6634591  66.62
2020-2022       19      0.00017  0.00017  0.50   99559      17   99550  6535020  65.64
2020-2022       20      0.00021  0.00021  0.50   99541      21   99531  6435470  64.65
2020-2022       21      0.00016  0.00016  0.50   99520      16   99512  6335940  63.66
2020-2022       22      0.00026  0.00026  0.50   99504      26   99491  6236427  62.68
2020-2022       23      0.00017  0.00017  0.50   99478      17   99470  6136936  61.69
2020-2022       24      0.00019  0.00019  0.50   99462      19   99452  6037466  60.70
2020-2022       25      0.00016  0.00016  0.50   99442      16   99434  5938014  59.71
2020-2022       26      0.00025  0.00025  0.50   99426      25   99414  5838580  58.72
2020-2022       27      0.00025  0.00025  0.50   99402      25   99389  5739166  57.74
2020-2022       28      0.00019  0.00019  0.50   99377      19   99367  5639777  56.75
2020-2022       29      0.00026  0.00026  0.50   99358      26   99345  5540410  55.76
2020-2022       30      0.00031  0.00031  0.50   99332      31   99317  5441065  54.78
2020-2022       31      0.00045  0.00045  0.50   99301      45   99279  5341748  53.79
2020-2022       32      0.00041  0.00041  0.50   99256      41   99236  5242469  52.82
2020-2022       33      0.00043  0.00043  0.50   99216      42   99195  5143233  51.84
2020-2022       34      0.00035  0.00035  0.50   99174      35   99156  5044038  50.86
2020-2022       35      0.00047  0.00047  0.50   99139      46   99116  4944882  49.88
2020-2022       36      0.00053  0.00053  0.50   99093      52   99066  4845766  48.90
2020-2022       37      0.00049  0.00049  0.50   99040      49   99016  4746700  47.93
2020-2022       38      0.00063  0.00063  0.50   98991      62   98960  4647684  46.95
2020-2022       39      0.00071  0.00070  0.50   98929      70   98894  4548724  45.98
2020-2022       40      0.00075  0.00075  0.50   98860      75   98822  4449829  45.01
2020-2022       41      0.00086  0.00086  0.50   98785      85   98742  4351007  44.05
2020-2022       42      0.00088  0.00088  0.50   98700      87   98656  4252264  43.08
2020-2022       43      0.00094  0.00094  0.50   98613      93   98566  4153608  42.12
2020-2022       44      0.00109  0.00109  0.50   98520     107   98466  4055042  41.16
2020-2022       45      0.00112  0.00112  0.50   98413     110   98358  3956575  40.20
2020-2022       46      0.00118  0.00117  0.50   98302     115   98245  3858218  39.25
2020-2022       47      0.00147  0.00147  0.50   98187     145   98115  3759973  38.29
2020-2022       48      0.00148  0.00148  0.50   98042     145   97970  3661858  37.35
2020-2022       49      0.00163  0.00163  0.50   97897     160   97818  3563889  36.40
2020-2022       50      0.00181  0.00180  0.50   97738     176   97650  3466071  35.46
2020-2022       51      0.00208  0.00208  0.50   97561     203   97460  3368421  34.53
2020-2022       52      0.00211  0.00211  0.50   97359     205   97256  3270961  33.60
2020-2022       53      0.00230  0.00230  0.50   97153     223   97042  3173705  32.67
2020-2022       54      0.00236  0.00236  0.50   96930     228   96816  3076663  31.74
2020-2022       55      0.00270  0.00269  0.50   96702     260   96572  2979847  30.81
2020-2022       56      0.00287  0.00286  0.50   96441     276   96303  2883276  29.90
2020-2022       57      0.00303  0.00302  0.50   96165     291   96020  2786972  28.98
2020-2022       58      0.00319  0.00318  0.50   95875     305   95722  2690952  28.07
2020-2022       59      0.00366  0.00365  0.50   95570     349   95395  2595230  27.16
2020-2022       60      0.00391  0.00391  0.50   95221     372   95035  2499835  26.25
2020-2022       61      0.00431  0.00430  0.50   94849     408   94645  2404800  25.35
2020-2022       62      0.00443  0.00442  0.50   94441     417   94232  2310155  24.46
2020-2022       63      0.00515  0.00514  0.50   94024     483   93782  2215923  23.57
2020-2022       64      0.00548  0.00546  0.50   93541     511   93285  2122140  22.69
2020-2022       65      0.00594  0.00592  0.50   93030     551   92754  2028855  21.81
2020-2022       66      0.00657  0.00655  0.50   92479     606   92176  1936101  20.94
2020-2022       67      0.00713  0.00710  0.50   91873     652   91547  1843925  20.07
2020-2022       68      0.00763  0.00760  0.50   91221     693   90874  1752378  19.21
2020-2022       69      0.00846  0.00843  0.50   90527     763   90146  1661504  18.35
2020-2022       70      0.00926  0.00922  0.50   89765     828   89351  1571358  17.51
2020-2022       71      0.01015  0.01009  0.50   88937     898   88488  1482008  16.66
2020-2022       72      0.01189  0.01182  0.50   88039    1040   87519  1393520  15.83
2020-2022       73      0.01335  0.01326  0.50   86999    1154   86422  1306001  15.01
2020-2022       74      0.01485  0.01474  0.50   85845    1265   85212  1219579  14.21
2020-2022       75      0.01762  0.01747  0.50   84580    1478   83841  1134367  13.41
2020-2022       76      0.01984  0.01965  0.50   83102    1633   82286  1050525  12.64
2020-2022       77      0.02362  0.02335  0.50   81470    1902   80519   968239  11.88
2020-2022       78      0.02713  0.02677  0.50   79568    2130   78503   887721  11.16
2020-2022       79      0.03127  0.03078  0.50   77438    2384   76246   809218  10.45
2020-2022       80      0.03539  0.03477  0.50   75054    2610   73749   732971   9.77
2020-2022       81      0.04194  0.04108  0.50   72445    2976   70957   659222   9.10
2020-2022       82      0.04806  0.04693  0.50   69468    3260   67838   588265   8.47
2020-2022       83      0.05595  0.05443  0.50   66208    3604   64406   520427   7.86
2020-2022       84      0.06454  0.06252  0.50   62604    3914   60647   456021   7.28
2020-2022       85      0.07350  0.07089  0.50   58690    4161   56610   395374   6.74
2020-2022       86      0.08562  0.08211  0.50   54529    4477   52291   338764   6.21
2020-2022       87      0.10124  0.09636  0.50   50052    4823   47641   286473   5.72
2020-2022       88      0.11639  0.10999  0.50   45229    4975   42742   238832   5.28
2020-2022       89      0.13346  0.12511  0.50   40255    5036   37736   196090   4.87
2020-2022       90      0.15277  0.14193  0.50   35218    4998   32719   158354   4.50
2020-2022       91      0.17080  0.15736  0.50   30220    4755   27842   125635   4.16
2020-2022       92      0.19020  0.17368  0.50   25464    4423   23253    97793   3.84
2020-2022       93      0.21449  0.19371  0.50   21042    4076   19004    74540   3.54
2020-2022       94      0.23523  0.21047  0.50   16966    3571   15180    55536   3.27
2020-2022       95      0.26550  0.23438  0.50   13395    3140   11825    40356   3.01
2020-2022       96      0.29565  0.25757  0.50   10255    2641    8935    28531   2.78
2020-2022       97      0.32770  0.28156  0.50    7614    2144    6542    19597   2.57
2020-2022       98      0.36144  0.30612  0.50    5470    1674    4633    13055   2.39
2020-2022       99      0.39660  0.33097  0.50    3796    1256    3167     8422   2.22
2020-2022      100      0.43286  0.35585  0.50    2539     904    2088     5255   2.07
2020-2022      101      0.46986  0.38048  0.50    1636     622    1325     3167   1.94
2020-2022      102      0.50720  0.40459  0.50    1013     410     808     1843   1.82
2020-2022      103      0.54445  0.42795  0.50     603     258     474     1034   1.71
2020-2022      104      0.58121  0.45034  0.50     345     155     267      560   1.62
2020-2022      105      0.61710  0.47159  0.50     190      89     145      293   1.54
2020-2022      106      0.65175  0.49156  0.50     100      49      76      148   1.47
2020-2022      107      0.68486  0.51017  0.50      51      26      38       72   1.41
2020-2022      108      0.71620  0.52735  0.50      25      13      18       34   1.36
2020-2022      109      0.74558  0.54311  0.50      12       6       9       16   1.32
2020-2022      110+     0.77288  1.00000  1.29       5       5       7        7   1.29
