Russia, Life tables (period 1x10), Females	Last modified: 26 Sep 2017;  Methods Protocol: v6 (2017)

  Year          Age         mx       qx    ax      lx      dx      Lx       Tx     ex
1960-1969        0      0.02601  0.02545  0.15  100000    2545   97831  7300656  73.01
1960-1969        1      0.00347  0.00346  0.50   97455     337   97287  7202825  73.91
1960-1969        2      0.00160  0.00160  0.50   97118     156   97040  7105539  73.16
1960-1969        3      0.00107  0.00107  0.50   96963     104   96910  7008498  72.28
1960-1969        4      0.00084  0.00084  0.50   96858      82   96818  6911588  71.36
1960-1969        5      0.00073  0.00073  0.50   96777      70   96741  6814770  70.42
1960-1969        6      0.00066  0.00066  0.50   96706      64   96674  6718029  69.47
1960-1969        7      0.00060  0.00060  0.50   96642      58   96613  6621355  68.51
1960-1969        8      0.00053  0.00053  0.50   96584      51   96559  6524741  67.55
1960-1969        9      0.00047  0.00047  0.50   96533      46   96511  6428183  66.59
1960-1969       10      0.00046  0.00046  0.50   96488      45   96465  6331672  65.62
1960-1969       11      0.00042  0.00042  0.50   96443      41   96423  6235207  64.65
1960-1969       12      0.00048  0.00048  0.50   96402      46   96379  6138784  63.68
1960-1969       13      0.00047  0.00047  0.50   96356      45   96333  6042405  62.71
1960-1969       14      0.00049  0.00049  0.50   96311      48   96287  5946072  61.74
1960-1969       15      0.00052  0.00052  0.50   96263      50   96238  5849785  60.77
1960-1969       16      0.00060  0.00060  0.50   96213      58   96184  5753547  59.80
1960-1969       17      0.00067  0.00067  0.50   96155      64   96123  5657363  58.84
1960-1969       18      0.00077  0.00076  0.50   96091      73   96054  5561240  57.87
1960-1969       19      0.00081  0.00081  0.50   96017      78   95978  5465187  56.92
1960-1969       20      0.00097  0.00097  0.50   95939      93   95892  5369209  55.96
1960-1969       21      0.00091  0.00091  0.50   95846      87   95802  5273316  55.02
1960-1969       22      0.00102  0.00101  0.50   95758      97   95710  5177514  54.07
1960-1969       23      0.00103  0.00103  0.50   95661      98   95612  5081804  53.12
1960-1969       24      0.00103  0.00103  0.50   95563      99   95514  4986192  52.18
1960-1969       25      0.00112  0.00112  0.50   95464     107   95411  4890679  51.23
1960-1969       26      0.00110  0.00110  0.50   95358     105   95305  4795268  50.29
1960-1969       27      0.00111  0.00111  0.50   95253     106   95200  4699962  49.34
1960-1969       28      0.00118  0.00117  0.50   95147     112   95091  4604762  48.40
1960-1969       29      0.00115  0.00115  0.50   95035     110   94980  4509672  47.45
1960-1969       30      0.00146  0.00146  0.50   94925     138   94856  4414691  46.51
1960-1969       31      0.00125  0.00125  0.50   94787     118   94728  4319835  45.57
1960-1969       32      0.00154  0.00154  0.50   94669     146   94596  4225107  44.63
1960-1969       33      0.00150  0.00150  0.50   94523     141   94452  4130512  43.70
1960-1969       34      0.00155  0.00155  0.50   94381     146   94308  4036059  42.76
1960-1969       35      0.00175  0.00175  0.50   94235     165   94152  3941751  41.83
1960-1969       36      0.00180  0.00179  0.50   94070     169   93985  3847599  40.90
1960-1969       37      0.00184  0.00184  0.50   93901     173   93815  3753614  39.97
1960-1969       38      0.00204  0.00204  0.50   93728     191   93633  3659799  39.05
1960-1969       39      0.00204  0.00204  0.50   93537     191   93442  3566167  38.13
1960-1969       40      0.00248  0.00248  0.50   93346     232   93230  3472725  37.20
1960-1969       41      0.00221  0.00221  0.50   93115     206   93012  3379494  36.29
1960-1969       42      0.00280  0.00280  0.50   92909     260   92779  3286483  35.37
1960-1969       43      0.00286  0.00285  0.50   92649     264   92517  3193704  34.47
1960-1969       44      0.00295  0.00295  0.50   92385     272   92249  3101187  33.57
1960-1969       45      0.00343  0.00343  0.50   92113     316   91955  3008938  32.67
1960-1969       46      0.00352  0.00352  0.50   91797     323   91635  2916984  31.78
1960-1969       47      0.00367  0.00366  0.50   91474     335   91306  2825348  30.89
1960-1969       48      0.00422  0.00421  0.50   91139     384   90947  2734042  30.00
1960-1969       49      0.00418  0.00417  0.50   90755     378   90566  2643095  29.12
1960-1969       50      0.00507  0.00506  0.50   90377     457   90148  2552529  28.24
1960-1969       51      0.00452  0.00451  0.50   89920     405   89717  2462381  27.38
1960-1969       52      0.00561  0.00559  0.50   89514     501   89264  2372664  26.51
1960-1969       53      0.00567  0.00565  0.50   89014     503   88762  2283400  25.65
1960-1969       54      0.00617  0.00615  0.50   88511     545   88238  2194638  24.80
1960-1969       55      0.00691  0.00689  0.50   87966     606   87663  2106399  23.95
1960-1969       56      0.00727  0.00724  0.50   87360     633   87044  2018736  23.11
1960-1969       57      0.00785  0.00782  0.50   86727     678   86388  1931693  22.27
1960-1969       58      0.00864  0.00860  0.50   86049     740   85679  1845305  21.44
1960-1969       59      0.00882  0.00878  0.50   85309     749   84934  1759626  20.63
1960-1969       60      0.01187  0.01180  0.50   84560     998   84061  1674691  19.80
1960-1969       61      0.01046  0.01040  0.50   83562     869   83127  1590630  19.04
1960-1969       62      0.01349  0.01340  0.50   82692    1108   82138  1507503  18.23
1960-1969       63      0.01442  0.01432  0.50   81584    1168   81000  1425365  17.47
1960-1969       64      0.01578  0.01565  0.50   80416    1259   79787  1344364  16.72
1960-1969       65      0.01858  0.01841  0.50   79158    1458   78429  1264577  15.98
1960-1969       66      0.01870  0.01853  0.50   77700    1440   76980  1186148  15.27
1960-1969       67      0.02239  0.02214  0.50   76260    1689   75416  1109168  14.54
1960-1969       68      0.02456  0.02426  0.50   74572    1809   73667  1033752  13.86
1960-1969       69      0.02454  0.02425  0.50   72763    1764   71881   960085  13.19
1960-1969       70      0.03379  0.03323  0.50   70998    2359   69819   888205  12.51
1960-1969       71      0.02852  0.02812  0.50   68639    1930   67674   818386  11.92
1960-1969       72      0.03898  0.03823  0.50   66709    2550   65434   750711  11.25
1960-1969       73      0.04209  0.04122  0.50   64159    2645   62836   685277  10.68
1960-1969       74      0.04545  0.04444  0.50   61514    2734   60147   622441  10.12
1960-1969       75      0.05368  0.05228  0.50   58780    3073   57244   562294   9.57
1960-1969       76      0.05718  0.05559  0.50   55707    3097   54159   505050   9.07
1960-1969       77      0.05851  0.05685  0.50   52610    2991   51115   450891   8.57
1960-1969       78      0.07503  0.07231  0.50   49620    3588   47826   399776   8.06
1960-1969       79      0.06722  0.06503  0.50   46032    2993   44535   351950   7.65
1960-1969       80      0.09949  0.09478  0.50   43038    4079   40999   307415   7.14
1960-1969       81      0.08163  0.07843  0.50   38959    3056   37431   266417   6.84
1960-1969       82      0.10945  0.10377  0.50   35903    3726   34041   228985   6.38
1960-1969       83      0.11489  0.10865  0.50   32178    3496   30430   194945   6.06
1960-1969       84      0.12623  0.11873  0.50   28682    3405   26979   164515   5.74
1960-1969       85      0.14322  0.13365  0.50   25276    3378   23587   137536   5.44
1960-1969       86      0.15259  0.14178  0.50   21898    3105   20346   113949   5.20
1960-1969       87      0.16353  0.15117  0.50   18793    2841   17373    93604   4.98
1960-1969       88      0.17582  0.16161  0.50   15952    2578   14663    76231   4.78
1960-1969       89      0.16545  0.15281  0.50   13374    2044   12352    61568   4.60
1960-1969       90      0.23408  0.20955  0.50   11331    2374   10143    49215   4.34
1960-1969       91      0.16203  0.14989  0.50    8956    1342    8285    39072   4.36
1960-1969       92      0.20683  0.18744  0.50    7614    1427    6900    30787   4.04
1960-1969       93      0.20378  0.18493  0.50    6187    1144    5615    23887   3.86
1960-1969       94      0.21052  0.19047  0.50    5043     960    4562    18272   3.62
1960-1969       95      0.25652  0.22736  0.50    4082     928    3618    13710   3.36
1960-1969       96      0.27220  0.23959  0.50    3154     756    2776    10092   3.20
1960-1969       97      0.28848  0.25211  0.50    2398     605    2096     7316   3.05
1960-1969       98      0.30532  0.26488  0.50    1794     475    1556     5220   2.91
1960-1969       99      0.32269  0.27786  0.50    1319     366    1135     3664   2.78
1960-1969      100      0.34057  0.29102  0.50     952     277     814     2528   2.66
1960-1969      101      0.35892  0.30431  0.50     675     205     572     1715   2.54
1960-1969      102      0.37769  0.31769  0.50     470     149     395     1142   2.43
1960-1969      103      0.39683  0.33113  0.50     320     106     267      747   2.33
1960-1969      104      0.41629  0.34457  0.50     214      74     177      480   2.24
1960-1969      105      0.43602  0.35798  0.50     140      50     115      302   2.15
1960-1969      106      0.45595  0.37130  0.50      90      33      73      187   2.07
1960-1969      107      0.47603  0.38451  0.50      57      22      46      114   2.00
1960-1969      108      0.49618  0.39755  0.50      35      14      28       68   1.94
1960-1969      109      0.51634  0.41039  0.50      21       9      17       40   1.89
1960-1969      110+     0.53646  1.00000  1.86      12      12      23       23   1.86
1970-1979        0      0.01926  0.01894  0.12  100000    1894   98336  7338701  73.39
1970-1979        1      0.00239  0.00239  0.50   98106     235   97989  7240365  73.80
1970-1979        2      0.00114  0.00114  0.50   97872     112   97816  7142376  72.98
1970-1979        3      0.00080  0.00080  0.50   97760      78   97721  7044560  72.06
1970-1979        4      0.00069  0.00069  0.50   97682      68   97648  6946839  71.12
1970-1979        5      0.00058  0.00058  0.50   97615      57   97586  6849191  70.17
1970-1979        6      0.00054  0.00054  0.50   97558      53   97531  6751604  69.21
1970-1979        7      0.00052  0.00052  0.50   97505      50   97480  6654073  68.24
1970-1979        8      0.00046  0.00046  0.50   97455      44   97432  6556593  67.28
1970-1979        9      0.00041  0.00041  0.50   97410      40   97390  6459161  66.31
1970-1979       10      0.00039  0.00039  0.50   97370      38   97351  6361771  65.34
1970-1979       11      0.00038  0.00038  0.50   97332      37   97313  6264420  64.36
1970-1979       12      0.00038  0.00038  0.50   97294      37   97276  6167107  63.39
1970-1979       13      0.00039  0.00039  0.50   97257      38   97238  6069831  62.41
1970-1979       14      0.00040  0.00040  0.50   97220      39   97200  5972593  61.43
1970-1979       15      0.00046  0.00046  0.50   97181      45   97158  5875392  60.46
1970-1979       16      0.00053  0.00053  0.50   97136      51   97110  5778234  59.49
1970-1979       17      0.00058  0.00058  0.50   97084      56   97056  5681124  58.52
1970-1979       18      0.00065  0.00065  0.50   97028      63   96997  5584068  57.55
1970-1979       19      0.00069  0.00069  0.50   96965      67   96932  5487071  56.59
1970-1979       20      0.00075  0.00075  0.50   96898      73   96862  5390140  55.63
1970-1979       21      0.00075  0.00075  0.50   96825      73   96789  5293278  54.67
1970-1979       22      0.00078  0.00078  0.50   96752      75   96715  5196489  53.71
1970-1979       23      0.00079  0.00078  0.50   96677      76   96639  5099775  52.75
1970-1979       24      0.00082  0.00082  0.50   96601      79   96562  5003135  51.79
1970-1979       25      0.00089  0.00089  0.50   96522      86   96479  4906573  50.83
1970-1979       26      0.00090  0.00090  0.50   96436      87   96393  4810094  49.88
1970-1979       27      0.00095  0.00095  0.50   96349      92   96304  4713701  48.92
1970-1979       28      0.00101  0.00101  0.50   96258      98   96209  4617397  47.97
1970-1979       29      0.00109  0.00109  0.50   96160     105   96108  4521188  47.02
1970-1979       30      0.00124  0.00123  0.50   96056     119   95996  4425080  46.07
1970-1979       31      0.00125  0.00125  0.50   95937     120   95877  4329084  45.12
1970-1979       32      0.00137  0.00137  0.50   95817     131   95751  4233207  44.18
1970-1979       33      0.00141  0.00141  0.50   95686     135   95618  4137456  43.24
1970-1979       34      0.00152  0.00152  0.50   95551     145   95479  4041837  42.30
1970-1979       35      0.00169  0.00169  0.50   95406     161   95326  3946359  41.36
1970-1979       36      0.00176  0.00176  0.50   95245     168   95161  3851033  40.43
1970-1979       37      0.00187  0.00186  0.50   95077     177   94989  3755871  39.50
1970-1979       38      0.00201  0.00201  0.50   94900     191   94805  3660883  38.58
1970-1979       39      0.00212  0.00211  0.50   94709     200   94609  3566078  37.65
1970-1979       40      0.00241  0.00241  0.50   94509     227   94395  3471469  36.73
1970-1979       41      0.00242  0.00242  0.50   94282     228   94168  3377074  35.82
1970-1979       42      0.00272  0.00272  0.50   94054     256   93926  3282906  34.90
1970-1979       43      0.00287  0.00287  0.50   93798     269   93663  3188980  34.00
1970-1979       44      0.00309  0.00309  0.50   93529     289   93385  3095317  33.09
1970-1979       45      0.00342  0.00342  0.50   93240     319   93081  3001932  32.20
1970-1979       46      0.00370  0.00369  0.50   92922     343   92750  2908851  31.30
1970-1979       47      0.00397  0.00396  0.50   92578     367   92395  2816101  30.42
1970-1979       48      0.00431  0.00430  0.50   92211     396   92013  2723707  29.54
1970-1979       49      0.00469  0.00468  0.50   91815     430   91600  2631693  28.66
1970-1979       50      0.00527  0.00526  0.50   91385     480   91145  2540093  27.80
1970-1979       51      0.00549  0.00547  0.50   90905     498   90656  2448948  26.94
1970-1979       52      0.00599  0.00598  0.50   90407     540   90137  2358292  26.09
1970-1979       53      0.00639  0.00637  0.50   89867     573   89580  2268155  25.24
1970-1979       54      0.00698  0.00696  0.50   89294     621   88983  2178575  24.40
1970-1979       55      0.00752  0.00749  0.50   88673     664   88341  2089591  23.57
1970-1979       56      0.00803  0.00800  0.50   88009     704   87657  2001250  22.74
1970-1979       57      0.00861  0.00857  0.50   87305     748   86931  1913594  21.92
1970-1979       58      0.00920  0.00916  0.50   86557     793   86161  1826663  21.10
1970-1979       59      0.00983  0.00978  0.50   85764     839   85345  1740502  20.29
1970-1979       60      0.01138  0.01131  0.50   84925     961   84445  1655157  19.49
1970-1979       61      0.01171  0.01165  0.50   83965     978   83476  1570712  18.71
1970-1979       62      0.01328  0.01320  0.50   82987    1095   82439  1487236  17.92
1970-1979       63      0.01442  0.01432  0.50   81892    1173   81305  1404797  17.15
1970-1979       64      0.01584  0.01572  0.50   80719    1269   80085  1323492  16.40
1970-1979       65      0.01771  0.01756  0.50   79450    1395   78753  1243407  15.65
1970-1979       66      0.01932  0.01913  0.50   78055    1494   77309  1164654  14.92
1970-1979       67      0.02148  0.02125  0.50   76562    1627   75749  1087345  14.20
1970-1979       68      0.02391  0.02362  0.50   74935    1770   74050  1011597  13.50
1970-1979       69      0.02648  0.02614  0.50   73165    1912   72209   937547  12.81
1970-1979       70      0.03143  0.03095  0.50   71253    2205   70150   865338  12.14
1970-1979       71      0.03324  0.03270  0.50   69047    2258   67919   795188  11.52
1970-1979       72      0.03881  0.03807  0.50   66790    2543   65518   727269  10.89
1970-1979       73      0.04265  0.04176  0.50   64247    2683   62906   661751  10.30
1970-1979       74      0.04800  0.04688  0.50   61564    2886   60121   598845   9.73
1970-1979       75      0.05392  0.05250  0.50   58678    3081   57138   538724   9.18
1970-1979       76      0.05997  0.05823  0.50   55598    3237   53979   481586   8.66
1970-1979       77      0.06606  0.06395  0.50   52360    3348   50686   427607   8.17
1970-1979       78      0.07706  0.07420  0.50   49012    3637   47194   376921   7.69
1970-1979       79      0.08214  0.07890  0.50   45375    3580   43585   329727   7.27
1970-1979       80      0.09583  0.09145  0.50   41795    3822   39884   286142   6.85
1970-1979       81      0.09776  0.09320  0.50   37973    3539   36204   246258   6.49
1970-1979       82      0.11394  0.10780  0.50   34434    3712   32578   210054   6.10
1970-1979       83      0.12189  0.11489  0.50   30722    3530   28957   177476   5.78
1970-1979       84      0.13432  0.12587  0.50   27193    3423   25481   148519   5.46
1970-1979       85      0.14459  0.13484  0.50   23770    3205   22167   123038   5.18
1970-1979       86      0.15987  0.14803  0.50   20565    3044   19043   100870   4.91
1970-1979       87      0.16775  0.15477  0.50   17520    2712   16165    81828   4.67
1970-1979       88      0.18148  0.16639  0.50   14809    2464   13577    65663   4.43
1970-1979       89      0.19031  0.17377  0.50   12345    2145   11272    52086   4.22
1970-1979       90      0.22168  0.19956  0.50   10200    2035    9182    40814   4.00
1970-1979       91      0.20433  0.18539  0.50    8164    1514    7407    31632   3.87
1970-1979       92      0.23101  0.20709  0.50    6651    1377    5962    24225   3.64
1970-1979       93      0.24019  0.21444  0.50    5273    1131    4708    18263   3.46
1970-1979       94      0.25221  0.22397  0.50    4143     928    3679    13555   3.27
1970-1979       95      0.28319  0.24807  0.50    3215     797    2816     9876   3.07
1970-1979       96      0.30121  0.26179  0.50    2417     633    2101     7060   2.92
1970-1979       97      0.31987  0.27577  0.50    1784     492    1538     4959   2.78
1970-1979       98      0.33912  0.28996  0.50    1292     375    1105     3421   2.65
1970-1979       99      0.35892  0.30431  0.50     918     279     778     2316   2.52
1970-1979      100      0.37922  0.31877  0.50     638     204     537     1538   2.41
1970-1979      101      0.39994  0.33329  0.50     435     145     362     1001   2.30
1970-1979      102      0.42103  0.34781  0.50     290     101     240      639   2.20
1970-1979      103      0.44241  0.36227  0.50     189      69     155      399   2.11
1970-1979      104      0.46401  0.37663  0.50     121      45      98      244   2.03
1970-1979      105      0.48574  0.39082  0.50      75      29      60      146   1.95
1970-1979      106      0.50752  0.40480  0.50      46      19      37       86   1.88
1970-1979      107      0.52928  0.41852  0.50      27      11      22       49   1.81
1970-1979      108      0.55093  0.43194  0.50      16       7      12       28   1.76
1970-1979      109      0.57238  0.44502  0.50       9       4       7       15   1.71
1970-1979      110+     0.59357  1.00000  1.68       5       5       8        8   1.68
1980-1989        0      0.01709  0.01684  0.11  100000    1684   98508  7366667  73.67
1980-1989        1      0.00223  0.00223  0.50   98316     219   98207  7268158  73.93
1980-1989        2      0.00103  0.00103  0.50   98097     101   98047  7169952  73.09
1980-1989        3      0.00070  0.00070  0.50   97997      68   97962  7071905  72.16
1980-1989        4      0.00059  0.00059  0.50   97928      58   97899  6973942  71.21
1980-1989        5      0.00050  0.00050  0.50   97870      49   97846  6876043  70.26
1980-1989        6      0.00045  0.00045  0.50   97821      44   97800  6778197  69.29
1980-1989        7      0.00044  0.00044  0.50   97778      43   97756  6680397  68.32
1980-1989        8      0.00040  0.00040  0.50   97735      39   97715  6582641  67.35
1980-1989        9      0.00035  0.00035  0.50   97695      34   97678  6484926  66.38
1980-1989       10      0.00033  0.00033  0.50   97661      32   97645  6387248  65.40
1980-1989       11      0.00032  0.00032  0.50   97629      31   97614  6289603  64.42
1980-1989       12      0.00032  0.00032  0.50   97598      31   97583  6191989  63.44
1980-1989       13      0.00033  0.00033  0.50   97567      33   97551  6094406  62.46
1980-1989       14      0.00037  0.00037  0.50   97535      36   97517  5996855  61.48
1980-1989       15      0.00046  0.00046  0.50   97499      44   97476  5899339  60.51
1980-1989       16      0.00053  0.00053  0.50   97454      51   97428  5801862  59.53
1980-1989       17      0.00057  0.00057  0.50   97403      56   97375  5704434  58.57
1980-1989       18      0.00065  0.00065  0.50   97347      63   97316  5607059  57.60
1980-1989       19      0.00068  0.00068  0.50   97284      66   97251  5509743  56.64
1980-1989       20      0.00071  0.00071  0.50   97218      69   97184  5412492  55.67
1980-1989       21      0.00069  0.00069  0.50   97149      67   97116  5315309  54.71
1980-1989       22      0.00068  0.00068  0.50   97082      66   97049  5218193  53.75
1980-1989       23      0.00071  0.00071  0.50   97016      69   96982  5121143  52.79
1980-1989       24      0.00072  0.00072  0.50   96948      70   96913  5024161  51.82
1980-1989       25      0.00078  0.00078  0.50   96878      76   96840  4927249  50.86
1980-1989       26      0.00079  0.00079  0.50   96802      77   96764  4830409  49.90
1980-1989       27      0.00084  0.00084  0.50   96725      81   96685  4733645  48.94
1980-1989       28      0.00088  0.00087  0.50   96644      85   96602  4636961  47.98
1980-1989       29      0.00095  0.00095  0.50   96560      92   96514  4540359  47.02
1980-1989       30      0.00103  0.00103  0.50   96468      99   96419  4443845  46.07
1980-1989       31      0.00110  0.00110  0.50   96369     106   96316  4347426  45.11
1980-1989       32      0.00115  0.00115  0.50   96263     111   96208  4251110  44.16
1980-1989       33      0.00125  0.00125  0.50   96153     120   96093  4154902  43.21
1980-1989       34      0.00133  0.00133  0.50   96033     127   95969  4058810  42.26
1980-1989       35      0.00146  0.00146  0.50   95905     140   95835  3962841  41.32
1980-1989       36      0.00154  0.00154  0.50   95765     147   95692  3867005  40.38
1980-1989       37      0.00166  0.00166  0.50   95618     159   95539  3771314  39.44
1980-1989       38      0.00182  0.00182  0.50   95459     174   95373  3675775  38.51
1980-1989       39      0.00198  0.00197  0.50   95286     188   95192  3580403  37.58
1980-1989       40      0.00226  0.00226  0.50   95098     215   94990  3485211  36.65
1980-1989       41      0.00236  0.00235  0.50   94883     223   94771  3390221  35.73
1980-1989       42      0.00261  0.00261  0.50   94660     247   94536  3295449  34.81
1980-1989       43      0.00280  0.00279  0.50   94413     264   94281  3200913  33.90
1980-1989       44      0.00303  0.00303  0.50   94149     285   94006  3106633  33.00
1980-1989       45      0.00329  0.00328  0.50   93864     308   93710  3012626  32.10
1980-1989       46      0.00349  0.00349  0.50   93556     326   93392  2918917  31.20
1980-1989       47      0.00380  0.00379  0.50   93229     354   93052  2825524  30.31
1980-1989       48      0.00411  0.00410  0.50   92875     381   92685  2732472  29.42
1980-1989       49      0.00449  0.00448  0.50   92495     414   92287  2639787  28.54
1980-1989       50      0.00502  0.00501  0.50   92080     461   91850  2547500  27.67
1980-1989       51      0.00535  0.00534  0.50   91619     489   91375  2455650  26.80
1980-1989       52      0.00589  0.00587  0.50   91130     535   90863  2364275  25.94
1980-1989       53      0.00635  0.00633  0.50   90595     573   90309  2273413  25.09
1980-1989       54      0.00688  0.00685  0.50   90022     617   89714  2183104  24.25
1980-1989       55      0.00759  0.00756  0.50   89405     676   89067  2093390  23.41
1980-1989       56      0.00829  0.00826  0.50   88729     733   88363  2004323  22.59
1980-1989       57      0.00888  0.00884  0.50   87997     778   87608  1915960  21.77
1980-1989       58      0.00957  0.00952  0.50   87219     831   86804  1828352  20.96
1980-1989       59      0.01061  0.01055  0.50   86388     911   85933  1741549  20.16
1980-1989       60      0.01171  0.01164  0.50   85477     995   84979  1655616  19.37
1980-1989       61      0.01260  0.01252  0.50   84482    1057   83953  1570637  18.59
1980-1989       62      0.01399  0.01390  0.50   83425    1159   82845  1486683  17.82
1980-1989       63      0.01522  0.01510  0.50   82265    1242   81644  1403838  17.06
1980-1989       64      0.01679  0.01665  0.50   81023    1349   80348  1322194  16.32
1980-1989       65      0.01859  0.01842  0.50   79674    1467   78940  1241846  15.59
1980-1989       66      0.02022  0.02002  0.50   78207    1566   77424  1162905  14.87
1980-1989       67      0.02219  0.02194  0.50   76641    1682   75800  1085481  14.16
1980-1989       68      0.02455  0.02425  0.50   74959    1818   74050  1009681  13.47
1980-1989       69      0.02706  0.02670  0.50   73141    1953   72165   935631  12.79
1980-1989       70      0.03092  0.03045  0.50   71189    2167   70105   863466  12.13
1980-1989       71      0.03338  0.03283  0.50   69021    2266   67888   793361  11.49
1980-1989       72      0.03772  0.03702  0.50   66755    2471   65520   725473  10.87
1980-1989       73      0.04188  0.04102  0.50   64284    2637   62966   659953  10.27
1980-1989       74      0.04665  0.04559  0.50   61647    2810   60242   596988   9.68
1980-1989       75      0.05203  0.05071  0.50   58837    2984   57345   536745   9.12
1980-1989       76      0.05804  0.05641  0.50   55853    3150   54278   479400   8.58
1980-1989       77      0.06412  0.06213  0.50   52703    3274   51066   425122   8.07
1980-1989       78      0.07128  0.06883  0.50   49429    3402   47727   374056   7.57
1980-1989       79      0.07903  0.07603  0.50   46026    3499   44277   326329   7.09
1980-1989       80      0.09418  0.08994  0.50   42527    3825   40614   282052   6.63
1980-1989       81      0.10191  0.09697  0.50   38702    3753   36826   241438   6.24
1980-1989       82      0.11495  0.10870  0.50   34949    3799   33050   204612   5.85
1980-1989       83      0.12629  0.11879  0.50   31150    3700   29300   171563   5.51
1980-1989       84      0.14006  0.13089  0.50   27450    3593   25654   142262   5.18
1980-1989       85      0.15367  0.14270  0.50   23857    3405   22155   116609   4.89
1980-1989       86      0.16932  0.15610  0.50   20453    3193   18856    94454   4.62
1980-1989       87      0.18157  0.16646  0.50   17260    2873   15823    75598   4.38
1980-1989       88      0.19543  0.17803  0.50   14387    2561   13106    59775   4.15
1980-1989       89      0.20832  0.18867  0.50   11825    2231   10710    46668   3.95
1980-1989       90      0.23102  0.20710  0.50    9594    1987    8601    35959   3.75
1980-1989       91      0.23411  0.20958  0.50    7607    1594    6810    27358   3.60
1980-1989       92      0.25159  0.22348  0.50    6013    1344    5341    20547   3.42
1980-1989       93      0.25936  0.22958  0.50    4669    1072    4133    15206   3.26
1980-1989       94      0.26554  0.23441  0.50    3597     843    3176    11073   3.08
1980-1989       95      0.30556  0.26507  0.50    2754     730    2389     7897   2.87
1980-1989       96      0.32566  0.28005  0.50    2024     567    1741     5508   2.72
1980-1989       97      0.34641  0.29527  0.50    1457     430    1242     3768   2.59
1980-1989       98      0.36776  0.31064  0.50    1027     319     867     2526   2.46
1980-1989       99      0.38965  0.32611  0.50     708     231     592     1658   2.34
1980-1989      100      0.41199  0.34162  0.50     477     163     396     1066   2.23
1980-1989      101      0.43469  0.35708  0.50     314     112     258      670   2.13
1980-1989      102      0.45768  0.37245  0.50     202      75     164      412   2.04
1980-1989      103      0.48085  0.38765  0.50     127      49     102      248   1.96
1980-1989      104      0.50410  0.40262  0.50      78      31      62      146   1.88
1980-1989      105      0.52733  0.41730  0.50      46      19      37       84   1.80
1980-1989      106      0.55044  0.43164  0.50      27      12      21       47   1.74
1980-1989      107      0.57334  0.44560  0.50      15       7      12       26   1.68
1980-1989      108      0.59593  0.45913  0.50       9       4       7       14   1.63
1980-1989      109      0.61812  0.47218  0.50       5       2       4        7   1.59
1980-1989      110+     0.63982  1.00000  1.56       2       2       4        4   1.56
1990-1999        0      0.01496  0.01477  0.12  100000    1477   98698  7273311  72.73
1990-1999        1      0.00162  0.00161  0.50   98523     159   98444  7174613  72.82
1990-1999        2      0.00087  0.00087  0.50   98364      86   98321  7076169  71.94
1990-1999        3      0.00064  0.00064  0.50   98279      62   98247  6977848  71.00
1990-1999        4      0.00057  0.00057  0.50   98216      56   98188  6879601  70.05
1990-1999        5      0.00047  0.00047  0.50   98160      46   98136  6781413  69.09
1990-1999        6      0.00041  0.00041  0.50   98113      40   98093  6683276  68.12
1990-1999        7      0.00039  0.00039  0.50   98073      38   98054  6585183  67.15
1990-1999        8      0.00036  0.00036  0.50   98035      35   98017  6487129  66.17
1990-1999        9      0.00032  0.00032  0.50   98000      31   97984  6389111  65.20
1990-1999       10      0.00030  0.00030  0.50   97968      29   97954  6291127  64.22
1990-1999       11      0.00029  0.00029  0.50   97939      28   97925  6193174  63.23
1990-1999       12      0.00030  0.00030  0.50   97911      29   97896  6095249  62.25
1990-1999       13      0.00034  0.00034  0.50   97881      33   97865  5997352  61.27
1990-1999       14      0.00041  0.00041  0.50   97848      40   97828  5899488  60.29
1990-1999       15      0.00055  0.00055  0.50   97808      54   97781  5801660  59.32
1990-1999       16      0.00071  0.00071  0.50   97754      69   97720  5703879  58.35
1990-1999       17      0.00080  0.00080  0.50   97685      78   97646  5606159  57.39
1990-1999       18      0.00087  0.00087  0.50   97607      84   97564  5508513  56.44
1990-1999       19      0.00090  0.00090  0.50   97522      88   97478  5410949  55.48
1990-1999       20      0.00094  0.00094  0.50   97434      91   97389  5313471  54.53
1990-1999       21      0.00092  0.00092  0.50   97343      89   97298  5216082  53.58
1990-1999       22      0.00094  0.00094  0.50   97254      92   97208  5118784  52.63
1990-1999       23      0.00095  0.00095  0.50   97162      92   97116  5021576  51.68
1990-1999       24      0.00098  0.00098  0.50   97070      95   97022  4924460  50.73
1990-1999       25      0.00104  0.00104  0.50   96974     101   96924  4827439  49.78
1990-1999       26      0.00104  0.00104  0.50   96874     100   96823  4730515  48.83
1990-1999       27      0.00109  0.00109  0.50   96773     105   96720  4633691  47.88
1990-1999       28      0.00113  0.00113  0.50   96668     109   96613  4536971  46.93
1990-1999       29      0.00120  0.00119  0.50   96558     115   96501  4440358  45.99
1990-1999       30      0.00132  0.00131  0.50   96443     127   96380  4343857  45.04
1990-1999       31      0.00134  0.00134  0.50   96316     129   96252  4247477  44.10
1990-1999       32      0.00143  0.00143  0.50   96187     138   96118  4151225  43.16
1990-1999       33      0.00153  0.00153  0.50   96049     147   95976  4055107  42.22
1990-1999       34      0.00163  0.00163  0.50   95903     157   95824  3959131  41.28
1990-1999       35      0.00184  0.00183  0.50   95746     176   95658  3863307  40.35
1990-1999       36      0.00194  0.00194  0.50   95570     185   95478  3767649  39.42
1990-1999       37      0.00207  0.00207  0.50   95385     197   95286  3672171  38.50
1990-1999       38      0.00224  0.00224  0.50   95188     213   95081  3576884  37.58
1990-1999       39      0.00244  0.00244  0.50   94974     231   94859  3481803  36.66
1990-1999       40      0.00274  0.00273  0.50   94743     259   94613  3386945  35.75
1990-1999       41      0.00293  0.00292  0.50   94484     276   94346  3292331  34.85
1990-1999       42      0.00313  0.00312  0.50   94208     294   94061  3197985  33.95
1990-1999       43      0.00343  0.00343  0.50   93914     322   93753  3103924  33.05
1990-1999       44      0.00379  0.00378  0.50   93592     354   93415  3010172  32.16
1990-1999       45      0.00423  0.00422  0.50   93238     394   93041  2916757  31.28
1990-1999       46      0.00458  0.00457  0.50   92844     424   92632  2823716  30.41
1990-1999       47      0.00492  0.00491  0.50   92419     454   92192  2731085  29.55
1990-1999       48      0.00528  0.00527  0.50   91965     484   91723  2638892  28.69
1990-1999       49      0.00547  0.00546  0.50   91481     499   91231  2547169  27.84
1990-1999       50      0.00600  0.00598  0.50   90982     544   90710  2455937  26.99
1990-1999       51      0.00622  0.00620  0.50   90438     560   90158  2365228  26.15
1990-1999       52      0.00667  0.00665  0.50   89877     598   89578  2275070  25.31
1990-1999       53      0.00720  0.00718  0.50   89280     641   88959  2185492  24.48
1990-1999       54      0.00790  0.00786  0.50   88639     697   88290  2096532  23.65
1990-1999       55      0.00891  0.00887  0.50   87942     780   87552  2008242  22.84
1990-1999       56      0.00953  0.00948  0.50   87162     827   86749  1920690  22.04
1990-1999       57      0.01024  0.01019  0.50   86335     880   85895  1833942  21.24
1990-1999       58      0.01096  0.01090  0.50   85456     931   84990  1748046  20.46
1990-1999       59      0.01176  0.01169  0.50   84524     988   84030  1663056  19.68
1990-1999       60      0.01291  0.01282  0.50   83536    1071   83001  1579026  18.90
1990-1999       61      0.01389  0.01379  0.50   82465    1137   81896  1496026  18.14
1990-1999       62      0.01529  0.01517  0.50   81328    1234   80711  1414129  17.39
1990-1999       63      0.01676  0.01662  0.50   80094    1331   79428  1333418  16.65
1990-1999       64      0.01837  0.01820  0.50   78763    1434   78046  1253990  15.92
1990-1999       65      0.02011  0.01991  0.50   77329    1539   76559  1175944  15.21
1990-1999       66      0.02219  0.02194  0.50   75790    1663   74958  1099385  14.51
1990-1999       67      0.02435  0.02405  0.50   74127    1783   73235  1024427  13.82
1990-1999       68      0.02700  0.02664  0.50   72344    1927   71380   951191  13.15
1990-1999       69      0.02977  0.02934  0.50   70416    2066   69383   879811  12.49
1990-1999       70      0.03314  0.03260  0.50   68350    2228   67236   810428  11.86
1990-1999       71      0.03677  0.03611  0.50   66122    2387   64929   743192  11.24
1990-1999       72      0.04028  0.03949  0.50   63735    2517   62477   678263  10.64
1990-1999       73      0.04439  0.04343  0.50   61218    2658   59889   615786  10.06
1990-1999       74      0.04909  0.04791  0.50   58560    2806   57157   555897   9.49
1990-1999       75      0.05429  0.05286  0.50   55754    2947   54281   498740   8.95
1990-1999       76      0.05991  0.05817  0.50   52807    3072   51271   444460   8.42
1990-1999       77      0.06585  0.06375  0.50   49736    3171   48150   393188   7.91
1990-1999       78      0.07346  0.07085  0.50   46565    3299   44915   345038   7.41
1990-1999       79      0.08177  0.07855  0.50   43265    3399   41566   300123   6.94
1990-1999       80      0.09226  0.08819  0.50   39867    3516   38109   258557   6.49
1990-1999       81      0.10196  0.09702  0.50   36351    3527   34588   220448   6.06
1990-1999       82      0.11394  0.10780  0.50   32824    3538   31055   185861   5.66
1990-1999       83      0.12713  0.11953  0.50   29286    3501   27536   154806   5.29
1990-1999       84      0.14066  0.13142  0.50   25785    3389   24091   127270   4.94
1990-1999       85      0.15583  0.14457  0.50   22397    3238   20778   103179   4.61
1990-1999       86      0.17283  0.15909  0.50   19159    3048   17635    82401   4.30
1990-1999       87      0.19024  0.17372  0.50   16111    2799   14712    64766   4.02
1990-1999       88      0.20888  0.18913  0.50   13312    2518   12053    50054   3.76
1990-1999       89      0.22784  0.20454  0.50   10795    2208    9691    38001   3.52
1990-1999       90      0.25161  0.22349  0.50    8587    1919    7627    28310   3.30
1990-1999       91      0.27134  0.23892  0.50    6668    1593    5871    20683   3.10
1990-1999       92      0.29212  0.25489  0.50    5075    1293    4428    14812   2.92
1990-1999       93      0.31543  0.27246  0.50    3781    1030    3266    10384   2.75
1990-1999       94      0.33498  0.28692  0.50    2751     789    2356     7118   2.59
1990-1999       95      0.36561  0.30910  0.50    1962     606    1658     4762   2.43
1990-1999       96      0.39260  0.32818  0.50    1355     445    1133     3104   2.29
1990-1999       97      0.42026  0.34728  0.50     911     316     752     1971   2.16
1990-1999       98      0.44843  0.36630  0.50     594     218     485     1218   2.05
1990-1999       99      0.47693  0.38510  0.50     377     145     304      733   1.95
1990-1999      100      0.50559  0.40357  0.50     232      93     185      429   1.85
1990-1999      101      0.53421  0.42160  0.50     138      58     109      244   1.77
1990-1999      102      0.56261  0.43909  0.50      80      35      62      135   1.69
1990-1999      103      0.59060  0.45595  0.50      45      20      35       72   1.62
1990-1999      104      0.61801  0.47212  0.50      24      12      19       38   1.55
1990-1999      105      0.64470  0.48754  0.50      13       6      10       19   1.50
1990-1999      106      0.67051  0.50216  0.50       7       3       5       10   1.45
1990-1999      107      0.69534  0.51596  0.50       3       2       2        5   1.40
1990-1999      108      0.71908  0.52891  0.50       2       1       1        2   1.36
1990-1999      109      0.74165  0.54103  0.50       1       0       1        1   1.33
1990-1999      110+     0.76301  1.00000  1.31       0       0       0        0   1.31
2000-2009        0      0.00996  0.00988  0.13  100000     988   99139  7292257  72.92
2000-2009        1      0.00107  0.00107  0.50   99012     106   98959  7193118  72.65
2000-2009        2      0.00061  0.00061  0.50   98906      60   98876  7094159  71.73
2000-2009        3      0.00046  0.00046  0.50   98845      46   98823  6995283  70.77
2000-2009        4      0.00044  0.00044  0.50   98800      43   98778  6896461  69.80
2000-2009        5      0.00038  0.00038  0.50   98757      37   98738  6797682  68.83
2000-2009        6      0.00032  0.00032  0.50   98719      31   98704  6698944  67.86
2000-2009        7      0.00029  0.00029  0.50   98688      28   98674  6600241  66.88
2000-2009        8      0.00028  0.00028  0.50   98660      27   98646  6501567  65.90
2000-2009        9      0.00028  0.00028  0.50   98632      27   98619  6402921  64.92
2000-2009       10      0.00026  0.00026  0.50   98605      25   98593  6304302  63.93
2000-2009       11      0.00026  0.00026  0.50   98580      26   98567  6205709  62.95
2000-2009       12      0.00026  0.00026  0.50   98554      25   98541  6107142  61.97
2000-2009       13      0.00030  0.00030  0.50   98529      30   98514  6008601  60.98
2000-2009       14      0.00038  0.00038  0.50   98499      38   98480  5910087  60.00
2000-2009       15      0.00049  0.00049  0.50   98461      49   98437  5811607  59.02
2000-2009       16      0.00059  0.00059  0.50   98413      58   98383  5713170  58.05
2000-2009       17      0.00068  0.00068  0.50   98354      67   98321  5614787  57.09
2000-2009       18      0.00078  0.00078  0.50   98287      77   98249  5516466  56.13
2000-2009       19      0.00081  0.00081  0.50   98210      80   98171  5418217  55.17
2000-2009       20      0.00088  0.00087  0.50   98131      86   98088  5320047  54.21
2000-2009       21      0.00091  0.00091  0.50   98045      89   98000  5221959  53.26
2000-2009       22      0.00096  0.00096  0.50   97955      94   97908  5123959  52.31
2000-2009       23      0.00106  0.00106  0.50   97861     104   97809  5026051  51.36
2000-2009       24      0.00114  0.00114  0.50   97757     111   97701  4928241  50.41
2000-2009       25      0.00130  0.00130  0.50   97646     127   97582  4830540  49.47
2000-2009       26      0.00134  0.00134  0.50   97519     131   97453  4732958  48.53
2000-2009       27      0.00147  0.00147  0.50   97388     143   97317  4635504  47.60
2000-2009       28      0.00156  0.00155  0.50   97245     151   97170  4538188  46.67
2000-2009       29      0.00164  0.00164  0.50   97094     159   97014  4441018  45.74
2000-2009       30      0.00186  0.00186  0.50   96935     180   96845  4344004  44.81
2000-2009       31      0.00184  0.00184  0.50   96755     178   96666  4247159  43.90
2000-2009       32      0.00195  0.00194  0.50   96577     188   96483  4150493  42.98
2000-2009       33      0.00208  0.00208  0.50   96389     201   96288  4054011  42.06
2000-2009       34      0.00217  0.00217  0.50   96188     209   96084  3957722  41.15
2000-2009       35      0.00239  0.00239  0.50   95979     229   95865  3861639  40.23
2000-2009       36      0.00243  0.00243  0.50   95750     232   95634  3765774  39.33
2000-2009       37      0.00257  0.00256  0.50   95518     245   95396  3670140  38.42
2000-2009       38      0.00271  0.00270  0.50   95273     257   95144  3574744  37.52
2000-2009       39      0.00289  0.00288  0.50   95016     274   94879  3479600  36.62
2000-2009       40      0.00330  0.00329  0.50   94742     312   94586  3384721  35.73
2000-2009       41      0.00333  0.00333  0.50   94430     314   94272  3290135  34.84
2000-2009       42      0.00352  0.00351  0.50   94115     330   93950  3195863  33.96
2000-2009       43      0.00378  0.00378  0.50   93785     354   93608  3101913  33.07
2000-2009       44      0.00408  0.00408  0.50   93431     381   93240  3008305  32.20
2000-2009       45      0.00451  0.00450  0.50   93050     418   92841  2915065  31.33
2000-2009       46      0.00476  0.00474  0.50   92632     439   92412  2822224  30.47
2000-2009       47      0.00504  0.00502  0.50   92192     463   91960  2729812  29.61
2000-2009       48      0.00541  0.00540  0.50   91729     495   91481  2637852  28.76
2000-2009       49      0.00585  0.00583  0.50   91234     532   90968  2546370  27.91
2000-2009       50      0.00665  0.00663  0.50   90702     601   90401  2455402  27.07
2000-2009       51      0.00699  0.00697  0.50   90101     628   89787  2365001  26.25
2000-2009       52      0.00740  0.00737  0.50   89473     659   89143  2275214  25.43
2000-2009       53      0.00793  0.00790  0.50   88814     702   88463  2186071  24.61
2000-2009       54      0.00848  0.00844  0.50   88112     744   87740  2097608  23.81
2000-2009       55      0.00975  0.00970  0.50   87368     848   86944  2009868  23.00
2000-2009       56      0.01027  0.01022  0.50   86521     884   86078  1922923  22.23
2000-2009       57      0.01068  0.01062  0.50   85636     909   85182  1836845  21.45
2000-2009       58      0.01141  0.01134  0.50   84727     961   84246  1751663  20.67
2000-2009       59      0.01213  0.01206  0.50   83766    1010   83261  1667417  19.91
2000-2009       60      0.01323  0.01314  0.50   82756    1087   82212  1584156  19.14
2000-2009       61      0.01426  0.01416  0.50   81668    1156   81090  1501944  18.39
2000-2009       62      0.01539  0.01527  0.50   80512    1230   79897  1420854  17.65
2000-2009       63      0.01672  0.01658  0.50   79282    1315   78625  1340957  16.91
2000-2009       64      0.01827  0.01810  0.50   77968    1411   77262  1262332  16.19
2000-2009       65      0.01984  0.01965  0.50   76557    1504   75804  1185070  15.48
2000-2009       66      0.02119  0.02097  0.50   75052    1574   74265  1109266  14.78
2000-2009       67      0.02307  0.02280  0.50   73478    1676   72640  1035000  14.09
2000-2009       68      0.02514  0.02483  0.50   71803    1783   70911   962360  13.40
2000-2009       69      0.02771  0.02733  0.50   70020    1914   69063   891449  12.73
2000-2009       70      0.03092  0.03045  0.50   68106    2074   67069   822386  12.08
2000-2009       71      0.03423  0.03365  0.50   66033    2222   64921   755317  11.44
2000-2009       72      0.03831  0.03759  0.50   63810    2398   62611   690395  10.82
2000-2009       73      0.04275  0.04186  0.50   61412    2571   60126   627784  10.22
2000-2009       74      0.04757  0.04647  0.50   58841    2734   57474   567658   9.65
2000-2009       75      0.05298  0.05161  0.50   56107    2896   54659   510184   9.09
2000-2009       76      0.05890  0.05722  0.50   53211    3045   51689   455525   8.56
2000-2009       77      0.06521  0.06315  0.50   50167    3168   48582   403836   8.05
2000-2009       78      0.07205  0.06954  0.50   46998    3268   45364   355253   7.56
2000-2009       79      0.08014  0.07705  0.50   43730    3370   42045   309889   7.09
2000-2009       80      0.08815  0.08443  0.50   40360    3408   38657   267844   6.64
2000-2009       81      0.09825  0.09365  0.50   36953    3461   35223   229187   6.20
2000-2009       82      0.10876  0.10315  0.50   33492    3455   31765   193965   5.79
2000-2009       83      0.12092  0.11403  0.50   30038    3425   28325   162200   5.40
2000-2009       84      0.13425  0.12580  0.50   26612    3348   24938   133875   5.03
2000-2009       85      0.14946  0.13907  0.50   23264    3235   21647   108936   4.68
2000-2009       86      0.16589  0.15318  0.50   20029    3068   18495    87290   4.36
2000-2009       87      0.18405  0.16854  0.50   16961    2859   15532    68795   4.06
2000-2009       88      0.20396  0.18509  0.50   14102    2610   12797    53263   3.78
2000-2009       89      0.22549  0.20264  0.50   11492    2329   10328    40465   3.52
2000-2009       90      0.24634  0.21933  0.50    9163    2010    8159    30138   3.29
2000-2009       91      0.27015  0.23800  0.50    7154    1703    6302    21979   3.07
2000-2009       92      0.29521  0.25724  0.50    5451    1402    4750    15677   2.88
2000-2009       93      0.31991  0.27579  0.50    4049    1117    3491    10927   2.70
2000-2009       94      0.34505  0.29428  0.50    2932     863    2501     7436   2.54
2000-2009       95      0.37146  0.31327  0.50    2069     648    1745     4935   2.39
2000-2009       96      0.40008  0.33339  0.50    1421     474    1184     3190   2.24
2000-2009       97      0.42941  0.35351  0.50     947     335     780     2006   2.12
2000-2009       98      0.45925  0.37349  0.50     612     229     498     1226   2.00
2000-2009       99      0.48937  0.39317  0.50     384     151     308      728   1.90
2000-2009      100      0.51958  0.41243  0.50     233      96     185      420   1.80
2000-2009      101      0.54964  0.43115  0.50     137      59     107      235   1.72
2000-2009      102      0.57935  0.44922  0.50      78      35      60      128   1.64
2000-2009      103      0.60849  0.46654  0.50      43      20      33       67   1.57
2000-2009      104      0.63687  0.48305  0.50      23      11      17       35   1.51
2000-2009      105      0.66434  0.49869  0.50      12       6       9       17   1.46
2000-2009      106      0.69074  0.51342  0.50       6       3       4        8   1.41
2000-2009      107      0.71594  0.52722  0.50       3       2       2        4   1.36
2000-2009      108      0.73987  0.54008  0.50       1       1       1        2   1.33
2000-2009      109      0.76245  0.55201  0.50       1       0       0        1   1.30
2000-2009      110+     0.78364  1.00000  1.28       0       0       0        0   1.28
2010-2014        0      0.00712  0.00707  0.13  100000     707   99388  7580106  75.80
2010-2014        1      0.00070  0.00070  0.50   99293      69   99258  7480718  75.34
2010-2014        2      0.00041  0.00041  0.50   99224      40   99203  7381460  74.39
2010-2014        3      0.00033  0.00033  0.50   99183      32   99167  7282257  73.42
2010-2014        4      0.00027  0.00027  0.50   99151      27   99137  7183089  72.45
2010-2014        5      0.00025  0.00025  0.50   99124      25   99112  7083952  71.47
2010-2014        6      0.00023  0.00023  0.50   99099      23   99088  6984840  70.48
2010-2014        7      0.00021  0.00021  0.50   99077      21   99066  6885752  69.50
2010-2014        8      0.00021  0.00021  0.50   99056      20   99045  6786686  68.51
2010-2014        9      0.00019  0.00019  0.50   99035      19   99026  6687641  67.53
2010-2014       10      0.00019  0.00019  0.50   99017      19   99007  6588615  66.54
2010-2014       11      0.00019  0.00019  0.50   98997      18   98988  6489608  65.55
2010-2014       12      0.00022  0.00022  0.50   98979      21   98968  6390620  64.57
2010-2014       13      0.00024  0.00024  0.50   98958      24   98946  6291651  63.58
2010-2014       14      0.00032  0.00032  0.50   98933      31   98918  6192706  62.59
2010-2014       15      0.00039  0.00039  0.50   98902      38   98883  6093788  61.61
2010-2014       16      0.00045  0.00045  0.50   98864      45   98841  5994905  60.64
2010-2014       17      0.00048  0.00048  0.50   98819      47   98795  5896064  59.67
2010-2014       18      0.00056  0.00056  0.50   98772      55   98744  5797269  58.69
2010-2014       19      0.00059  0.00059  0.50   98717      58   98688  5698525  57.73
2010-2014       20      0.00060  0.00060  0.50   98659      59   98629  5599837  56.76
2010-2014       21      0.00063  0.00063  0.50   98600      62   98569  5501208  55.79
2010-2014       22      0.00069  0.00069  0.50   98538      68   98504  5402639  54.83
2010-2014       23      0.00073  0.00073  0.50   98470      72   98435  5304134  53.87
2010-2014       24      0.00081  0.00081  0.50   98399      80   98359  5205700  52.90
2010-2014       25      0.00090  0.00090  0.50   98319      88   98275  5107341  51.95
2010-2014       26      0.00102  0.00102  0.50   98231     100   98181  5009066  50.99
2010-2014       27      0.00116  0.00115  0.50   98130     113   98074  4910885  50.04
2010-2014       28      0.00128  0.00128  0.50   98017     126   97954  4812812  49.10
2010-2014       29      0.00144  0.00144  0.50   97892     141   97821  4714857  48.16
2010-2014       30      0.00160  0.00160  0.50   97751     157   97672  4617036  47.23
2010-2014       31      0.00176  0.00175  0.50   97594     171   97508  4519364  46.31
2010-2014       32      0.00186  0.00186  0.50   97423     181   97332  4421856  45.39
2010-2014       33      0.00198  0.00198  0.50   97241     192   97145  4324524  44.47
2010-2014       34      0.00205  0.00205  0.50   97049     199   96950  4227378  43.56
2010-2014       35      0.00223  0.00223  0.50   96850     216   96742  4130429  42.65
2010-2014       36      0.00224  0.00224  0.50   96634     216   96526  4033687  41.74
2010-2014       37      0.00233  0.00232  0.50   96418     224   96305  3937161  40.83
2010-2014       38      0.00241  0.00241  0.50   96193     232   96077  3840856  39.93
2010-2014       39      0.00255  0.00254  0.50   95961     244   95839  3744778  39.02
2010-2014       40      0.00268  0.00268  0.50   95717     256   95589  3648939  38.12
2010-2014       41      0.00280  0.00280  0.50   95461     267   95327  3553350  37.22
2010-2014       42      0.00293  0.00293  0.50   95194     278   95054  3458023  36.33
2010-2014       43      0.00309  0.00308  0.50   94915     292   94769  3362968  35.43
2010-2014       44      0.00328  0.00327  0.50   94623     310   94468  3268200  34.54
2010-2014       45      0.00346  0.00346  0.50   94313     326   94150  3173732  33.65
2010-2014       46      0.00367  0.00366  0.50   93987     344   93815  3079582  32.77
2010-2014       47      0.00388  0.00388  0.50   93643     363   93461  2985767  31.88
2010-2014       48      0.00408  0.00407  0.50   93280     380   93090  2892305  31.01
2010-2014       49      0.00437  0.00437  0.50   92900     406   92697  2799215  30.13
2010-2014       50      0.00472  0.00471  0.50   92494     435   92277  2706518  29.26
2010-2014       51      0.00505  0.00504  0.50   92059     464   91827  2614241  28.40
2010-2014       52      0.00537  0.00536  0.50   91595     491   91350  2522414  27.54
2010-2014       53      0.00575  0.00573  0.50   91104     522   90843  2431065  26.68
2010-2014       54      0.00612  0.00610  0.50   90582     552   90306  2340222  25.84
2010-2014       55      0.00705  0.00702  0.50   90030     632   89714  2249916  24.99
2010-2014       56      0.00756  0.00753  0.50   89398     674   89061  2160202  24.16
2010-2014       57      0.00807  0.00804  0.50   88724     714   88367  2071141  23.34
2010-2014       58      0.00872  0.00868  0.50   88011     764   87628  1982774  22.53
2010-2014       59      0.00946  0.00942  0.50   87246     822   86835  1895145  21.72
2010-2014       60      0.01022  0.01016  0.50   86425     878   85985  1808310  20.92
2010-2014       61      0.01118  0.01111  0.50   85546     951   85071  1722324  20.13
2010-2014       62      0.01185  0.01178  0.50   84595     997   84097  1637254  19.35
2010-2014       63      0.01298  0.01290  0.50   83599    1078   83060  1553157  18.58
2010-2014       64      0.01400  0.01391  0.50   82521    1148   81947  1470097  17.81
2010-2014       65      0.01507  0.01495  0.50   81373    1217   80765  1388150  17.06
2010-2014       66      0.01634  0.01621  0.50   80156    1299   79507  1307385  16.31
2010-2014       67      0.01774  0.01758  0.50   78857    1387   78164  1227878  15.57
2010-2014       68      0.01933  0.01914  0.50   77471    1483   76729  1149714  14.84
2010-2014       69      0.02141  0.02118  0.50   75988    1610   75183  1072985  14.12
2010-2014       70      0.02378  0.02350  0.50   74378    1748   73504   997802  13.42
2010-2014       71      0.02664  0.02629  0.50   72630    1909   71675   924298  12.73
2010-2014       72      0.02932  0.02890  0.50   70721    2044   69699   852623  12.06
2010-2014       73      0.03224  0.03173  0.50   68677    2179   67587   782924  11.40
2010-2014       74      0.03629  0.03565  0.50   66498    2370   65312   715337  10.76
2010-2014       75      0.04077  0.03996  0.50   64127    2562   62846   650024  10.14
2010-2014       76      0.04512  0.04413  0.50   61565    2717   60207   587178   9.54
2010-2014       77      0.05170  0.05039  0.50   58848    2966   57365   526972   8.95
2010-2014       78      0.05849  0.05682  0.50   55882    3176   54295   469606   8.40
2010-2014       79      0.06541  0.06334  0.50   52707    3339   51038   415312   7.88
2010-2014       80      0.07290  0.07033  0.50   49368    3472   47632   364274   7.38
2010-2014       81      0.08249  0.07922  0.50   45896    3636   44078   316641   6.90
2010-2014       82      0.09267  0.08856  0.50   42260    3743   40389   272563   6.45
2010-2014       83      0.10238  0.09740  0.50   38518    3752   36642   232174   6.03
2010-2014       84      0.11374  0.10762  0.50   34766    3742   32895   195532   5.62
2010-2014       85      0.12729  0.11967  0.50   31024    3713   29168   162637   5.24
2010-2014       86      0.14165  0.13228  0.50   27312    3613   25505   133469   4.89
2010-2014       87      0.15570  0.14445  0.50   23699    3423   21987   107964   4.56
2010-2014       88      0.17376  0.15987  0.50   20275    3241   18655    85977   4.24
2010-2014       89      0.18906  0.17273  0.50   17034    2942   15563    67322   3.95
2010-2014       90      0.21181  0.19152  0.50   14092    2699   12742    51760   3.67
2010-2014       91      0.23284  0.20856  0.50   11393    2376   10205    39017   3.42
2010-2014       92      0.25560  0.22664  0.50    9017    2044    7995    28813   3.20
2010-2014       93      0.28162  0.24686  0.50    6973    1721    6112    20818   2.99
2010-2014       94      0.30805  0.26693  0.50    5252    1402    4551    14705   2.80
2010-2014       95      0.32764  0.28152  0.50    3850    1084    3308    10154   2.64
2010-2014       96      0.35479  0.30134  0.50    2766     834    2349     6846   2.48
2010-2014       97      0.38291  0.32138  0.50    1933     621    1622     4497   2.33
2010-2014       98      0.41184  0.34151  0.50    1311     448    1088     2875   2.19
2010-2014       99      0.44139  0.36159  0.50     864     312     707     1787   2.07
2010-2014      100      0.47136  0.38146  0.50     551     210     446     1080   1.96
2010-2014      101      0.50153  0.40098  0.50     341     137     273      634   1.86
2010-2014      102      0.53170  0.42003  0.50     204      86     161      361   1.77
2010-2014      103      0.56163  0.43850  0.50     118      52      92      200   1.69
2010-2014      104      0.59113  0.45627  0.50      67      30      51      107   1.61
2010-2014      105      0.61998  0.47327  0.50      36      17      28       56   1.55
2010-2014      106      0.64801  0.48943  0.50      19       9      14       28   1.49
2010-2014      107      0.67505  0.50470  0.50      10       5       7       14   1.44
2010-2014      108      0.70098  0.51905  0.50       5       3       4        7   1.39
2010-2014      109      0.72568  0.53247  0.50       2       1       2        3   1.36
2010-2014      110+     0.74906  1.00000  1.34       1       1       1        1   1.34
