Estonia, Deaths (period 1x5), 	Last modified: 21 Jan 2021;  Methods Protocol: v6 (2017)

  Year          Age             Female            Male           Total
1960-1964        0              1130.21         1566.38         2696.59
1960-1964        1               112.02          121.02          233.04
1960-1964        2                43.00           79.01          122.01
1960-1964        3                34.01           58.02           92.03
1960-1964        4                27.00           50.00           77.00
1960-1964        5                29.00           32.00           61.00
1960-1964        6                27.00           35.02           62.02
1960-1964        7                23.00           44.02           67.02
1960-1964        8                17.00           37.01           54.01
1960-1964        9                21.00           38.01           59.01
1960-1964       10                12.00           24.00           36.00
1960-1964       11                20.01           29.00           49.01
1960-1964       12                12.00           31.00           43.00
1960-1964       13                17.00           36.01           53.01
1960-1964       14                20.02           34.01           54.03
1960-1964       15                21.00           43.01           64.01
1960-1964       16                24.00           56.01           80.01
1960-1964       17                28.00           65.02           93.02
1960-1964       18                29.01           74.02          103.03
1960-1964       19                30.01           90.01          120.02
1960-1964       20                33.00           90.03          123.03
1960-1964       21                38.00          118.02          156.02
1960-1964       22                43.01          132.03          175.04
1960-1964       23                39.00          154.04          193.04
1960-1964       24                49.00          139.03          188.03
1960-1964       25                60.02          132.02          192.04
1960-1964       26                51.00          137.03          188.03
1960-1964       27                48.00          171.05          219.05
1960-1964       28                36.00          136.02          172.02
1960-1964       29                48.01          162.06          210.07
1960-1964       30                53.02          156.04          209.06
1960-1964       31                67.01          192.05          259.06
1960-1964       32                49.01          184.04          233.05
1960-1964       33                81.02          177.04          258.06
1960-1964       34                75.02          167.05          242.07
1960-1964       35                83.01          183.06          266.07
1960-1964       36                80.00          166.05          246.05
1960-1964       37                71.01          175.05          246.06
1960-1964       38               108.03          141.04          249.07
1960-1964       39                92.01          146.02          238.03
1960-1964       40                80.00          149.05          229.05
1960-1964       41                93.04          140.05          233.09
1960-1964       42                82.02          149.04          231.06
1960-1964       43                90.00          143.04          233.04
1960-1964       44               114.03          154.05          268.08
1960-1964       45               104.02          168.05          272.07
1960-1964       46               116.01          176.04          292.05
1960-1964       47               125.02          187.04          312.06
1960-1964       48               160.03          227.07          387.10
1960-1964       49               177.04          250.06          427.10
1960-1964       50               208.05          286.08          494.13
1960-1964       51               208.04          303.08          511.12
1960-1964       52               211.05          345.09          556.14
1960-1964       53               264.04          337.08          601.12
1960-1964       54               253.04          380.12          633.16
1960-1964       55               278.05          408.11          686.16
1960-1964       56               308.05          413.10          721.15
1960-1964       57               302.05          448.11          750.16
1960-1964       58               312.05          485.13          797.18
1960-1964       59               375.06          567.15          942.21
1960-1964       60               422.07          557.15          979.22
1960-1964       61               477.09          559.15         1036.24
1960-1964       62               494.08          619.18         1113.26
1960-1964       63               527.10          653.19         1180.29
1960-1964       64               503.08          642.17         1145.25
1960-1964       65               615.10          685.19         1300.29
1960-1964       66               656.12          625.17         1281.29
1960-1964       67               690.12          648.18         1338.30
1960-1964       68               746.12          694.18         1440.30
1960-1964       69               785.14          732.19         1517.33
1960-1964       70               854.14          736.18         1590.32
1960-1964       71               959.15          702.17         1661.32
1960-1964       72              1008.18          816.22         1824.40
1960-1964       73              1095.18          765.21         1860.39
1960-1964       74              1114.19          789.20         1903.39
1960-1964       75              1252.21          765.19         2017.40
1960-1964       76              1239.21          785.21         2024.42
1960-1964       77              1212.21          728.20         1940.41
1960-1964       78              1282.22          713.20         1995.42
1960-1964       79              1324.22          650.19         1974.41
1960-1964       80              1242.22          638.16         1880.38
1960-1964       81              1200.20          522.12         1722.32
1960-1964       82              1168.20          535.14         1703.34
1960-1964       83              1130.18          506.14         1636.32
1960-1964       84              1050.19          459.12         1509.31
1960-1964       85              1008.18          376.12         1384.30
1960-1964       86               927.15          346.10         1273.25
1960-1964       87               808.13          318.07         1126.20
1960-1964       88               673.10          231.06          904.16
1960-1964       89               540.10          202.04          742.14
1960-1964       90               463.07          145.05          608.12
1960-1964       91               341.05           79.04          420.09
1960-1964       92               235.03           84.00          319.03
1960-1964       93               220.03           66.02          286.05
1960-1964       94               126.03           36.02          162.05
1960-1964       95               101.01           33.01          134.02
1960-1964       96                87.02           21.01          108.03
1960-1964       97                65.00           10.00           75.00
1960-1964       98                31.00            7.00           38.00
1960-1964       99                22.00            7.00           29.00
1960-1964      100                12.70            4.19           16.89
1960-1964      101                 7.40            1.15            8.55
1960-1964      102                 3.64            0.66            4.30
1960-1964      103                 0.26            0.00            0.26
1960-1964      104                 0.00            0.00            0.00
1960-1964      105                 0.00            0.00            0.00
1960-1964      106                 0.00            0.00            0.00
1960-1964      107                 0.00            0.00            0.00
1960-1964      108                 0.00            0.00            0.00
1960-1964      109                 0.00            0.00            0.00
1960-1964      110+                0.00            0.00            0.00
1965-1969        0               767.16         1053.70         1820.86
1965-1969        1                86.01          111.07          197.08
1965-1969        2                52.01           57.03          109.04
1965-1969        3                34.00           50.02           84.02
1965-1969        4                19.00           43.03           62.03
1965-1969        5                22.00           37.02           59.02
1965-1969        6                19.00           42.02           61.02
1965-1969        7                26.00           46.01           72.01
1965-1969        8                20.01           34.01           54.02
1965-1969        9                14.00           29.00           43.00
1965-1969       10                15.00           25.02           40.02
1965-1969       11                19.03           25.01           44.04
1965-1969       12                11.02           30.04           41.06
1965-1969       13                18.00           29.03           47.03
1965-1969       14                21.00           44.03           65.03
1965-1969       15                20.02           36.03           56.05
1965-1969       16                24.01           49.04           73.05
1965-1969       17                24.01           62.05           86.06
1965-1969       18                31.00          103.06          134.06
1965-1969       19                30.01           97.06          127.07
1965-1969       20                28.00           87.05          115.05
1965-1969       21                32.00           91.06          123.06
1965-1969       22                31.00           90.06          121.06
1965-1969       23                29.01          106.07          135.08
1965-1969       24                28.00          132.09          160.09
1965-1969       25                41.02          116.09          157.11
1965-1969       26                41.01          140.09          181.10
1965-1969       27                44.02          152.11          196.13
1965-1969       28                48.01          156.10          204.11
1965-1969       29                43.02          167.10          210.12
1965-1969       30                33.01          197.12          230.13
1965-1969       31                50.01          167.10          217.11
1965-1969       32                56.02          182.12          238.14
1965-1969       33                53.01          184.12          237.13
1965-1969       34                69.02          206.13          275.15
1965-1969       35                59.00          199.13          258.13
1965-1969       36                66.00          241.17          307.17
1965-1969       37                73.02          253.16          326.18
1965-1969       38                75.01          214.13          289.14
1965-1969       39                94.00          228.15          322.15
1965-1969       40                91.02          232.16          323.18
1965-1969       41               110.03          210.12          320.15
1965-1969       42                99.03          207.13          306.16
1965-1969       43               133.03          233.15          366.18
1965-1969       44               116.04          232.14          348.18
1965-1969       45               132.01          210.12          342.13
1965-1969       46               122.03          209.14          331.17
1965-1969       47               114.02          192.13          306.15
1965-1969       48               139.03          203.12          342.15
1965-1969       49               114.02          226.15          340.17
1965-1969       50               169.04          237.15          406.19
1965-1969       51               157.04          251.17          408.21
1965-1969       52               175.02          278.17          453.19
1965-1969       53               230.03          338.23          568.26
1965-1969       54               242.07          361.24          603.31
1965-1969       55               284.06          448.28          732.34
1965-1969       56               311.06          443.29          754.35
1965-1969       57               340.08          505.31          845.39
1965-1969       58               328.07          521.35          849.42
1965-1969       59               384.07          566.38          950.45
1965-1969       60               430.08          582.37         1012.45
1965-1969       61               464.11          663.43         1127.54
1965-1969       62               502.11          720.47         1222.58
1965-1969       63               547.11          731.49         1278.60
1965-1969       64               599.12          759.48         1358.60
1965-1969       65               655.14          809.52         1464.66
1965-1969       66               739.15          857.56         1596.71
1965-1969       67               773.16          829.53         1602.69
1965-1969       68               777.15          847.56         1624.71
1965-1969       69               895.19          867.54         1762.73
1965-1969       70               966.19          802.51         1768.70
1965-1969       71               974.22          798.53         1772.75
1965-1969       72              1068.21          809.50         1877.71
1965-1969       73              1131.23          805.52         1936.75
1965-1969       74              1141.24          791.54         1932.78
1965-1969       75              1223.27          819.54         2042.81
1965-1969       76              1325.27          820.56         2145.83
1965-1969       77              1406.31          789.52         2195.83
1965-1969       78              1494.32          771.48         2265.80
1965-1969       79              1439.31          745.48         2184.79
1965-1969       80              1487.31          688.43         2175.74
1965-1969       81              1433.29          668.45         2101.74
1965-1969       82              1383.28          619.41         2002.69
1965-1969       83              1296.27          529.37         1825.64
1965-1969       84              1182.24          497.33         1679.57
1965-1969       85              1138.23          451.29         1589.52
1965-1969       86              1009.22          362.25         1371.47
1965-1969       87               914.20          262.17         1176.37
1965-1969       88               801.19          272.18         1073.37
1965-1969       89               679.14          224.15          903.29
1965-1969       90               536.11          158.10          694.21
1965-1969       91               444.09          144.10          588.19
1965-1969       92               354.07          118.07          472.14
1965-1969       93               255.04           79.05          334.09
1965-1969       94               193.05           53.04          246.09
1965-1969       95               151.05           36.04          187.09
1965-1969       96               100.02           18.01          118.03
1965-1969       97                58.02            9.01           67.03
1965-1969       98                41.01            5.01           46.02
1965-1969       99                24.01            4.00           28.01
1965-1969      100                23.81            4.96           28.77
1965-1969      101                15.05            1.04           16.09
1965-1969      102                 9.35            0.00            9.35
1965-1969      103                 5.48            0.00            5.48
1965-1969      104                 2.65            0.00            2.65
1965-1969      105                 0.66            0.00            0.66
1965-1969      106                 0.00            0.00            0.00
1965-1969      107                 0.00            0.00            0.00
1965-1969      108                 0.00            0.00            0.00
1965-1969      109                 0.00            0.00            0.00
1965-1969      110+                0.00            0.00            0.00
1970-1974        0               772.06         1056.34         1828.40
1970-1974        1                75.00          110.03          185.03
1970-1974        2                57.00           71.01          128.01
1970-1974        3                33.00           49.00           82.00
1970-1974        4                34.00           44.02           78.02
1970-1974        5                24.01           22.01           46.02
1970-1974        6                27.01           40.02           67.03
1970-1974        7                18.00           39.02           57.02
1970-1974        8                21.01           40.02           61.03
1970-1974        9                15.00           37.02           52.02
1970-1974       10                15.00           33.02           48.02
1970-1974       11                13.00           28.03           41.03
1970-1974       12                15.00           34.00           49.00
1970-1974       13                18.00           26.02           44.02
1970-1974       14                14.00           35.00           49.00
1970-1974       15                14.00           37.00           51.00
1970-1974       16                24.00           69.01           93.01
1970-1974       17                27.00           95.02          122.02
1970-1974       18                42.00          111.05          153.05
1970-1974       19                36.00          106.03          142.03
1970-1974       20                35.00          111.02          146.02
1970-1974       21                37.00          134.04          171.04
1970-1974       22                35.00          143.05          178.05
1970-1974       23                31.00          136.04          167.04
1970-1974       24                33.00          132.03          165.03
1970-1974       25                28.00          146.05          174.05
1970-1974       26                29.00          139.03          168.03
1970-1974       27                26.00          140.03          166.03
1970-1974       28                31.00          131.06          162.06
1970-1974       29                27.00          122.04          149.04
1970-1974       30                48.00          185.06          233.06
1970-1974       31                51.00          181.05          232.05
1970-1974       32                49.00          208.06          257.06
1970-1974       33                62.00          212.07          274.07
1970-1974       34                68.00          227.07          295.07
1970-1974       35                63.01          230.07          293.08
1970-1974       36                65.00          219.06          284.06
1970-1974       37                70.00          244.07          314.07
1970-1974       38                66.01          261.07          327.08
1970-1974       39                97.00          300.10          397.10
1970-1974       40                90.01          297.10          387.11
1970-1974       41               115.00          303.08          418.08
1970-1974       42               108.01          308.10          416.11
1970-1974       43               126.00          323.09          449.09
1970-1974       44               160.01          348.11          508.12
1970-1974       45               136.01          359.12          495.13
1970-1974       46               170.01          291.09          461.10
1970-1974       47               149.01          351.10          500.11
1970-1974       48               187.01          318.09          505.10
1970-1974       49               195.02          323.08          518.10
1970-1974       50               241.01          287.07          528.08
1970-1974       51               235.00          343.09          578.09
1970-1974       52               163.02          307.10          470.12
1970-1974       53               206.00          327.09          533.09
1970-1974       54               187.03          330.09          517.12
1970-1974       55               223.01          360.12          583.13
1970-1974       56               257.03          421.13          678.16
1970-1974       57               299.01          476.15          775.16
1970-1974       58               311.02          536.17          847.19
1970-1974       59               394.03          562.17          956.20
1970-1974       60               407.03          603.21         1010.24
1970-1974       61               481.04          642.20         1123.24
1970-1974       62               503.04          718.23         1221.27
1970-1974       63               544.05          710.20         1254.25
1970-1974       64               651.05          786.25         1437.30
1970-1974       65               693.05          850.26         1543.31
1970-1974       66               686.04          836.25         1522.29
1970-1974       67               770.06          910.31         1680.37
1970-1974       68               829.06          955.32         1784.38
1970-1974       69               988.07          992.31         1980.38
1970-1974       70              1007.06          989.30         1996.36
1970-1974       71              1113.08          972.29         2085.37
1970-1974       72              1155.09          978.28         2133.37
1970-1974       73              1200.09          917.27         2117.36
1970-1974       74              1344.10          908.28         2252.38
1970-1974       75              1363.09          874.27         2237.36
1970-1974       76              1421.10          822.26         2243.36
1970-1974       77              1496.12          830.28         2326.40
1970-1974       78              1460.11          847.25         2307.36
1970-1974       79              1524.11          782.23         2306.34
1970-1974       80              1587.11          799.23         2386.34
1970-1974       81              1561.12          712.22         2273.34
1970-1974       82              1561.11          662.21         2223.32
1970-1974       83              1438.11          576.19         2014.30
1970-1974       84              1377.09          568.18         1945.27
1970-1974       85              1293.09          466.13         1759.22
1970-1974       86              1174.08          457.15         1631.23
1970-1974       87              1004.07          372.11         1376.18
1970-1974       88               862.06          287.10         1149.16
1970-1974       89               727.06          257.10          984.16
1970-1974       90               693.05          186.07          879.12
1970-1974       91               531.03          159.04          690.07
1970-1974       92               401.03           92.01          493.04
1970-1974       93               314.02           77.01          391.03
1970-1974       94               217.01           61.02          278.03
1970-1974       95               156.01           51.00          207.01
1970-1974       96               109.02           37.00          146.02
1970-1974       97                82.00           15.01           97.01
1970-1974       98                42.01           15.01           57.02
1970-1974       99                40.00            5.00           45.00
1970-1974      100                25.13            6.20           31.33
1970-1974      101                15.22            3.06           18.28
1970-1974      102                 8.98            0.71            9.69
1970-1974      103                 5.05            0.00            5.05
1970-1974      104                 2.07            0.00            2.07
1970-1974      105                 0.55            0.00            0.55
1970-1974      106                 0.00            0.00            0.00
1970-1974      107                 0.00            0.00            0.00
1970-1974      108                 0.00            0.00            0.00
1970-1974      109                 0.00            0.00            0.00
1970-1974      110+                0.00            0.00            0.00
1975-1979        0               748.13         1168.96         1917.09
1975-1979        1                91.02          123.08          214.10
1975-1979        2                45.00           59.05          104.05
1975-1979        3                31.00           65.05           96.05
1975-1979        4                27.00           61.06           88.06
1975-1979        5                23.00           32.03           55.03
1975-1979        6                18.01           35.02           53.03
1975-1979        7                16.01           38.03           54.04
1975-1979        8                14.00           34.01           48.01
1975-1979        9                11.00           28.02           39.02
1975-1979       10                19.00           24.01           43.01
1975-1979       11                19.00           20.02           39.02
1975-1979       12                14.00           30.04           44.04
1975-1979       13                17.00           36.03           53.03
1975-1979       14                15.00           35.04           50.04
1975-1979       15                22.00           48.03           70.03
1975-1979       16                25.02           67.05           92.07
1975-1979       17                21.01           79.08          100.09
1975-1979       18                29.01          112.08          141.09
1975-1979       19                26.00          124.10          150.10
1975-1979       20                31.00          108.09          139.09
1975-1979       21                32.00          127.11          159.11
1975-1979       22                36.01          151.12          187.13
1975-1979       23                26.00          156.13          182.13
1975-1979       24                39.00          160.14          199.14
1975-1979       25                31.00          173.15          204.15
1975-1979       26                38.00          177.14          215.14
1975-1979       27                54.01          189.15          243.16
1975-1979       28                39.00          195.15          234.15
1975-1979       29                44.01          175.13          219.14
1975-1979       30                53.01          189.15          242.16
1975-1979       31                44.01          179.15          223.16
1975-1979       32                52.00          173.13          225.13
1975-1979       33                50.01          196.16          246.17
1975-1979       34                60.01          211.18          271.19
1975-1979       35                64.01          256.20          320.21
1975-1979       36                74.02          270.22          344.24
1975-1979       37                75.01          310.26          385.27
1975-1979       38                87.00          335.26          422.26
1975-1979       39                93.02          310.25          403.27
1975-1979       40               103.01          332.27          435.28
1975-1979       41               109.02          329.26          438.28
1975-1979       42               109.01          344.29          453.30
1975-1979       43               129.03          395.32          524.35
1975-1979       44               138.02          449.38          587.40
1975-1979       45               155.02          429.35          584.37
1975-1979       46               203.04          482.41          685.45
1975-1979       47               197.04          503.41          700.45
1975-1979       48               188.03          524.42          712.45
1975-1979       49               241.04          486.39          727.43
1975-1979       50               249.05          545.43          794.48
1975-1979       51               286.05          571.44          857.49
1975-1979       52               291.05          523.42          814.47
1975-1979       53               309.04          529.44          838.48
1975-1979       54               324.05          526.41          850.46
1975-1979       55               310.05          483.39          793.44
1975-1979       56               336.05          499.42          835.47
1975-1979       57               311.05          522.41          833.46
1975-1979       58               283.05          484.37          767.42
1975-1979       59               319.06          475.39          794.45
1975-1979       60               346.05          535.43          881.48
1975-1979       61               362.05          540.45          902.50
1975-1979       62               459.08          668.53         1127.61
1975-1979       63               535.09          769.62         1304.71
1975-1979       64               624.11          819.65         1443.76
1975-1979       65               674.12          877.69         1551.81
1975-1979       66               750.12          984.81         1734.93
1975-1979       67               862.15          966.77         1828.92
1975-1979       68               949.16          969.79         1918.95
1975-1979       69              1005.17         1113.91         2119.08
1975-1979       70              1130.18          988.81         2118.99
1975-1979       71              1162.21         1071.85         2234.06
1975-1979       72              1316.23         1121.91         2438.14
1975-1979       73              1361.23         1136.90         2498.13
1975-1979       74              1481.26         1159.93         2641.19
1975-1979       75              1602.27         1053.88         2656.15
1975-1979       76              1628.27         1133.94         2762.21
1975-1979       77              1736.31         1107.90         2844.21
1975-1979       78              1719.29          901.72         2621.01
1975-1979       79              1784.32          918.77         2703.09
1975-1979       80              1780.31          796.68         2576.99
1975-1979       81              1705.30          796.65         2501.95
1975-1979       82              1740.30          663.53         2403.83
1975-1979       83              1676.30          611.50         2287.80
1975-1979       84              1528.27          573.45         2101.72
1975-1979       85              1379.25          519.40         1898.65
1975-1979       86              1339.23          504.40         1843.63
1975-1979       87              1232.23          391.31         1623.54
1975-1979       88              1073.17          328.26         1401.43
1975-1979       89               987.18          296.25         1283.43
1975-1979       90               723.13          222.18          945.31
1975-1979       91               644.12          167.14          811.26
1975-1979       92               531.09          135.12          666.21
1975-1979       93               384.07          105.08          489.15
1975-1979       94               291.04           72.05          363.09
1975-1979       95               214.04           50.04          264.08
1975-1979       96               149.02           29.02          178.04
1975-1979       97               120.03           24.03          144.06
1975-1979       98                70.01           12.01           82.02
1975-1979       99                43.02            3.00           46.02
1975-1979      100                35.68            9.67           45.35
1975-1979      101                22.37            5.43           27.80
1975-1979      102                13.67            1.33           15.00
1975-1979      103                 8.21            0.59            8.80
1975-1979      104                 4.57            0.00            4.57
1975-1979      105                 1.50            0.00            1.50
1975-1979      106                 0.00            0.00            0.00
1975-1979      107                 0.00            0.00            0.00
1975-1979      108                 0.00            0.00            0.00
1975-1979      109                 0.00            0.00            0.00
1975-1979      110+                0.00            0.00            0.00
1980-1984        0               766.38         1120.81         1887.19
1980-1984        1               100.05          126.09          226.14
1980-1984        2                62.02           67.04          129.06
1980-1984        3                33.02           61.04           94.06
1980-1984        4                27.00           60.04           87.04
1980-1984        5                36.02           43.02           79.04
1980-1984        6                24.02           29.01           53.03
1980-1984        7                28.02           38.04           66.06
1980-1984        8                27.03           39.03           66.06
1980-1984        9                17.01           26.02           43.03
1980-1984       10                14.01           33.03           47.04
1980-1984       11                18.00           17.01           35.01
1980-1984       12                13.01           27.01           40.02
1980-1984       13                21.02           32.03           53.05
1980-1984       14                15.01           42.03           57.04
1980-1984       15                12.00           46.03           58.03
1980-1984       16                30.02           60.04           90.06
1980-1984       17                23.00           84.06          107.06
1980-1984       18                32.00          121.08          153.08
1980-1984       19                34.01          111.06          145.07
1980-1984       20                36.03          120.09          156.12
1980-1984       21                39.03          105.08          144.11
1980-1984       22                31.01          147.11          178.12
1980-1984       23                32.02          143.09          175.11
1980-1984       24                42.02          160.11          202.13
1980-1984       25                33.02          173.11          206.13
1980-1984       26                44.02          177.15          221.17
1980-1984       27                44.02          191.13          235.15
1980-1984       28                48.03          200.13          248.16
1980-1984       29                48.02          216.15          264.17
1980-1984       30                48.02          190.14          238.16
1980-1984       31                59.02          206.15          265.17
1980-1984       32                71.04          232.16          303.20
1980-1984       33                60.03          228.17          288.20
1980-1984       34                55.02          234.16          289.18
1980-1984       35                73.04          241.17          314.21
1980-1984       36                66.03          226.16          292.19
1980-1984       37                64.02          241.17          305.19
1980-1984       38                67.03          274.20          341.23
1980-1984       39                87.04          285.18          372.22
1980-1984       40               103.04          314.22          417.26
1980-1984       41               110.06          370.28          480.34
1980-1984       42               124.07          404.30          528.37
1980-1984       43               142.06          437.32          579.38
1980-1984       44               152.07          420.30          572.37
1980-1984       45               157.07          478.33          635.40
1980-1984       46               179.10          538.38          717.48
1980-1984       47               179.09          504.37          683.46
1980-1984       48               185.07          518.38          703.45
1980-1984       49               196.10          559.41          755.51
1980-1984       50               240.12          628.41          868.53
1980-1984       51               269.11          671.49          940.60
1980-1984       52               323.17          734.51         1057.68
1980-1984       53               338.17          691.49         1029.66
1980-1984       54               351.15          764.52         1115.67
1980-1984       55               398.20          817.55         1215.75
1980-1984       56               417.21          682.49         1099.70
1980-1984       57               419.22          722.53         1141.75
1980-1984       58               441.22          726.53         1167.75
1980-1984       59               480.25          691.50         1171.75
1980-1984       60               488.24          625.45         1113.69
1980-1984       61               464.25          686.48         1150.73
1980-1984       62               492.25          700.50         1192.75
1980-1984       63               423.21          621.46         1044.67
1980-1984       64               501.25          690.49         1191.74
1980-1984       65               569.27          667.49         1236.76
1980-1984       66               639.29          779.56         1418.85
1980-1984       67               745.36          827.60         1572.96
1980-1984       68               878.40          987.69         1866.09
1980-1984       69               956.48         1070.77         2027.25
1980-1984       70              1089.55         1061.77         2151.32
1980-1984       71              1160.60         1119.79         2280.39
1980-1984       72              1278.65         1177.85         2456.50
1980-1984       73              1424.70         1101.79         2526.49
1980-1984       74              1508.76         1105.80         2614.56
1980-1984       75              1559.77         1146.82         2706.59
1980-1984       76              1682.85         1086.77         2769.62
1980-1984       77              1768.86         1142.83         2911.69
1980-1984       78              1821.90         1115.79         2937.69
1980-1984       79              1906.95         1103.78         3010.73
1980-1984       80              1936.99         1017.74         2954.73
1980-1984       81              1934.95          833.57         2768.52
1980-1984       82              1867.93          813.58         2681.51
1980-1984       83              1774.87          681.48         2456.35
1980-1984       84              1737.88          635.45         2373.33
1980-1984       85              1602.80          534.38         2137.18
1980-1984       86              1390.71          438.33         1829.04
1980-1984       87              1184.57          380.27         1564.84
1980-1984       88              1090.54          309.24         1399.78
1980-1984       89               999.48          276.19         1275.67
1980-1984       90               838.44          232.15         1070.59
1980-1984       91               710.35          177.14          887.49
1980-1984       92               586.31          147.10          733.41
1980-1984       93               452.22          107.09          559.31
1980-1984       94               341.16           74.07          415.23
1980-1984       95               256.14           53.03          309.17
1980-1984       96               189.09           39.04          228.13
1980-1984       97               123.07           21.02          144.09
1980-1984       98                86.04           20.00          106.04
1980-1984       99                56.01           10.00           66.01
1980-1984      100                43.01           11.86           54.87
1980-1984      101                27.62            7.51           35.13
1980-1984      102                17.25            4.56           21.81
1980-1984      103                10.41            2.28           12.69
1980-1984      104                 5.75            1.42            7.17
1980-1984      105                 3.07            1.11            4.18
1980-1984      106                 0.94            0.90            1.84
1980-1984      107                 0.00            0.35            0.35
1980-1984      108                 0.00            0.00            0.00
1980-1984      109                 0.00            0.00            0.00
1980-1984      110+                0.00            0.00            0.00
1985-1989        0               760.17         1032.88         1793.05
1985-1989        1                79.02          110.10          189.12
1985-1989        2                49.02           59.05          108.07
1985-1989        3                35.01           53.05           88.06
1985-1989        4                25.01           50.04           75.05
1985-1989        5                25.01           35.03           60.04
1985-1989        6                29.00           37.02           66.02
1985-1989        7                23.01           28.02           51.03
1985-1989        8                25.00           40.04           65.04
1985-1989        9                11.01           34.02           45.03
1985-1989       10                14.00           32.01           46.01
1985-1989       11                13.00           33.04           46.04
1985-1989       12                11.01           28.04           39.05
1985-1989       13                22.00           31.03           53.03
1985-1989       14                19.00           42.04           61.04
1985-1989       15                22.00           41.03           63.03
1985-1989       16                25.01           46.05           71.06
1985-1989       17                28.00           76.07          104.07
1985-1989       18                28.01           90.08          118.09
1985-1989       19                28.00           93.08          121.08
1985-1989       20                36.01           84.07          120.08
1985-1989       21                23.01           85.08          108.09
1985-1989       22                33.01          102.09          135.10
1985-1989       23                25.01          122.09          147.10
1985-1989       24                45.01          143.12          188.13
1985-1989       25                34.00          103.08          137.08
1985-1989       26                53.02          117.09          170.11
1985-1989       27                45.00          137.13          182.13
1985-1989       28                46.01          168.14          214.15
1985-1989       29                39.01          143.13          182.14
1985-1989       30                42.01          164.12          206.13
1985-1989       31                56.01          154.14          210.15
1985-1989       32                49.00          195.17          244.17
1985-1989       33                66.01          202.17          268.18
1985-1989       34                72.02          197.17          269.19
1985-1989       35                58.01          199.19          257.20
1985-1989       36                63.02          224.19          287.21
1985-1989       37                65.01          233.21          298.22
1985-1989       38                75.01          247.19          322.20
1985-1989       39                88.01          247.23          335.24
1985-1989       40               100.01          245.21          345.22
1985-1989       41                89.01          249.24          338.25
1985-1989       42                87.01          245.21          332.22
1985-1989       43                88.01          298.23          386.24
1985-1989       44               118.02          283.21          401.23
1985-1989       45               144.03          380.29          524.32
1985-1989       46               166.03          438.36          604.39
1985-1989       47               177.03          485.42          662.45
1985-1989       48               194.04          467.42          661.46
1985-1989       49               213.04          565.48          778.52
1985-1989       50               207.05          563.53          770.58
1985-1989       51               250.06          543.48          793.54
1985-1989       52               245.05          625.59          870.64
1985-1989       53               278.05          644.53          922.58
1985-1989       54               314.08          656.57          970.65
1985-1989       55               335.07          755.66         1090.73
1985-1989       56               377.10          881.78         1258.88
1985-1989       57               420.10          915.81         1335.91
1985-1989       58               447.12          941.88         1389.00
1985-1989       59               499.12          923.85         1422.97
1985-1989       60               539.12         1001.96         1541.08
1985-1989       61               569.14          931.86         1501.00
1985-1989       62               644.14          865.78         1509.92
1985-1989       63               730.17          862.79         1592.96
1985-1989       64               738.18          859.81         1597.99
1985-1989       65               741.18          819.74         1560.92
1985-1989       66               737.19          854.74         1591.93
1985-1989       67               692.18          797.75         1489.93
1985-1989       68               739.18          763.74         1502.92
1985-1989       69               710.19          745.69         1455.88
1985-1989       70               835.19          848.71         1683.90
1985-1989       71               928.19          896.71         1824.90
1985-1989       72              1104.25         1002.78         2107.03
1985-1989       73              1264.31         1027.89         2292.20
1985-1989       74              1473.36         1118.95         2592.31
1985-1989       75              1603.37         1171.03         2774.40
1985-1989       76              1640.39         1094.96         2735.35
1985-1989       77              1829.44         1144.00         2973.44
1985-1989       78              1930.48         1121.94         3052.42
1985-1989       79              1959.47          988.88         2948.35
1985-1989       80              1955.49          932.81         2888.30
1985-1989       81              2083.53          995.87         3079.40
1985-1989       82              1938.45          928.86         2867.31
1985-1989       83              1949.47          823.71         2773.18
1985-1989       84              1917.49          765.70         2683.19
1985-1989       85              1759.42          665.62         2425.04
1985-1989       86              1691.42          542.52         2233.94
1985-1989       87              1516.38          487.48         2003.86
1985-1989       88              1265.33          357.32         1622.65
1985-1989       89              1049.26          295.24         1344.50
1985-1989       90               886.24          237.22         1123.46
1985-1989       91               742.19          182.16          924.35
1985-1989       92               586.13          139.13          725.26
1985-1989       93               519.14          116.09          635.23
1985-1989       94               420.12           77.08          497.20
1985-1989       95               283.09           45.04          328.13
1985-1989       96               214.05           42.05          256.10
1985-1989       97               168.04           36.03          204.07
1985-1989       98               100.03           22.02          122.05
1985-1989       99                63.00           14.01           77.01
1985-1989      100                49.99           10.42           60.41
1985-1989      101                31.54            6.40           37.94
1985-1989      102                19.64            3.86           23.50
1985-1989      103                11.93            1.31           13.24
1985-1989      104                 7.01            0.00            7.01
1985-1989      105                 3.99            0.00            3.99
1985-1989      106                 0.92            0.00            0.92
1985-1989      107                 0.00            0.00            0.00
1985-1989      108                 0.00            0.00            0.00
1985-1989      109                 0.00            0.00            0.00
1985-1989      110+                0.00            0.00            0.00
1990-1994        0               528.46          733.05         1261.51
1990-1994        1                61.04           75.29          136.33
1990-1994        2                40.01           69.26          109.27
1990-1994        3                40.02           48.18           88.20
1990-1994        4                23.01           35.12           58.13
1990-1994        5                28.01           34.15           62.16
1990-1994        6                15.01           32.13           47.14
1990-1994        7                20.00           43.19           63.19
1990-1994        8                20.01           28.11           48.12
1990-1994        9                17.00           30.11           47.11
1990-1994       10                12.00           35.15           47.15
1990-1994       11                12.00           27.12           39.12
1990-1994       12                20.01           30.14           50.15
1990-1994       13                11.00           33.17           44.17
1990-1994       14                25.01           48.22           73.23
1990-1994       15                30.01           45.18           75.19
1990-1994       16                23.02           54.22           77.24
1990-1994       17                31.01           90.42          121.43
1990-1994       18                40.01          116.51          156.52
1990-1994       19                37.02          159.71          196.73
1990-1994       20                39.02          161.72          200.74
1990-1994       21                44.04          157.83          201.87
1990-1994       22                41.02          167.80          208.82
1990-1994       23                39.03          166.80          205.83
1990-1994       24                42.02          152.76          194.78
1990-1994       25                37.02          169.80          206.82
1990-1994       26                41.01          175.86          216.87
1990-1994       27                48.03          189.85          237.88
1990-1994       28                45.02          199.95          244.97
1990-1994       29                45.04          195.88          240.92
1990-1994       30                50.03          209.01          259.04
1990-1994       31                59.04          272.35          331.39
1990-1994       32                56.04          277.28          333.32
1990-1994       33                64.03          275.30          339.33
1990-1994       34                64.04          286.42          350.46
1990-1994       35                79.06          322.67          401.73
1990-1994       36                87.06          306.55          393.61
1990-1994       37               109.09          351.76          460.85
1990-1994       38               110.10          348.65          458.75
1990-1994       39               121.11          377.84          498.95
1990-1994       40               129.11          428.15          557.26
1990-1994       41               159.15          420.12          579.27
1990-1994       42               143.13          464.33          607.46
1990-1994       43               151.14          494.38          645.52
1990-1994       44               140.13          503.61          643.74
1990-1994       45               178.17          506.77          684.94
1990-1994       46               178.15          512.63          690.78
1990-1994       47               173.16          449.20          622.36
1990-1994       48               172.17          529.38          701.55
1990-1994       49               192.16          573.54          765.70
1990-1994       50               251.22          655.92          907.14
1990-1994       51               279.22          712.23          991.45
1990-1994       52               338.29          841.97         1180.26
1990-1994       53               328.28          927.44         1255.72
1990-1994       54               344.30          906.24         1250.54
1990-1994       55               391.35         1000.01         1391.36
1990-1994       56               393.34          963.69         1357.03
1990-1994       57               410.36         1042.05         1452.41
1990-1994       58               480.42         1007.63         1488.05
1990-1994       59               497.41         1121.12         1618.53
1990-1994       60               573.47         1170.32         1743.79
1990-1994       61               696.61         1227.56         1924.17
1990-1994       62               654.56         1365.33         2019.89
1990-1994       63               836.72         1407.49         2244.21
1990-1994       64               784.66         1403.70         2188.36
1990-1994       65               876.74         1280.25         2156.99
1990-1994       66               933.80         1310.55         2244.35
1990-1994       67               971.83         1214.78         2186.61
1990-1994       68              1028.89         1138.32         2167.21
1990-1994       69              1044.90         1046.94         2091.84
1990-1994       70              1047.92         1056.98         2104.90
1990-1994       71              1131.98          997.70         2129.68
1990-1994       72              1100.97          906.20         2007.17
1990-1994       73              1010.91          909.29         1920.20
1990-1994       74              1090.95          858.79         1949.74
1990-1994       75              1148.95          927.07         2076.02
1990-1994       76              1264.01          892.62         2156.63
1990-1994       77              1471.18          908.68         2379.86
1990-1994       78              1696.37         1075.61         2771.98
1990-1994       79              1795.50         1077.69         2873.19
1990-1994       80              1974.67         1076.83         3051.50
1990-1994       81              2133.82          956.31         3090.13
1990-1994       82              2007.71          975.35         2983.06
1990-1994       83              2027.71          866.89         2894.60
1990-1994       84              1942.64          780.41         2723.05
1990-1994       85              1847.58          720.35         2567.93
1990-1994       86              1709.47          623.79         2333.26
1990-1994       87              1608.36          602.72         2211.08
1990-1994       88              1454.27          448.00         1902.27
1990-1994       89              1256.05          380.72         1636.77
1990-1994       90              1089.95          301.36         1391.31
1990-1994       91               945.82          263.30         1209.12
1990-1994       92               765.64          160.70          926.34
1990-1994       93               571.48          101.47          672.95
1990-1994       94               411.36           82.35          493.71
1990-1994       95               339.28           60.27          399.55
1990-1994       96               235.21           46.21          281.42
1990-1994       97               162.16           28.12          190.28
1990-1994       98               138.12           16.07          154.19
1990-1994       99                84.07            9.03           93.10
1990-1994      100                51.14           11.01           62.15
1990-1994      101                32.25            6.25           38.50
1990-1994      102                19.58            3.40           22.98
1990-1994      103                11.63            1.24           12.87
1990-1994      104                 6.59            0.22            6.81
1990-1994      105                 2.98            0.00            2.98
1990-1994      106                 0.93            0.00            0.93
1990-1994      107                 0.00            0.00            0.00
1990-1994      108                 0.00            0.00            0.00
1990-1994      109                 0.00            0.00            0.00
1990-1994      110+                0.00            0.00            0.00
1995-1999        0               302.41          400.53          702.94
1995-1999        1                40.06           41.34           81.40
1995-1999        2                14.01           32.31           46.32
1995-1999        3                18.03           23.22           41.25
1995-1999        4                15.01           26.23           41.24
1995-1999        5                 9.00           24.17           33.17
1995-1999        6                14.00           32.26           46.26
1995-1999        7                18.02           19.18           37.20
1995-1999        8                18.01           29.22           47.23
1995-1999        9                15.01           25.24           40.25
1995-1999       10                17.01           21.21           38.22
1995-1999       11                14.01           29.22           43.23
1995-1999       12                 9.00           29.25           38.25
1995-1999       13                12.01           20.15           32.16
1995-1999       14                 7.01           30.25           37.26
1995-1999       15                25.03           38.36           63.39
1995-1999       16                17.03           42.36           59.39
1995-1999       17                20.01           66.55           86.56
1995-1999       18                27.04          100.92          127.96
1995-1999       19                27.01          108.97          135.98
1995-1999       20                32.03          130.18          162.21
1995-1999       21                16.01          123.02          139.03
1995-1999       22                28.04          133.17          161.21
1995-1999       23                34.06          131.16          165.22
1995-1999       24                26.03          125.15          151.18
1995-1999       25                25.04          141.21          166.25
1995-1999       26                36.04          154.36          190.40
1995-1999       27                27.03          155.38          182.41
1995-1999       28                31.03          144.25          175.28
1995-1999       29                26.03          156.39          182.42
1995-1999       30                41.06          164.41          205.47
1995-1999       31                33.03          148.31          181.34
1995-1999       32                41.05          196.67          237.72
1995-1999       33                61.11          219.99          281.10
1995-1999       34                55.08          253.22          308.30
1995-1999       35                77.12          258.30          335.42
1995-1999       36                89.12          305.68          394.80
1995-1999       37               104.12          333.96          438.08
1995-1999       38                95.14          345.02          440.16
1995-1999       39               116.15          386.42          502.57
1995-1999       40               128.17          386.47          514.64
1995-1999       41               124.17          378.36          502.53
1995-1999       42               118.17          457.08          575.25
1995-1999       43               147.23          525.75          672.98
1995-1999       44               184.28          494.43          678.71
1995-1999       45               171.24          530.66          701.90
1995-1999       46               204.30          602.37          806.67
1995-1999       47               183.25          627.52          810.77
1995-1999       48               233.36          631.59          864.95
1995-1999       49               228.32          652.90          881.22
1995-1999       50               227.36          646.81          874.17
1995-1999       51               251.38          585.48          836.86
1995-1999       52               230.35          693.32          923.67
1995-1999       53               275.42          708.33          983.75
1995-1999       54               288.42          756.47         1044.89
1995-1999       55               357.49          887.68         1245.17
1995-1999       56               383.53          928.08         1311.61
1995-1999       57               433.64         1011.04         1444.68
1995-1999       58               463.68         1038.29         1501.97
1995-1999       59               458.68         1125.10         1583.78
1995-1999       60               507.78         1112.93         1620.71
1995-1999       61               554.80         1168.54         1723.34
1995-1999       62               612.88         1194.77         1807.65
1995-1999       63               570.86         1244.18         1815.04
1995-1999       64               686.00         1234.01         1920.01
1995-1999       65               736.07         1324.50         2060.57
1995-1999       66               814.16         1370.20         2184.36
1995-1999       67               909.31         1428.67         2337.98
1995-1999       68               955.39         1356.19         2311.58
1995-1999       69              1044.50         1370.42         2414.92
1995-1999       70              1148.68         1290.93         2439.61
1995-1999       71              1157.72         1161.74         2319.46
1995-1999       72              1250.82         1222.19         2473.01
1995-1999       73              1282.90         1056.73         2339.63
1995-1999       74              1353.98          979.99         2333.97
1995-1999       75              1383.05          905.16         2288.21
1995-1999       76              1281.89          940.63         2222.52
1995-1999       77              1235.89          838.68         2074.57
1995-1999       78              1238.92          792.16         2031.08
1995-1999       79              1188.80          713.52         1902.32
1995-1999       80              1292.92          723.57         2016.49
1995-1999       81              1465.07          696.98         2162.05
1995-1999       82              1541.12          762.47         2303.59
1995-1999       83              1708.38          770.73         2479.11
1995-1999       84              1775.55          715.44         2490.99
1995-1999       85              1831.68          666.98         2498.66
1995-1999       86              1737.47          632.74         2370.21
1995-1999       87              1565.31          563.17         2128.48
1995-1999       88              1434.11          479.29         1913.40
1995-1999       89              1246.91          373.41         1620.32
1995-1999       90              1135.65          308.75         1444.40
1995-1999       91               925.38          259.43         1184.81
1995-1999       92               699.03          199.83          898.86
1995-1999       93               596.85          151.39          748.24
1995-1999       94               493.77          100.98          594.75
1995-1999       95               371.56           84.76          456.32
1995-1999       96               275.42           34.33          309.75
1995-1999       97               172.28           22.17          194.45
1995-1999       98                98.13           23.21          121.34
1995-1999       99                85.13            9.09           94.22
1995-1999      100                43.99           11.61           55.60
1995-1999      101                25.95            6.55           32.50
1995-1999      102                14.89            3.14           18.03
1995-1999      103                 8.08            0.93            9.01
1995-1999      104                 4.05            0.00            4.05
1995-1999      105                 1.19            0.00            1.19
1995-1999      106                 0.00            0.00            0.00
1995-1999      107                 0.00            0.00            0.00
1995-1999      108                 0.00            0.00            0.00
1995-1999      109                 0.00            0.00            0.00
1995-1999      110+                0.00            0.00            0.00
2000-2004        0               197.39          281.68          479.07
2000-2004        1                21.03           29.25           50.28
2000-2004        2                11.01           23.22           34.23
2000-2004        3                10.02           10.09           20.11
2000-2004        4                12.02            8.11           20.13
2000-2004        5                13.03           16.14           29.17
2000-2004        6                 9.01           14.18           23.19
2000-2004        7                 7.01           12.11           19.12
2000-2004        8                 7.01            6.06           13.07
2000-2004        9                 4.01           13.15           17.16
2000-2004       10                 4.01           17.18           21.19
2000-2004       11                 9.01           20.22           29.23
2000-2004       12                 5.00           11.08           16.08
2000-2004       13                13.01           16.12           29.13
2000-2004       14                14.02           18.19           32.21
2000-2004       15                 9.02           32.25           41.27
2000-2004       16                20.03           39.32           59.35
2000-2004       17                 8.02           54.52           62.54
2000-2004       18                24.06           78.69          102.75
2000-2004       19                26.04          107.89          133.93
2000-2004       20                33.06          107.01          140.07
2000-2004       21                23.04          118.11          141.15
2000-2004       22                20.03          141.23          161.26
2000-2004       23                29.04          102.94          131.98
2000-2004       24                26.03          120.05          146.08
2000-2004       25                23.03          113.00          136.03
2000-2004       26                30.06          141.20          171.26
2000-2004       27                26.05          124.07          150.12
2000-2004       28                20.03          124.19          144.22
2000-2004       29                30.05          127.11          157.16
2000-2004       30                39.07          150.37          189.44
2000-2004       31                30.05          164.49          194.54
2000-2004       32                36.06          148.23          184.29
2000-2004       33                44.09          174.54          218.63
2000-2004       34                57.12          156.41          213.53
2000-2004       35                64.13          183.78          247.91
2000-2004       36                53.11          188.66          241.77
2000-2004       37                66.15          215.00          281.15
2000-2004       38                69.15          262.36          331.51
2000-2004       39                74.16          273.63          347.79
2000-2004       40               106.20          332.18          438.38
2000-2004       41               115.26          346.37          461.63
2000-2004       42               122.22          385.50          507.72
2000-2004       43               130.24          414.92          545.16
2000-2004       44               132.25          474.37          606.62
2000-2004       45               168.34          500.59          668.93
2000-2004       46               163.32          546.09          709.41
2000-2004       47               208.46          592.61          801.07
2000-2004       48               193.38          553.04          746.42
2000-2004       49               236.48          615.68          852.16
2000-2004       50               241.43          664.05          905.48
2000-2004       51               239.47          666.93          906.40
2000-2004       52               296.59          689.20          985.79
2000-2004       53               273.54          750.69         1024.23
2000-2004       54               307.58          723.11         1030.69
2000-2004       55               328.61          749.22         1077.83
2000-2004       56               296.53          687.88          984.41
2000-2004       57               328.63          693.13         1021.76
2000-2004       58               386.77          706.74         1093.51
2000-2004       59               375.78          791.93         1167.71
2000-2004       60               392.78          922.82         1315.60
2000-2004       61               444.92         1073.09         1518.01
2000-2004       62               520.97         1124.18         1645.15
2000-2004       63               536.96         1134.07         1671.03
2000-2004       64               524.03         1237.11         1761.14
2000-2004       65               656.23         1197.19         1853.42
2000-2004       66               638.21         1233.55         1871.76
2000-2004       67               677.30         1155.34         1832.64
2000-2004       68               768.54         1288.91         2057.45
2000-2004       69               771.51         1220.48         1991.99
2000-2004       70               943.91         1307.06         2250.97
2000-2004       71              1036.03         1342.22         2378.25
2000-2004       72              1134.25         1394.52         2528.77
2000-2004       73              1207.36         1358.03         2565.39
2000-2004       74              1296.59         1392.00         2688.59
2000-2004       75              1405.74         1186.83         2592.57
2000-2004       76              1536.97         1108.21         2645.18
2000-2004       77              1532.95         1022.72         2555.67
2000-2004       78              1610.91          936.22         2547.13
2000-2004       79              1568.79          881.42         2450.21
2000-2004       80              1607.84          806.84         2414.68
2000-2004       81              1506.56          772.69         2279.25
2000-2004       82              1429.44          661.50         2090.94
2000-2004       83              1262.24          559.66         1821.90
2000-2004       84              1294.48          518.53         1813.01
2000-2004       85              1377.79          505.67         1883.46
2000-2004       86              1255.59          482.83         1738.42
2000-2004       87              1362.78          468.41         1831.19
2000-2004       88              1347.71          437.06         1784.77
2000-2004       89              1339.55          401.55         1741.10
2000-2004       90              1237.34          377.12         1614.46
2000-2004       91              1039.85          300.54         1340.39
2000-2004       92               906.62          203.70         1110.32
2000-2004       93               718.32          165.52          883.84
2000-2004       94               555.98          128.04          684.02
2000-2004       95               438.76          101.83          540.59
2000-2004       96               283.47           66.58          350.05
2000-2004       97               238.40           55.51          293.91
2000-2004       98               153.24           22.15          175.39
2000-2004       99                97.18           13.11          110.29
2000-2004      100                69.63           13.06           82.69
2000-2004      101                42.96            6.98           49.94
2000-2004      102                25.14            3.58           28.72
2000-2004      103                14.25            1.57           15.82
2000-2004      104                 7.83            0.00            7.83
2000-2004      105                 3.88            0.00            3.88
2000-2004      106                 0.59            0.00            0.59
2000-2004      107                 0.00            0.00            0.00
2000-2004      108                 0.00            0.00            0.00
2000-2004      109                 0.00            0.00            0.00
2000-2004      110+                0.00            0.00            0.00
2005-2009        0               151.05          209.49          360.54
2005-2009        1                15.00           22.06           37.06
2005-2009        2                12.00           10.01           22.01
2005-2009        3                 7.00            8.03           15.03
2005-2009        4                 7.00            9.01           16.01
2005-2009        5                 9.00            4.01           13.01
2005-2009        6                 3.00            5.01            8.01
2005-2009        7                 5.00           11.01           16.01
2005-2009        8                 5.00            9.01           14.01
2005-2009        9                 4.00            6.02           10.02
2005-2009       10                 1.00            5.00            6.00
2005-2009       11                 3.00            5.01            8.01
2005-2009       12                 5.00           13.04           18.04
2005-2009       13                 7.00            8.01           15.01
2005-2009       14                10.00           10.01           20.01
2005-2009       15                17.00           14.04           31.04
2005-2009       16                11.00           27.08           38.08
2005-2009       17                 8.00           43.11           51.11
2005-2009       18                21.00           66.17           87.17
2005-2009       19                14.00           59.13           73.13
2005-2009       20                27.00           96.24          123.24
2005-2009       21                19.00           79.18           98.18
2005-2009       22                31.00          100.26          131.26
2005-2009       23                35.00          112.26          147.26
2005-2009       24                29.00          125.31          154.31
2005-2009       25                34.00          127.32          161.32
2005-2009       26                21.00          122.25          143.25
2005-2009       27                27.00          128.34          155.34
2005-2009       28                18.00          135.31          153.31
2005-2009       29                24.00          142.32          166.32
2005-2009       30                25.00          130.29          155.29
2005-2009       31                23.00          112.25          135.25
2005-2009       32                41.00          144.32          185.32
2005-2009       33                36.00          128.32          164.32
2005-2009       34                36.00          131.30          167.30
2005-2009       35                42.00          138.36          180.36
2005-2009       36                39.00          150.35          189.35
2005-2009       37                39.00          166.42          205.42
2005-2009       38                66.02          145.38          211.40
2005-2009       39                49.00          170.41          219.41
2005-2009       40                56.00          179.42          235.42
2005-2009       41                67.02          196.49          263.51
2005-2009       42                67.02          269.71          336.73
2005-2009       43                82.03          252.70          334.73
2005-2009       44               111.03          310.80          421.83
2005-2009       45               124.04          322.79          446.83
2005-2009       46               133.06          383.95          517.01
2005-2009       47               127.05          428.04          555.09
2005-2009       48               168.08          438.06          606.14
2005-2009       49               159.08          458.15          617.23
2005-2009       50               212.11          521.28          733.39
2005-2009       51               230.10          562.38          792.48
2005-2009       52               220.10          635.53          855.63
2005-2009       53               251.12          644.48          895.60
2005-2009       54               233.11          672.68          905.79
2005-2009       55               269.13          710.64          979.77
2005-2009       56               299.14          755.84         1054.98
2005-2009       57               328.15          808.89         1137.04
2005-2009       58               337.14          774.80         1111.94
2005-2009       59               356.14          815.78         1171.92
2005-2009       60               366.15          828.76         1194.91
2005-2009       61               342.15          783.73         1125.88
2005-2009       62               321.13          716.65         1037.78
2005-2009       63               379.14          820.10         1199.24
2005-2009       64               430.18          926.42         1356.60
2005-2009       65               462.21         1019.67         1481.88
2005-2009       66               536.23         1058.56         1594.79
2005-2009       67               599.29         1127.67         1726.96
2005-2009       68               670.29         1153.72         1824.01
2005-2009       69               707.30         1218.89         1926.19
2005-2009       70               727.31         1207.66         1934.97
2005-2009       71               803.35         1105.57         1908.92
2005-2009       72               870.38         1178.74         2049.12
2005-2009       73               950.42         1233.95         2184.37
2005-2009       74               999.44         1222.94         2222.38
2005-2009       75              1188.51         1232.04         2420.55
2005-2009       76              1282.54         1272.05         2554.59
2005-2009       77              1397.61         1297.95         2695.56
2005-2009       78              1527.64         1210.75         2738.39
2005-2009       79              1501.65         1188.65         2690.30
2005-2009       80              1672.72         1080.28         2753.00
2005-2009       81              1766.75          955.06         2721.81
2005-2009       82              1880.81          864.90         2745.71
2005-2009       83              1758.76          728.59         2487.35
2005-2009       84              1707.72          708.50         2416.22
2005-2009       85              1522.64          591.29         2113.93
2005-2009       86              1560.65          522.11         2082.76
2005-2009       87              1342.54          428.97         1771.51
2005-2009       88              1041.43          386.85         1428.28
2005-2009       89               929.40          284.67         1214.07
2005-2009       90               922.40          289.75         1212.15
2005-2009       91               900.40          248.67         1149.07
2005-2009       92               783.34          241.55         1024.89
2005-2009       93               795.36          186.47          981.83
2005-2009       94               581.25          153.33          734.58
2005-2009       95               521.22           99.26          620.48
2005-2009       96               376.15           83.19          459.34
2005-2009       97               281.13           64.14          345.27
2005-2009       98               192.06           31.05          223.11
2005-2009       99               113.03           17.04          130.07
2005-2009      100                81.36           13.19           94.55
2005-2009      101                52.04            8.14           60.18
2005-2009      102                32.28            4.54           36.82
2005-2009      103                19.44            1.47           20.91
2005-2009      104                11.17            0.74           11.91
2005-2009      105                 6.26            0.00            6.26
2005-2009      106                 3.04            0.00            3.04
2005-2009      107                 0.54            0.00            0.54
2005-2009      108                 0.00            0.00            0.00
2005-2009      109                 0.00            0.00            0.00
2005-2009      110+                0.00            0.00            0.00
2010-2014        0                97.03          106.13          203.16
2010-2014        1                16.00           20.02           36.02
2010-2014        2                 8.00           12.00           20.00
2010-2014        3                 6.00            6.00           12.00
2010-2014        4                 7.00            8.00           15.00
2010-2014        5                 7.00            5.00           12.00
2010-2014        6                 6.00            8.01           14.01
2010-2014        7                 3.00            6.00            9.00
2010-2014        8                 3.00            6.00            9.00
2010-2014        9                 1.00            6.00            7.00
2010-2014       10                 6.00            5.01           11.01
2010-2014       11                 2.00            7.01            9.01
2010-2014       12                 4.00            6.01           10.01
2010-2014       13                 3.00            6.01            9.01
2010-2014       14                 8.00            6.00           14.00
2010-2014       15                11.00            6.00           17.00
2010-2014       16                 4.00            9.00           13.00
2010-2014       17                 8.00           21.00           29.00
2010-2014       18                12.00           32.04           44.04
2010-2014       19                 9.00           33.04           42.04
2010-2014       20                12.00           55.08           67.08
2010-2014       21                14.00           55.05           69.05
2010-2014       22                10.00           59.05           69.05
2010-2014       23                20.00           58.06           78.06
2010-2014       24                12.00           70.08           82.08
2010-2014       25                19.00           87.11          106.11
2010-2014       26                22.00           79.11          101.11
2010-2014       27                23.00           95.13          118.13
2010-2014       28                22.00          100.13          122.13
2010-2014       29                30.00          107.14          137.14
2010-2014       30                27.00          118.14          145.14
2010-2014       31                37.00          131.17          168.17
2010-2014       32                27.00          123.15          150.15
2010-2014       33                25.00          116.13          141.13
2010-2014       34                32.00          107.12          139.12
2010-2014       35                32.00          110.12          142.12
2010-2014       36                40.00           99.11          139.11
2010-2014       37                42.00          121.14          163.14
2010-2014       38                42.00          131.16          173.16
2010-2014       39                45.00          145.16          190.16
2010-2014       40                52.00          138.17          190.17
2010-2014       41                65.03          150.15          215.18
2010-2014       42                39.00          165.20          204.20
2010-2014       43                56.02          182.23          238.25
2010-2014       44                67.02          210.23          277.25
2010-2014       45                74.02          203.24          277.26
2010-2014       46                82.01          242.28          324.29
2010-2014       47                88.03          257.28          345.31
2010-2014       48               102.03          268.31          370.34
2010-2014       49               112.04          312.37          424.41
2010-2014       50               152.06          336.40          488.46
2010-2014       51               139.06          406.49          545.55
2010-2014       52               159.05          383.45          542.50
2010-2014       53               150.06          429.47          579.53
2010-2014       54               185.06          471.54          656.60
2010-2014       55               189.06          500.55          689.61
2010-2014       56               233.08          526.62          759.70
2010-2014       57               223.07          596.65          819.72
2010-2014       58               246.07          602.65          848.72
2010-2014       59               296.08          687.80          983.88
2010-2014       60               305.10          730.81         1035.91
2010-2014       61               332.10          749.80         1081.90
2010-2014       62               330.09          840.92         1171.01
2010-2014       63               400.12          862.93         1263.05
2010-2014       64               391.12          798.81         1189.93
2010-2014       65               426.12          803.82         1229.94
2010-2014       66               411.11          800.84         1211.95
2010-2014       67               393.12          750.73         1143.85
2010-2014       68               431.14          799.91         1231.05
2010-2014       69               502.18          841.01         1343.19
2010-2014       70               575.19          898.09         1473.28
2010-2014       71               706.23          960.07         1666.30
2010-2014       72               789.24         1121.20         1910.44
2010-2014       73               862.29         1197.34         2059.63
2010-2014       74               895.28         1109.20         2004.48
2010-2014       75               991.29         1149.25         2140.54
2010-2014       76              1026.31         1046.08         2072.39
2010-2014       77              1090.33         1036.06         2126.39
2010-2014       78              1202.38         1065.16         2267.54
2010-2014       79              1378.43          992.12         2370.55
2010-2014       80              1424.44         1129.25         2553.69
2010-2014       81              1596.50         1049.13         2645.63
2010-2014       82              1708.53         1100.22         2808.75
2010-2014       83              1711.53          984.08         2695.61
2010-2014       84              1849.57          890.94         2740.51
2010-2014       85              1769.55          769.76         2539.31
2010-2014       86              1901.58          693.70         2595.28
2010-2014       87              1739.53          628.61         2368.14
2010-2014       88              1620.47          532.51         2152.98
2010-2014       89              1514.44          411.43         1925.87
2010-2014       90              1223.34          340.34         1563.68
2010-2014       91              1104.30          278.26         1382.56
2010-2014       92               812.22          222.21         1034.43
2010-2014       93               663.18          160.16          823.34
2010-2014       94               496.15           92.08          588.23
2010-2014       95               427.12           93.10          520.22
2010-2014       96               317.09           72.10          389.19
2010-2014       97               253.07           59.08          312.15
2010-2014       98               210.06           36.04          246.10
2010-2014       99               148.05           36.04          184.09
2010-2014      100               107.93           19.73          127.66
2010-2014      101                69.05           13.38           82.43
2010-2014      102                42.95            8.84           51.79
2010-2014      103                26.51            5.84           32.35
2010-2014      104                15.99            2.93           18.92
2010-2014      105                 9.23            1.04           10.27
2010-2014      106                 5.17            0.31            5.48
2010-2014      107                 2.22            0.00            2.22
2010-2014      108                 0.00            0.00            0.00
2010-2014      109                 0.00            0.00            0.00
2010-2014      110+                0.00            0.00            0.00
2015-2019        0                55.00           90.00          145.00
2015-2019        1                 7.00           10.00           17.00
2015-2019        2                 4.00            9.00           13.00
2015-2019        3                 3.00            7.00           10.00
2015-2019        4                 7.00            6.00           13.00
2015-2019        5                 5.00            8.00           13.00
2015-2019        6                 5.00            4.00            9.00
2015-2019        7                 6.00            6.00           12.00
2015-2019        8                 0.00            4.00            4.00
2015-2019        9                 2.00            2.00            4.00
2015-2019       10                 7.00            6.00           13.00
2015-2019       11                 4.00            3.00            7.00
2015-2019       12                 4.00            3.00            7.00
2015-2019       13                 5.00            6.00           11.00
2015-2019       14                 5.00            4.00            9.00
2015-2019       15                12.00           12.00           24.00
2015-2019       16                 7.00           15.00           22.00
2015-2019       17                 8.00           15.00           23.00
2015-2019       18                 9.00           16.00           25.00
2015-2019       19                13.00           25.00           38.00
2015-2019       20                11.00           30.00           41.00
2015-2019       21                10.00           17.00           27.00
2015-2019       22                 9.00           24.00           33.00
2015-2019       23                10.00           29.00           39.00
2015-2019       24                14.00           31.00           45.00
2015-2019       25                11.00           46.00           57.00
2015-2019       26                12.00           51.00           63.00
2015-2019       27                21.00           46.00           67.00
2015-2019       28                25.00           67.00           92.00
2015-2019       29                22.00           64.00           86.00
2015-2019       30                26.00           73.00           99.00
2015-2019       31                23.00           91.00          114.00
2015-2019       32                29.00           89.00          118.00
2015-2019       33                32.00           78.00          110.00
2015-2019       34                33.00           95.00          128.00
2015-2019       35                39.00           99.00          138.00
2015-2019       36                29.00           86.00          115.00
2015-2019       37                39.00          103.00          142.00
2015-2019       38                33.00          106.00          139.00
2015-2019       39                32.00          108.00          140.00
2015-2019       40                43.00          111.00          154.00
2015-2019       41                42.00          144.00          186.00
2015-2019       42                51.00          137.00          188.00
2015-2019       43                66.00          157.00          223.00
2015-2019       44                48.00          167.00          215.00
2015-2019       45                63.00          185.00          248.00
2015-2019       46                78.00          233.00          311.00
2015-2019       47                64.00          196.00          260.00
2015-2019       48                79.00          208.00          287.00
2015-2019       49                92.00          235.00          327.00
2015-2019       50                90.00          230.00          320.00
2015-2019       51               114.00          284.00          398.00
2015-2019       52               136.00          299.00          435.00
2015-2019       53               142.00          380.00          522.00
2015-2019       54               145.00          414.00          559.00
2015-2019       55               167.00          481.00          648.00
2015-2019       56               173.00          471.00          644.00
2015-2019       57               194.00          520.00          714.00
2015-2019       58               232.00          566.00          798.00
2015-2019       59               245.00          615.00          860.00
2015-2019       60               261.00          642.00          903.00
2015-2019       61               317.00          713.00         1030.00
2015-2019       62               313.00          695.00         1008.00
2015-2019       63               354.00          796.00         1150.00
2015-2019       64               359.00          804.00         1163.00
2015-2019       65               411.00          871.00         1282.00
2015-2019       66               434.00          863.00         1297.00
2015-2019       67               460.00          945.00         1405.00
2015-2019       68               496.00          949.00         1445.00
2015-2019       69               551.00          903.00         1454.00
2015-2019       70               568.00          934.00         1502.00
2015-2019       71               536.00          876.00         1412.00
2015-2019       72               610.00          776.00         1386.00
2015-2019       73               640.00          906.00         1546.00
2015-2019       74               662.00          916.00         1578.00
2015-2019       75               800.00          972.00         1772.00
2015-2019       76               878.00         1056.00         1934.00
2015-2019       77              1073.00         1140.00         2213.00
2015-2019       78              1234.00         1107.00         2341.00
2015-2019       79              1276.00         1059.00         2335.00
2015-2019       80              1419.00         1068.00         2487.00
2015-2019       81              1504.00         1029.00         2533.00
2015-2019       82              1447.00          953.00         2400.00
2015-2019       83              1590.00          936.00         2526.00
2015-2019       84              1731.00          932.00         2663.00
2015-2019       85              1809.00          904.00         2713.00
2015-2019       86              1955.00          854.00         2809.00
2015-2019       87              1965.00          817.00         2782.00
2015-2019       88              1895.00          730.00         2625.00
2015-2019       89              1880.00          637.00         2517.00
2015-2019       90              1684.00          513.00         2197.00
2015-2019       91              1511.00          422.00         1933.00
2015-2019       92              1280.00          321.00         1601.00
2015-2019       93              1082.00          281.00         1363.00
2015-2019       94               855.00          195.00         1050.00
2015-2019       95               627.00          119.00          746.00
2015-2019       96               499.00           91.00          590.00
2015-2019       97               334.00           68.00          402.00
2015-2019       98               205.00           46.00          251.00
2015-2019       99               146.00           20.00          166.00
2015-2019      100               115.76           15.38          131.14
2015-2019      101                71.90            8.73           80.63
2015-2019      102                43.41            4.20           47.61
2015-2019      103                24.98            1.70           26.68
2015-2019      104                13.85            0.00           13.85
2015-2019      105                 7.29            0.00            7.29
2015-2019      106                 3.12            0.00            3.12
2015-2019      107                 0.68            0.00            0.68
2015-2019      108                 0.00            0.00            0.00
2015-2019      109                 0.00            0.00            0.00
2015-2019      110+                0.00            0.00            0.00
