Ukraine, Deaths (period 1x5), 	Last modified: 26 Sep 2017;  Methods Protocol: v6 (2017)

  Year          Age             Female            Male           Total
1960-1964        0             44180.21        60250.28       104430.49
1960-1964        1              6692.56         7749.92        14442.48
1960-1964        2              2756.43         3140.54         5896.97
1960-1964        3              1799.94         2234.11         4034.05
1960-1964        4              1453.74         1963.95         3417.69
1960-1964        5              1204.59         1776.86         2981.45
1960-1964        6              1175.59         1769.84         2945.43
1960-1964        7              1025.50         1671.82         2697.32
1960-1964        8               850.43         1576.75         2427.18
1960-1964        9               798.38         1445.69         2244.07
1960-1964       10               859.43         1528.74         2388.17
1960-1964       11               734.38         1282.63         2017.01
1960-1964       12               837.40         1423.65         2261.05
1960-1964       13               798.37         1297.62         2095.99
1960-1964       14               809.37         1380.62         2189.99
1960-1964       15               768.35         1327.63         2095.98
1960-1964       16               779.38         1550.73         2330.11
1960-1964       17               803.39         1595.75         2399.14
1960-1964       18               977.52         1917.96         2895.48
1960-1964       19              1095.65         2192.16         3287.81
1960-1964       20              1647.94         2679.46         4327.40
1960-1964       21              1648.94         2621.39         4270.33
1960-1964       22              2110.14         3368.71         5478.85
1960-1964       23              2191.14         4264.13         6455.27
1960-1964       24              2170.09         4364.07         6534.16
1960-1964       25              2315.11         4607.11         6922.22
1960-1964       26              1977.89         4156.81         6134.70
1960-1964       27              1873.85         3882.71         5756.56
1960-1964       28              1791.87         3735.73         5527.60
1960-1964       29              1712.91         3425.70         5138.61
1960-1964       30              2363.31         4686.45         7049.76
1960-1964       31              2129.16         4256.13         6385.29
1960-1964       32              2934.52         5388.61         8323.13
1960-1964       33              2814.45         5472.63         8287.08
1960-1964       34              2904.49         5557.59         8462.08
1960-1964       35              3412.71         5828.68         9241.39
1960-1964       36              3450.72         5725.64         9176.36
1960-1964       37              3379.63         5306.43         8686.06
1960-1964       38              3604.76         5117.31         8722.07
1960-1964       39              3185.52         4569.00         7754.52
1960-1964       40              3986.89         4990.26         8977.15
1960-1964       41              2985.40         3961.81         6947.21
1960-1964       42              3881.87         4616.16         8498.03
1960-1964       43              3488.63         4073.84         7562.47
1960-1964       44              3392.58         3894.76         7287.34
1960-1964       45              4170.05         4740.29         8910.34
1960-1964       46              4461.45         5050.65         9512.10
1960-1964       47              4845.66         5598.87        10444.53
1960-1964       48              6317.36         6846.40        13163.76
1960-1964       49              6461.18         7048.35        13509.53
1960-1964       50              8720.34         9561.59        18281.93
1960-1964       51              6996.45         8165.86        15162.31
1960-1964       52              8684.08        10048.63        18732.71
1960-1964       53              8345.93         9933.65        18279.58
1960-1964       54              8363.99        10113.81        18477.80
1960-1964       55              9663.78        10996.24        20660.02
1960-1964       56             10144.02        11944.56        22088.58
1960-1964       57             10061.91        12129.67        22191.58
1960-1964       58             10784.27        12298.70        23082.97
1960-1964       59              9899.68        12005.47        21905.15
1960-1964       60             15467.81        15944.54        31412.35
1960-1964       61             11172.50        12060.62        23233.12
1960-1964       62             14676.94        14821.80        29498.74
1960-1964       63             14446.57        14243.46        28690.03
1960-1964       64             14907.94        14486.77        29394.71
1960-1964       65             15826.88        15263.24        31090.12
1960-1964       66             14481.98        14048.61        28530.59
1960-1964       67             17611.41        16587.76        34199.17
1960-1964       68             17724.47        16227.64        33952.11
1960-1964       69             14653.88        13724.32        28378.20
1960-1964       70             22332.83        18233.47        40566.30
1960-1964       71             15803.66        13043.97        28847.63
1960-1964       72             23468.65        18286.67        41755.32
1960-1964       73             22928.31        16958.94        39887.25
1960-1964       74             23323.08        16711.74        40034.82
1960-1964       75             25142.78        16919.65        42062.43
1960-1964       76             24687.49        16432.67        41120.16
1960-1964       77             20726.76        13765.38        34492.14
1960-1964       78             25803.16        16565.61        42368.77
1960-1964       79             17791.25        11674.30        29465.55
1960-1964       80             24825.89        14608.77        39434.66
1960-1964       81             16104.65         9834.49        25939.14
1960-1964       82             20284.49        11601.27        31885.76
1960-1964       83             17341.04         9872.43        27213.47
1960-1964       84             16910.73         9465.29        26376.02
1960-1964       85             15111.14         7553.47        22664.61
1960-1964       86             13845.54         7012.20        20857.74
1960-1964       87             11787.56         5733.60        17521.16
1960-1964       88             10603.87         4945.28        15549.15
1960-1964       89              7676.54         3437.55        11114.09
1960-1964       90              8969.28         3492.64        12461.92
1960-1964       91              4426.10         1886.84         6312.94
1960-1964       92              4893.28         1968.86         6862.14
1960-1964       93              3846.74         1418.60         5265.34
1960-1964       94              2995.31         1103.50         4098.81
1960-1964       95              2403.13          700.31         3103.44
1960-1964       96              2552.25          750.36         3302.61
1960-1964       97              1926.97          577.27         2504.24
1960-1964       98              1853.92          524.25         2378.17
1960-1964       99              1067.41          315.08         1382.49
1960-1964      100               818.87          231.57         1050.44
1960-1964      101               616.84          167.94          784.78
1960-1964      102               463.87          120.67          584.54
1960-1964      103               345.94           85.22          431.16
1960-1964      104               253.30           59.58          312.88
1960-1964      105               182.73           41.26          223.99
1960-1964      106               130.11           28.24          158.35
1960-1964      107                91.42           19.10          110.52
1960-1964      108                63.38           12.77           76.15
1960-1964      109                43.36            8.43           51.79
1960-1964      110+               78.77            9.65           88.42
1965-1969        0             27123.26        39089.70        66212.96
1965-1969        1              4836.92         5963.62        10800.54
1965-1969        2              1969.39         2436.67         4406.06
1965-1969        3              1394.27         1907.51         3301.78
1965-1969        4              1221.24         1735.49         2956.73
1965-1969        5              1108.19         1550.41         2658.60
1965-1969        6               987.21         1686.47         2673.68
1965-1969        7               995.19         1567.43         2562.62
1965-1969        8               870.17         1493.42         2363.59
1965-1969        9               732.14         1395.38         2127.52
1965-1969       10               802.15         1388.39         2190.54
1965-1969       11               643.14         1098.29         1741.43
1965-1969       12               799.15         1134.31         1933.46
1965-1969       13               726.14         1178.33         1904.47
1965-1969       14               805.14         1345.36         2150.50
1965-1969       15               851.15         1562.42         2413.57
1965-1969       16               938.18         1869.52         2807.70
1965-1969       17              1027.20         2324.65         3351.85
1965-1969       18              1080.22         2860.78         3941.00
1965-1969       19               986.19         2392.67         3378.86
1965-1969       20              1082.20         1984.55         3066.75
1965-1969       21               878.15         1666.44         2544.59
1965-1969       22               960.18         1981.54         2941.72
1965-1969       23               969.20         2459.66         3428.86
1965-1969       24              1087.21         2840.77         3927.98
1965-1969       25              1372.27         3511.96         4884.23
1965-1969       26              1605.32         4069.14         5674.46
1965-1969       27              1852.37         4834.33         6686.70
1965-1969       28              2026.42         5502.51         7528.93
1965-1969       29              2105.41         5469.52         7574.93
1965-1969       30              2447.48         6266.76         8714.24
1965-1969       31              2084.41         5303.47         7387.88
1965-1969       32              2235.44         5251.44         7486.88
1965-1969       33              1910.38         4896.34         6806.72
1965-1969       34              2024.38         5125.41         7149.79
1965-1969       35              2418.47         5482.50         7900.97
1965-1969       36              2642.52         6208.70         8851.22
1965-1969       37              2945.57         6800.90         9746.47
1965-1969       38              3463.67         7703.11        11166.78
1965-1969       39              3496.67         7530.10        11026.77
1965-1969       40              4408.88         8751.40        13160.28
1965-1969       41              3937.77         7398.02        11335.79
1965-1969       42              4787.94         8199.26        12987.20
1965-1969       43              4801.93         7441.07        12243.00
1965-1969       44              4747.90         7159.98        11907.88
1965-1969       45              5095.96         7061.95        12157.91
1965-1969       46              4896.95         6484.77        11381.72
1965-1969       47              4777.93         6168.68        10946.61
1965-1969       48              4924.94         6477.76        11402.70
1965-1969       49              4796.94         5980.66        10777.60
1965-1969       50              6183.19         7548.05        13731.24
1965-1969       51              5883.14         7079.92        12963.06
1965-1969       52              7532.47         9082.50        16614.97
1965-1969       53              8556.67        10416.88        18973.55
1965-1969       54              9711.87        12161.33        21873.20
1965-1969       55             11601.24        13668.74        25269.98
1965-1969       56             11199.14        13962.86        25162.00
1965-1969       57             12032.34        14333.98        26366.32
1965-1969       58             12401.39        15331.18        27732.57
1965-1969       59             12575.42        15659.28        28234.70
1965-1969       60             16516.19        19296.32        35812.51
1965-1969       61             13857.66        16566.56        30424.22
1965-1969       62             16349.15        18575.08        34924.23
1965-1969       63             17049.27        18451.08        35500.35
1965-1969       64             18131.50        18853.20        36984.70
1965-1969       65             21349.15        20730.66        42079.81
1965-1969       66             19937.78        18557.07        38494.85
1965-1969       67             21742.30        19560.47        41302.77
1965-1969       68             22809.35        19714.39        42523.74
1965-1969       69             21105.01        18556.05        39661.06
1965-1969       70             26359.08        21767.99        48127.07
1965-1969       71             21819.22        18116.00        39935.22
1965-1969       72             26925.19        21016.81        47942.00
1965-1969       73             26041.00        20090.51        46131.51
1965-1969       74             26604.15        20243.57        46847.72
1965-1969       75             28334.47        20652.69        48987.16
1965-1969       76             28190.40        19561.38        47751.78
1965-1969       77             27599.41        17948.97        45548.38
1965-1969       78             32858.28        20249.48        53107.76
1965-1969       79             27720.44        16490.60        44211.04
1965-1969       80             32850.34        18153.00        51003.34
1965-1969       81             25358.85        14271.90        39630.75
1965-1969       82             26807.16        14880.08        41687.24
1965-1969       83             24051.66        13101.60        37153.26
1965-1969       84             22829.40        12577.46        35406.86
1965-1969       85             21011.10        10882.99        31894.09
1965-1969       86             18807.56         9728.66        28536.22
1965-1969       87             16301.18         7790.15        24091.33
1965-1969       88             14123.71         6687.82        20811.53
1965-1969       89             11279.17         5002.37        16281.54
1965-1969       90             10513.01         4228.16        14741.17
1965-1969       91              6805.32         2852.79         9658.11
1965-1969       92              6436.25         2507.67         8943.92
1965-1969       93              5239.01         1929.52         7168.53
1965-1969       94              4390.84         1575.43         5966.27
1965-1969       95              3722.73         1142.32         4865.05
1965-1969       96              3107.57          975.27         4082.84
1965-1969       97              2285.46          683.20         2968.66
1965-1969       98              1962.39          553.15         2515.54
1965-1969       99              1260.01          330.68         1590.69
1965-1969      100               920.46          225.96         1146.42
1965-1969      101               678.80          154.53          833.33
1965-1969      102               494.27          105.32          599.59
1965-1969      103               349.87           70.27          420.14
1965-1969      104               245.68           45.93          291.61
1965-1969      105               168.23           29.13          197.36
1965-1969      106               112.04           18.07          130.11
1965-1969      107                74.14           11.09           85.23
1965-1969      108                48.62            6.62           55.24
1965-1969      109                31.13            3.67           34.80
1965-1969      110+               44.57            0.94           45.51
1970-1974        0             26413.40        37372.22        63785.62
1970-1974        1              4748.64         5824.98        10573.62
1970-1974        2              1790.23         2254.38         4044.61
1970-1974        3              1256.19         1641.26         2897.45
1970-1974        4              1105.14         1431.24         2536.38
1970-1974        5               961.14         1330.24         2291.38
1970-1974        6               874.11         1331.24         2205.35
1970-1974        7               941.13         1365.26         2306.39
1970-1974        8               824.09         1309.24         2133.33
1970-1974        9               767.12         1263.23         2030.35
1970-1974       10               775.10         1257.22         2032.32
1970-1974       11               765.11         1118.21         1883.32
1970-1974       12               738.10         1151.20         1889.30
1970-1974       13               742.10         1290.24         2032.34
1970-1974       14               741.10         1304.21         2045.31
1970-1974       15               839.12         1578.26         2417.38
1970-1974       16               964.13         2028.34         2992.47
1970-1974       17              1000.12         2723.47         3723.59
1970-1974       18              1059.13         2851.50         3910.63
1970-1974       19              1091.14         2458.42         3549.56
1970-1974       20              1179.15         2925.52         4104.67
1970-1974       21              1193.16         3591.61         4784.77
1970-1974       22              1188.16         3848.61         5036.77
1970-1974       23              1216.16         3740.60         4956.76
1970-1974       24              1140.14         3436.54         4576.68
1970-1974       25              1062.13         3315.52         4377.65
1970-1974       26              1048.14         2983.48         4031.62
1970-1974       27               969.11         3017.51         3986.62
1970-1974       28              1120.14         3321.62         4441.76
1970-1974       29              1260.17         3911.75         5171.92
1970-1974       30              1757.26         5153.98         6911.24
1970-1974       31              1907.28         5608.05         7515.33
1970-1974       32              2354.32         6991.24         9345.56
1970-1974       33              2580.34         7518.29        10098.63
1970-1974       34              2787.38         8154.37        10941.75
1970-1974       35              2885.38         8153.33        11038.71
1970-1974       36              2732.32         7643.16        10375.48
1970-1974       37              2736.32         7058.09         9794.41
1970-1974       38              2468.29         6852.13         9320.42
1970-1974       39              2708.37         6935.23         9643.60
1970-1974       40              3419.49         8649.60        12069.09
1970-1974       41              3676.52         9137.64        12814.16
1970-1974       42              4548.64        10689.87        15238.51
1970-1974       43              5077.69        11492.96        16570.65
1970-1974       44              5590.74        11977.96        17568.70
1970-1974       45              6128.81        12184.96        18313.77
1970-1974       46              6661.87        12010.90        18672.77
1970-1974       47              6840.89        11491.81        18332.70
1970-1974       48              7247.93        11171.77        18419.70
1970-1974       49              7334.90        10723.68        18058.58
1970-1974       50              7766.98        10852.70        18619.68
1970-1974       51              7275.89         9990.63        17266.52
1970-1974       52              7548.96        10056.65        17605.61
1970-1974       53              7124.89         9489.53        16614.42
1970-1974       54              7397.93         9753.60        17151.53
1970-1974       55              8566.10        10793.89        19359.99
1970-1974       56              9692.36        12050.26        21742.62
1970-1974       57             11117.65        13506.48        24624.13
1970-1974       58             13275.88        15993.87        29269.75
1970-1974       59             14622.94        18219.15        32842.09
1970-1974       60             18394.44        21173.61        39568.05
1970-1974       61             17845.33        20817.48        38662.81
1970-1974       62             19625.55        22491.76        42117.31
1970-1974       63             20499.65        23412.97        43912.62
1970-1974       64             21582.76        23730.99        45313.75
1970-1974       65             23418.09        24503.13        47921.22
1970-1974       66             24066.13        24749.10        48815.23
1970-1974       67             26038.37        25460.24        51498.61
1970-1974       68             26845.49        25338.18        52183.67
1970-1974       69             28077.63        25048.11        53125.74
1970-1974       70             33297.37        26678.48        59975.85
1970-1974       71             31523.17        24286.02        55809.19
1970-1974       72             34322.47        25427.24        59749.71
1970-1974       73             34333.24        24424.06        58757.30
1970-1974       74             34968.44        24170.11        59138.55
1970-1974       75             33869.48        23652.05        57521.53
1970-1974       76             35078.56        23603.98        58682.54
1970-1974       77             34507.46        22582.80        57090.26
1970-1974       78             35814.60        22920.88        58735.48
1970-1974       79             32391.14        20272.38        52663.52
1970-1974       80             35841.65        20771.43        56613.08
1970-1974       81             31362.15        18069.97        49432.12
1970-1974       82             35261.78        18802.25        54064.03
1970-1974       83             33019.43        16714.84        49734.27
1970-1974       84             32365.21        15703.65        48068.86
1970-1974       85             28776.60        13485.19        42261.79
1970-1974       86             26515.32        12396.05        38911.37
1970-1974       87             21809.81        10164.72        31974.53
1970-1974       88             19583.54         8796.48        28380.02
1970-1974       89             15348.95         6949.16        22298.11
1970-1974       90             14425.84         6121.04        20546.88
1970-1974       91              9984.25         4160.66        14144.91
1970-1974       92              8894.14         3255.53        12149.67
1970-1974       93              6928.87         2591.43         9520.30
1970-1974       94              5300.66         1916.32         7216.98
1970-1974       95              4011.52         1335.23         5346.75
1970-1974       96              3386.46         1032.17         4418.63
1970-1974       97              2540.34          738.13         3278.47
1970-1974       98              2119.29          629.10         2748.39
1970-1974       99              1582.50          433.80         2016.30
1970-1974      100              1161.23          301.43         1462.66
1970-1974      101               824.58          201.56         1026.14
1970-1974      102               568.33          130.24          698.57
1970-1974      103               387.20           83.34          470.54
1970-1974      104               256.60           52.05          308.65
1970-1974      105               167.55           31.97          199.52
1970-1974      106               109.93           19.59          129.52
1970-1974      107                70.73           11.87           82.60
1970-1974      108                44.15            7.04           51.19
1970-1974      109                27.15            4.08           31.23
1970-1974      110+               34.71            1.22           35.93
1975-1979        0             28543.94        40599.28        69143.22
1975-1979        1              5453.37         6677.85        12131.22
1975-1979        2              1880.14         2411.31         4291.45
1975-1979        3              1269.10         1689.23         2958.33
1975-1979        4              1086.07         1538.19         2624.26
1975-1979        5               884.07         1320.18         2204.25
1975-1979        6               869.06         1373.19         2242.25
1975-1979        7               850.06         1385.20         2235.26
1975-1979        8               746.06         1227.17         1973.23
1975-1979        9               610.05         1124.15         1734.20
1975-1979       10               660.04         1116.13         1776.17
1975-1979       11               584.03          919.12         1503.15
1975-1979       12               628.04          986.13         1614.17
1975-1979       13               670.06         1116.15         1786.21
1975-1979       14               688.05         1377.21         2065.26
1975-1979       15               790.04         1615.21         2405.25
1975-1979       16               904.06         2199.27         3103.33
1975-1979       17              1001.07         3157.44         4158.51
1975-1979       18              1141.08         3100.42         4241.50
1975-1979       19              1160.09         2742.37         3902.46
1975-1979       20              1247.08         3357.45         4604.53
1975-1979       21              1157.08         4034.52         5191.60
1975-1979       22              1173.08         4388.60         5561.68
1975-1979       23              1219.09         4330.57         5549.66
1975-1979       24              1182.08         4522.61         5704.69
1975-1979       25              1311.09         4785.64         6096.73
1975-1979       26              1360.10         4819.65         6179.75
1975-1979       27              1427.11         4863.67         6290.78
1975-1979       28              1363.09         4829.67         6192.76
1975-1979       29              1423.10         4744.64         6167.74
1975-1979       30              1491.10         4833.71         6324.81
1975-1979       31              1423.10         4228.58         5651.68
1975-1979       32              1373.10         4457.62         5830.72
1975-1979       33              1507.11         4805.62         6312.73
1975-1979       34              1808.11         5961.77         7769.88
1975-1979       35              2270.16         7078.90         9349.06
1975-1979       36              2782.17         8573.06        11355.23
1975-1979       37              3348.21        10052.30        13400.51
1975-1979       38              3768.25        11323.49        15091.74
1975-1979       39              4117.29        11934.60        16051.89
1975-1979       40              4375.29        12790.72        17166.01
1975-1979       41              4167.31        11347.61        15514.92
1975-1979       42              4052.28        11059.58        15111.86
1975-1979       43              4178.31        10701.50        14879.81
1975-1979       44              4370.32        11259.57        15629.89
1975-1979       45              5262.36        12580.61        17842.97
1975-1979       46              5989.40        14411.86        20401.26
1975-1979       47              7018.46        16305.14        23323.60
1975-1979       48              7981.53        17883.36        25864.89
1975-1979       49              8669.60        18962.57        27632.17
1975-1979       50              9988.70        20056.71        30045.41
1975-1979       51             10167.72        18531.58        28699.30
1975-1979       52             10939.78        18327.55        29267.33
1975-1979       53             11041.78        17546.44        28588.22
1975-1979       54             11264.81        16698.33        27963.14
1975-1979       55             11656.84        16554.35        28211.19
1975-1979       56             11608.81        15383.13        26991.94
1975-1979       57             11463.83        15286.10        26749.93
1975-1979       58             11199.80        14554.99        25754.79
1975-1979       59             11713.81        14789.99        26503.80
1975-1979       60             14002.99        17171.36        31174.35
1975-1979       61             14914.03        17809.34        32723.37
1975-1979       62             17787.19        20560.61        38347.80
1975-1979       63             21259.40        24030.04        45289.44
1975-1979       64             24782.70        27087.52        51870.22
1975-1979       65             27821.93        29267.90        57089.83
1975-1979       66             28990.06        29718.01        58708.07
1975-1979       67             30957.17        30220.06        61177.23
1975-1979       68             32365.26        31617.27        63982.53
1975-1979       69             34022.40        31384.22        65406.62
1975-1979       70             38397.67        33156.45        71554.12
1975-1979       71             38126.69        32046.30        70172.99
1975-1979       72             40463.86        32560.41        73024.27
1975-1979       73             41600.90        31041.21        72642.11
1975-1979       74             43422.01        30242.06        73664.07
1975-1979       75             46105.23        29567.00        75672.23
1975-1979       76             45396.24        28046.84        73443.08
1975-1979       77             44435.02        26223.55        70658.57
1975-1979       78             45251.20        25866.48        71117.68
1975-1979       79             42339.07        23912.28        66251.35
1975-1979       80             43017.98        23867.14        66885.12
1975-1979       81             39301.77        21229.83        60531.60
1975-1979       82             39803.81        20615.74        60419.55
1975-1979       83             36989.61        18927.53        55917.14
1975-1979       84             35411.49        17730.36        53141.85
1975-1979       85             32962.29        15524.09        48486.38
1975-1979       86             31419.20        13784.86        45204.06
1975-1979       87             28688.99        12093.62        40782.61
1975-1979       88             25616.79        10299.39        35916.18
1975-1979       89             21844.51         8811.19        30655.70
1975-1979       90             19804.38         7328.95        27133.33
1975-1979       91             14146.03         5288.72        19434.75
1975-1979       92             11867.84         4308.58        16176.42
1975-1979       93              9452.66         3491.47        12944.13
1975-1979       94              7322.53         2511.33         9833.86
1975-1979       95              5847.42         1832.26         7679.68
1975-1979       96              4440.31         1377.20         5817.51
1975-1979       97              3064.21          886.13         3950.34
1975-1979       98              2428.17          620.08         3048.25
1975-1979       99              1849.76          506.53         2356.29
1975-1979      100              1275.03          338.29         1613.32
1975-1979      101               866.78          222.66         1089.44
1975-1979      102               581.17          142.98          724.15
1975-1979      103               375.88           88.94          464.82
1975-1979      104               237.19           54.33          291.52
1975-1979      105               147.95           32.72          180.67
1975-1979      106                88.83           19.13          107.96
1975-1979      107                51.00           10.76           61.76
1975-1979      108                29.08            5.92           35.00
1975-1979      109                16.24            2.38           18.62
1975-1979      110+               14.53            0.57           15.10
1980-1984        0             25130.75        36193.15        61323.90
1980-1984        1              4527.50         5606.28        10133.78
1980-1984        2              1791.20         2308.55         4099.75
1980-1984        3              1215.14         1563.35         2778.49
1980-1984        4              1015.13         1331.31         2346.44
1980-1984        5               839.08         1202.27         2041.35
1980-1984        6               784.09         1260.29         2044.38
1980-1984        7               721.08         1259.30         1980.38
1980-1984        8               664.08         1167.27         1831.35
1980-1984        9               636.08         1057.22         1693.30
1980-1984       10               599.06          977.22         1576.28
1980-1984       11               564.06          897.21         1461.27
1980-1984       12               553.06          948.22         1501.28
1980-1984       13               543.05          965.21         1508.26
1980-1984       14               592.07         1172.25         1764.32
1980-1984       15               704.07         1371.31         2075.38
1980-1984       16               783.09         1906.45         2689.54
1980-1984       17               855.08         2689.62         3544.70
1980-1984       18               942.11         2898.67         3840.78
1980-1984       19              1096.14         2601.61         3697.75
1980-1984       20              1139.13         3350.78         4489.91
1980-1984       21              1200.15         4243.98         5444.13
1980-1984       22              1152.13         4639.06         5791.19
1980-1984       23              1261.14         4693.07         5954.21
1980-1984       24              1251.13         4848.10         6099.23
1980-1984       25              1292.15         5117.18         6409.33
1980-1984       26              1371.16         5182.17         6553.33
1980-1984       27              1400.15         5395.24         6795.39
1980-1984       28              1468.17         5559.28         7027.45
1980-1984       29              1614.17         5979.36         7593.53
1980-1984       30              1824.21         6509.53         8333.74
1980-1984       31              1868.22         6636.51         8504.73
1980-1984       32              1996.22         6942.56         8938.78
1980-1984       33              2076.24         6940.55         9016.79
1980-1984       34              2045.23         6867.48         8912.71
1980-1984       35              2080.24         6617.44         8697.68
1980-1984       36              1953.21         6269.37         8222.58
1980-1984       37              2070.23         6435.41         8505.64
1980-1984       38              2177.24         7044.67         9221.91
1980-1984       39              2877.30         8534.08        11411.38
1980-1984       40              3629.42        11177.76        14807.18
1980-1984       41              4170.46        12662.06        16832.52
1980-1984       42              5168.57        15001.54        20170.11
1980-1984       43              5842.64        16672.87        22515.51
1980-1984       44              6437.73        17513.96        23951.69
1980-1984       45              6736.76        18010.92        24747.68
1980-1984       46              6480.71        16827.54        23308.25
1980-1984       47              6362.69        16034.37        22397.06
1980-1984       48              6359.66        15563.36        21923.02
1980-1984       49              6816.74        16884.87        23701.61
1980-1984       50              8225.90        19696.67        27922.57
1980-1984       51              9207.03        21553.08        30760.11
1980-1984       52             10643.20        24901.79        35544.99
1980-1984       53             11955.32        26586.04        38541.36
1980-1984       54             13511.51        27908.22        41419.73
1980-1984       55             14634.62        27651.05        42285.67
1980-1984       56             16308.81        27566.96        43875.77
1980-1984       57             16590.86        25782.56        42373.42
1980-1984       58             17073.88        24850.38        41924.26
1980-1984       59             17487.94        23828.09        41316.03
1980-1984       60             18030.97        23416.02        41446.99
1980-1984       61             17536.91        21876.79        39413.70
1980-1984       62             17765.94        21246.64        39012.58
1980-1984       63             17698.00        20210.46        37908.46
1980-1984       64             18543.01        20316.41        38859.42
1980-1984       65             21161.20        22516.07        43677.27
1980-1984       66             23565.56        24190.77        47756.33
1980-1984       67             27662.08        26924.54        54586.62
1980-1984       68             33982.81        31008.34        64991.15
1980-1984       69             38143.24        33925.78        72069.02
1980-1984       70             44129.88        36938.39        81068.27
1980-1984       71             44833.94        35990.12        80824.06
1980-1984       72             47633.24        37347.37        84980.61
1980-1984       73             48666.30        36461.13        85127.43
1980-1984       74             50752.54        36028.16        86780.70
1980-1984       75             52350.77        35069.92        87420.69
1980-1984       76             53707.89        34902.76        88610.65
1980-1984       77             54046.87        33022.31        87069.18
1980-1984       78             53797.91        30952.91        84750.82
1980-1984       79             52797.78        29075.40        81873.18
1980-1984       80             54684.89        28035.22        82720.11
1980-1984       81             50267.58        24392.43        74660.01
1980-1984       82             48696.43        22512.07        71208.50
1980-1984       83             45702.90        20619.56        66322.46
1980-1984       84             41895.53        18818.23        60713.76
1980-1984       85             36815.02        16249.70        53064.72
1980-1984       86             34473.79        14724.35        49198.14
1980-1984       87             30738.33        12919.91        43658.24
1980-1984       88             27335.97        11131.53        38467.50
1980-1984       89             23369.56         9066.03        32435.59
1980-1984       90             20616.24         7453.65        28069.89
1980-1984       91             16725.81         5734.26        22460.07
1980-1984       92             14852.62         4710.07        19562.69
1980-1984       93             12212.35         3600.83        15813.18
1980-1984       94              9585.06         2723.64        12308.70
1980-1984       95              7557.79         2055.44         9613.23
1980-1984       96              5664.61         1440.32         7104.93
1980-1984       97              3875.43         1058.23         4933.66
1980-1984       98              3020.33          759.18         3779.51
1980-1984       99              2226.10          615.83         2841.93
1980-1984      100              1573.05          423.04         1996.09
1980-1984      101              1069.73          282.65         1352.38
1980-1984      102               708.26          185.17          893.43
1980-1984      103               462.79          119.16          581.95
1980-1984      104               295.24           75.53          370.77
1980-1984      105               183.00           47.27          230.27
1980-1984      106               112.28           29.15          141.43
1980-1984      107                68.04           17.60           85.64
1980-1984      108                39.73           10.36           50.09
1980-1984      109                22.68            5.99           28.67
1980-1984      110+               23.83            3.65           27.48
1985-1989        0             22548.42        31960.12        54508.54
1985-1989        1              3700.72         4600.37         8301.09
1985-1989        2              1722.36         2231.24         3953.60
1985-1989        3              1165.26         1597.86         2763.12
1985-1989        4               998.22         1364.76         2362.98
1985-1989        5               785.17         1246.73         2031.90
1985-1989        6               682.14         1141.65         1823.79
1985-1989        7               695.15         1162.65         1857.80
1985-1989        8               597.13         1025.54         1622.67
1985-1989        9               604.12          983.51         1587.63
1985-1989       10               526.10          909.46         1435.56
1985-1989       11               525.10          871.49         1396.59
1985-1989       12               511.09          852.45         1363.54
1985-1989       13               528.11          920.54         1448.65
1985-1989       14               616.14         1037.59         1653.73
1985-1989       15               712.17         1378.81         2090.98
1985-1989       16               820.17         1792.11         2612.28
1985-1989       17               876.20         2300.40         3176.60
1985-1989       18               984.22         2296.34         3280.56
1985-1989       19               981.23         1873.08         2854.31
1985-1989       20              1023.21         2557.48         3580.69
1985-1989       21               923.18         3249.97         4173.15
1985-1989       22               998.22         3524.02         4522.24
1985-1989       23              1062.21         3778.06         4840.27
1985-1989       24              1135.23         3960.18         5095.41
1985-1989       25              1221.25         4236.29         5457.54
1985-1989       26              1203.25         4404.48         5607.73
1985-1989       27              1325.28         4555.62         5880.90
1985-1989       28              1384.31         4897.95         6282.26
1985-1989       29              1451.31         5152.06         6603.37
1985-1989       30              1607.35         5288.04         6895.39
1985-1989       31              1647.37         5280.03         6927.40
1985-1989       32              1758.38         5600.30         7358.68
1985-1989       33              1908.42         5870.37         7778.79
1985-1989       34              2035.46         6195.53         8230.99
1985-1989       35              2209.47         6458.49         8667.96
1985-1989       36              2417.49         6930.80         9348.29
1985-1989       37              2646.58         6973.08         9619.66
1985-1989       38              2703.59         7362.38        10065.97
1985-1989       39              2745.66         7358.83        10104.49
1985-1989       40              2771.66         7067.41         9839.07
1985-1989       41              2610.61         6616.18         9226.79
1985-1989       42              2778.65         7143.32         9921.97
1985-1989       43              3077.59         7800.74        10878.33
1985-1989       44              3534.68         9339.03        12873.71
1985-1989       45              4650.80        11884.99        16535.79
1985-1989       46              5509.98        13926.10        19436.08
1985-1989       47              7009.33        16837.25        23846.58
1985-1989       48              7924.56        18859.82        26784.38
1985-1989       49              8714.86        20195.22        28910.08
1985-1989       50              9316.09        20988.61        30304.70
1985-1989       51              8902.20        20212.56        29114.76
1985-1989       52              8760.20        19296.64        28056.84
1985-1989       53              8683.06        19041.71        27724.77
1985-1989       54              9130.89        20542.63        29673.52
1985-1989       55             10667.94        22157.07        32825.01
1985-1989       56             12722.34        25875.16        38597.50
1985-1989       57             14952.92        29563.98        44516.90
1985-1989       58             16999.50        31359.06        48358.56
1985-1989       59             19149.01        33425.96        52574.97
1985-1989       60             21354.48        34321.91        55676.39
1985-1989       61             22487.85        33681.85        56169.70
1985-1989       62             23845.22        31926.57        55771.79
1985-1989       63             25091.53        30138.70        55230.23
1985-1989       64             25666.86        28771.36        54438.22
1985-1989       65             25724.05        27161.24        52885.29
1985-1989       66             26188.98        25305.19        51494.17
1985-1989       67             25772.95        24355.66        50128.61
1985-1989       68             25173.70        23301.67        48475.37
1985-1989       69             27056.17        23096.93        50153.10
1985-1989       70             31114.63        24996.70        56111.33
1985-1989       71             34851.42        26495.93        61347.35
1985-1989       72             41580.14        29725.42        71305.56
1985-1989       73             49370.16        33690.71        83060.87
1985-1989       74             55707.38        36947.30        92654.68
1985-1989       75             59920.76        37756.60        97677.36
1985-1989       76             61590.54        37226.02        98816.56
1985-1989       77             62553.87        36101.43        98655.30
1985-1989       78             62898.86        34893.61        97792.47
1985-1989       79             62936.85        33771.80        96708.65
1985-1989       80             63017.56        31521.45        94539.01
1985-1989       81             60768.32        29223.88        89992.20
1985-1989       82             59143.03        26680.53        85823.56
1985-1989       83             54728.08        23609.49        78337.57
1985-1989       84             52037.41        21086.35        73123.76
1985-1989       85             48480.65        18414.68        66895.33
1985-1989       86             42628.42        15614.89        58243.31
1985-1989       87             36126.04        12979.26        49105.30
1985-1989       88             31619.24        11109.22        42728.46
1985-1989       89             26351.05         9074.12        35425.17
1985-1989       90             22169.55         7411.94        29581.49
1985-1989       91             18065.92         6029.26        24095.18
1985-1989       92             15363.29         4837.53        20200.82
1985-1989       93             12456.70         3789.06        16245.76
1985-1989       94             10088.14         2932.54        13020.68
1985-1989       95              8202.72         2130.20        10332.92
1985-1989       96              6554.36         1590.93         8145.29
1985-1989       97              4924.98         1143.66         6068.64
1985-1989       98              3854.86          785.43         4640.29
1985-1989       99              2633.19          549.92         3183.11
1985-1989      100              1884.10          375.87         2259.97
1985-1989      101              1323.59          249.69         1573.28
1985-1989      102               911.37          162.55         1073.92
1985-1989      103               623.25          105.30          728.55
1985-1989      104               422.95           66.94          489.89
1985-1989      105               279.17           41.20          320.37
1985-1989      106               178.16           24.66          202.82
1985-1989      107               111.05           14.44          125.49
1985-1989      108                68.53            8.24           76.77
1985-1989      109                41.40            4.66           46.06
1985-1989      110+               53.24            1.49           54.73
1990-1994        0             17321.01        24669.78        41990.79
1990-1994        1              2431.11         3171.80         5602.91
1990-1994        2              1356.19         1740.36         3096.55
1990-1994        3              1108.97         1506.69         2615.66
1990-1994        4              1009.88         1371.26         2381.14
1990-1994        5               844.75         1276.02         2120.77
1990-1994        6               726.63         1179.68         1906.31
1990-1994        7               670.60         1188.66         1859.26
1990-1994        8               568.51         1092.42         1660.93
1990-1994        9               564.50         1085.39         1649.89
1990-1994       10               495.43          948.00         1443.43
1990-1994       11               503.45          898.84         1402.29
1990-1994       12               522.48          978.09         1500.57
1990-1994       13               531.47         1017.16         1548.63
1990-1994       14               683.61         1246.91         1930.52
1990-1994       15               820.72         1511.74         2332.46
1990-1994       16               959.84         2002.33         2962.17
1990-1994       17              1021.90         2783.78         3805.68
1990-1994       18              1189.05         3079.88         4268.93
1990-1994       19              1129.99         2976.77         4106.76
1990-1994       20              1150.01         3648.84         4798.85
1990-1994       21              1131.02         4331.98         5463.00
1990-1994       22              1221.08         4184.36         5405.44
1990-1994       23              1201.10         4360.85         5561.95
1990-1994       24              1141.02         4672.92         5813.94
1990-1994       25              1261.11         4727.10         5988.21
1990-1994       26              1309.18         4857.53         6166.71
1990-1994       27              1417.26         5324.99         6742.25
1990-1994       28              1506.34         5854.59         7360.93
1990-1994       29              1723.53         6367.31         8090.84
1990-1994       30              1887.68         7355.52         9243.20
1990-1994       31              1980.78         7720.78         9701.56
1990-1994       32              2312.07         8276.64        10588.71
1990-1994       33              2401.15         8752.38        11153.53
1990-1994       34              2418.22         9320.37        11738.59
1990-1994       35              2803.53         9686.52        12490.05
1990-1994       36              2926.63        10049.70        12976.33
1990-1994       37              3093.78        10484.09        13577.87
1990-1994       38              3355.02        11096.89        14451.91
1990-1994       39              3812.40        12104.18        15916.58
1990-1994       40              4136.71        13266.77        17403.48
1990-1994       41              4403.91        13770.40        18174.31
1990-1994       42              4736.31        14654.32        19390.63
1990-1994       43              5024.58        14681.59        19706.17
1990-1994       44              4986.61        14646.08        19632.69
1990-1994       45              5113.79        14122.73        19236.52
1990-1994       46              4913.46        13236.85        18150.31
1990-1994       47              5075.64        13535.30        18610.94
1990-1994       48              5512.79        14457.92        19970.71
1990-1994       49              6491.51        16772.38        23263.89
1990-1994       50              8093.92        20822.29        28916.21
1990-1994       51              9714.23        24766.55        34480.78
1990-1994       52             11867.28        29936.64        41803.92
1990-1994       53             13671.94        33409.75        47081.69
1990-1994       54             15045.46        35435.40        50480.86
1990-1994       55             15860.55        36077.23        51937.78
1990-1994       56             15586.60        34542.33        50128.93
1990-1994       57             14822.90        32331.67        47154.57
1990-1994       58             14738.35        30867.99        45606.34
1990-1994       59             15730.81        31312.73        47043.54
1990-1994       60             17699.08        34925.62        52624.70
1990-1994       61             20884.96        39603.83        60488.79
1990-1994       62             24918.66        44962.41        69881.07
1990-1994       63             28582.04        47949.08        76531.12
1990-1994       64             31642.06        49499.96        81142.02
1990-1994       65             34884.04        48841.70        83725.74
1990-1994       66             37692.51        47476.08        85168.59
1990-1994       67             39883.81        44413.02        84296.83
1990-1994       68             40763.85        40908.83        81672.68
1990-1994       69             41716.04        37817.65        79533.69
1990-1994       70             41963.48        35290.17        77253.65
1990-1994       71             41692.54        32318.50        74011.04
1990-1994       72             41020.13        30241.89        71262.02
1990-1994       73             39659.17        27834.96        67494.13
1990-1994       74             41180.06        26933.05        68113.11
1990-1994       75             45404.60        28148.98        73553.58
1990-1994       76             49940.94        29145.69        79086.63
1990-1994       77             58067.95        32008.38        90076.33
1990-1994       78             67574.11        35369.13       102943.24
1990-1994       79             74583.77        36962.85       111546.62
1990-1994       80             77773.20        36720.24       114493.44
1990-1994       81             76320.33        34539.26       110859.59
1990-1994       82             73450.00        31662.27       105112.27
1990-1994       83             70300.72        29689.09        99989.81
1990-1994       84             66383.30        26278.57        92661.87
1990-1994       85             60179.70        23194.90        83374.60
1990-1994       86             55662.77        20612.87        76275.64
1990-1994       87             49514.25        17361.41        66875.66
1990-1994       88             42408.00        14098.98        56506.98
1990-1994       89             36222.54        11249.01        47471.55
1990-1994       90             31174.71         9366.88        40541.59
1990-1994       91             23803.42         6854.00        30657.42
1990-1994       92             18818.03         5325.07        24143.10
1990-1994       93             14431.92         3949.61        18381.53
1990-1994       94             10912.72         2955.37        13868.09
1990-1994       95              7821.80         2136.61         9958.41
1990-1994       96              6370.55         1496.66         7867.21
1990-1994       97              4731.12         1096.36         5827.48
1990-1994       98              3622.15          802.43         4424.58
1990-1994       99              2755.37          596.86         3352.23
1990-1994      100              2266.66          421.26         2687.92
1990-1994      101              1612.74          281.32         1894.06
1990-1994      102              1129.17          183.96         1313.13
1990-1994      103               770.73          117.60          888.33
1990-1994      104               510.60           73.89          584.49
1990-1994      105               332.33           45.65          377.98
1990-1994      106               213.44           27.57          241.01
1990-1994      107               135.20           16.38          151.58
1990-1994      108                84.75            9.67           94.42
1990-1994      109                52.40            5.63           58.03
1990-1994      110+               70.22            2.78           73.00
1995-1999        0             12669.73        18281.81        30951.54
1995-1999        1              2004.18         2493.20         4497.38
1995-1999        2              1014.10         1423.80         2437.90
1995-1999        3               768.83          980.05         1748.88
1995-1999        4               734.81         1017.17         1751.98
1995-1999        5               664.72          862.50         1527.22
1995-1999        6               582.63          881.61         1464.24
1995-1999        7               522.57          917.74         1440.31
1995-1999        8               521.58          928.80         1450.38
1995-1999        9               480.53          843.46         1323.99
1995-1999       10               511.56          881.61         1393.17
1995-1999       11               507.55          866.55         1374.10
1995-1999       12               544.61          851.46         1396.07
1995-1999       13               551.61          973.00         1524.61
1995-1999       14               665.73         1150.70         1816.43
1995-1999       15               844.91         1453.94         2298.85
1995-1999       16               917.99         1889.73         2807.72
1995-1999       17              1034.11         2512.27         3546.38
1995-1999       18              1188.29         3028.42         4216.71
1995-1999       19              1172.29         3454.17         4626.46
1995-1999       20              1191.30         4290.57         5481.87
1995-1999       21              1331.45         4659.15         5990.60
1995-1999       22              1328.44         4947.24         6275.68
1995-1999       23              1375.50         5147.11         6522.61
1995-1999       24              1469.60         5413.19         6882.79
1995-1999       25              1599.72         5682.27         7281.99
1995-1999       26              1647.79         5929.37         7577.16
1995-1999       27              1700.86         5995.54         7696.40
1995-1999       28              1760.92         6239.62         8000.54
1995-1999       29              1915.09         6639.33         8554.42
1995-1999       30              2000.19         7533.94         9534.13
1995-1999       31              2106.30         7821.00         9927.30
1995-1999       32              2274.49         8544.04        10818.53
1995-1999       33              2609.83         9475.88        12085.71
1995-1999       34              2789.04        10655.64        13444.68
1995-1999       35              3224.50        11912.81        15137.31
1995-1999       36              3466.79        12737.30        16204.09
1995-1999       37              3792.12        13537.64        17329.76
1995-1999       38              4153.50        14431.07        18584.57
1995-1999       39              4323.72        15310.78        19634.50
1995-1999       40              4941.38        17110.07        22051.45
1995-1999       41              5064.53        16954.52        22019.05
1995-1999       42              5489.98        17970.71        23460.69
1995-1999       43              5901.40        19235.62        25137.02
1995-1999       44              6465.07        20251.17        26716.24
1995-1999       45              7220.83        22260.22        29481.05
1995-1999       46              7621.28        23133.88        30755.16
1995-1999       47              8215.08        23582.38        31797.46
1995-1999       48              8624.29        24005.60        32629.89
1995-1999       49              8484.29        23464.02        31948.31
1995-1999       50              8756.55        23081.66        31838.21
1995-1999       51              8045.69        20332.99        28378.68
1995-1999       52              8083.83        20748.46        28832.29
1995-1999       53              8919.57        22384.66        31304.23
1995-1999       54             10583.49        26411.46        36994.95
1995-1999       55             13538.75        32072.44        45611.19
1995-1999       56             16245.56        37306.57        53552.13
1995-1999       57             19847.61        43471.18        63318.79
1995-1999       58             22504.51        47352.40        69856.91
1995-1999       59             24159.44        49373.78        73533.22
1995-1999       60             25000.23        51303.05        76303.28
1995-1999       61             23614.82        46101.53        69716.35
1995-1999       62             22815.70        42833.85        65649.55
1995-1999       63             22773.65        40954.33        63727.98
1995-1999       64             24875.10        41849.79        66724.89
1995-1999       65             28048.45        45286.41        73334.86
1995-1999       66             33201.03        50347.10        83548.13
1995-1999       67             39163.59        55879.56        95043.15
1995-1999       68             44306.17        58202.68       102508.85
1995-1999       69             48851.15        58648.45       107499.60
1995-1999       70             52937.49        56502.17       109439.66
1995-1999       71             56829.72        53597.61       110427.33
1995-1999       72             58323.77        49103.10       107426.87
1995-1999       73             59412.60        43792.19       103204.79
1995-1999       74             59140.48        38882.36        98022.84
1995-1999       75             58037.15        35772.66        93809.81
1995-1999       76             56283.96        32339.29        88623.25
1995-1999       77             54570.92        29668.23        84239.15
1995-1999       78             50382.83        26019.48        76402.31
1995-1999       79             51284.11        24320.75        75604.86
1995-1999       80             54871.11        24881.44        79752.55
1995-1999       81             58588.92        25201.42        83790.34
1995-1999       82             64618.29        26389.20        91007.49
1995-1999       83             71171.22        27185.29        98356.51
1995-1999       84             72661.16        26613.10        99274.26
1995-1999       85             70096.09        24245.16        94341.25
1995-1999       86             63957.73        21056.31        85014.04
1995-1999       87             56909.84        18582.80        75492.64
1995-1999       88             49090.26        15309.78        64400.04
1995-1999       89             41824.65        12428.01        54252.66
1995-1999       90             35007.06        10099.27        45106.33
1995-1999       91             28074.51         7674.32        35748.83
1995-1999       92             21721.64         5705.39        27427.03
1995-1999       93             16510.00         4163.03        20673.03
1995-1999       94             12496.52         2967.14        15463.66
1995-1999       95              9519.29         2272.24        11791.53
1995-1999       96              6287.93         1464.13         7752.06
1995-1999       97              4180.49          965.91         5146.40
1995-1999       98              2902.11          627.55         3529.66
1995-1999       99              1789.97          377.54         2167.51
1995-1999      100              1674.32          314.73         1989.05
1995-1999      101              1065.88          189.16         1255.04
1995-1999      102               661.90          114.72          776.62
1995-1999      103               391.69           66.61          458.30
1995-1999      104               225.61           36.78          262.39
1995-1999      105               128.85           19.82          148.67
1995-1999      106                72.19           10.59           82.78
1995-1999      107                39.34            5.56           44.90
1995-1999      108                20.57            1.92           22.49
1995-1999      109                10.39            0.26           10.65
1995-1999      110+                6.93            0.00            6.93
2000-2004        0              8471.78        12386.16        20857.94
2000-2004        1              1295.98         1561.49         2857.47
2000-2004        2               671.49          914.83         1586.32
2000-2004        3               491.32          659.01         1150.33
2000-2004        4               394.26          692.87         1087.13
2000-2004        5               373.27          561.61          934.88
2000-2004        6               354.23          568.55          922.78
2000-2004        7               358.24          576.69          934.93
2000-2004        8               341.28          621.95          963.23
2000-2004        9               335.23          586.82          922.05
2000-2004       10               338.23          641.96          980.19
2000-2004       11               343.26          608.79          952.05
2000-2004       12               373.29          684.10         1057.39
2000-2004       13               443.34          821.50         1264.84
2000-2004       14               551.39         1005.06         1556.45
2000-2004       15               724.50         1318.81         2043.31
2000-2004       16               843.57         1750.83         2594.40
2000-2004       17               902.60         2356.62         3259.22
2000-2004       18              1071.75         2860.19         3931.94
2000-2004       19              1100.73         3111.84         4212.57
2000-2004       20              1165.77         3958.17         5123.94
2000-2004       21              1199.85         4293.16         5493.01
2000-2004       22              1249.81         4548.14         5797.95
2000-2004       23              1452.96         5024.70         6477.66
2000-2004       24              1491.88         5576.17         7068.05
2000-2004       25              1671.02         6101.32         7772.34
2000-2004       26              1800.09         6293.20         8093.29
2000-2004       27              1898.07         6760.29         8658.36
2000-2004       28              2063.26         7068.21         9131.47
2000-2004       29              2046.27         7600.36         9646.63
2000-2004       30              2318.40         8370.46        10688.86
2000-2004       31              2419.42         8251.66        10671.08
2000-2004       32              2605.53         8578.33        11183.86
2000-2004       33              2749.59         9323.48        12073.07
2000-2004       34              2878.67         9613.19        12491.86
2000-2004       35              3099.81        10790.12        13889.93
2000-2004       36              3293.95        11189.86        14483.81
2000-2004       37              3565.18        12664.76        16229.94
2000-2004       38              3953.59        13597.11        17550.70
2000-2004       39              4367.84        14902.33        19270.17
2000-2004       40              5111.22        17773.29        22884.51
2000-2004       41              5308.46        18299.81        23608.27
2000-2004       42              5664.43        19736.10        25400.53
2000-2004       43              6259.76        21106.17        27365.93
2000-2004       44              6506.83        21611.29        28118.12
2000-2004       45              7196.30        24079.28        31275.58
2000-2004       46              7558.59        24080.66        31639.25
2000-2004       47              8061.86        25121.96        33183.82
2000-2004       48              8803.53        26209.65        35013.18
2000-2004       49              9403.03        27094.95        36497.98
2000-2004       50             10735.59        30407.14        41142.73
2000-2004       51             11560.45        30814.55        42375.00
2000-2004       52             11781.13        30864.43        42645.56
2000-2004       53             12287.53        31126.44        43413.97
2000-2004       54             12033.64        29413.98        41447.62
2000-2004       55             12163.93        28487.27        40651.20
2000-2004       56             11295.18        25369.08        36664.26
2000-2004       57             11685.99        25246.45        36932.44
2000-2004       58             12810.75        26134.64        38945.39
2000-2004       59             14933.78        30232.02        45165.80
2000-2004       60             18486.21        38653.77        57139.98
2000-2004       61             22225.90        44555.82        66781.72
2000-2004       62             27362.57        51580.00        78942.57
2000-2004       63             31131.18        56194.23        87325.41
2000-2004       64             33736.77        56965.34        90702.11
2000-2004       65             34823.19        56581.24        91404.43
2000-2004       66             33407.68        51327.58        84735.26
2000-2004       67             31997.71        47250.51        79248.22
2000-2004       68             31829.35        44070.23        75899.58
2000-2004       69             33872.34        44613.90        78486.24
2000-2004       70             38535.52        47724.47        86259.99
2000-2004       71             46058.06        53183.24        99241.30
2000-2004       72             53664.19        57922.46       111586.65
2000-2004       73             60282.34        58921.51       119203.85
2000-2004       74             65280.40        57370.39       122650.79
2000-2004       75             69543.91        54484.54       124028.45
2000-2004       76             72584.69        50243.91       122828.60
2000-2004       77             73736.44        43911.46       117647.90
2000-2004       78             73169.43        39182.99       112352.42
2000-2004       79             70434.80        34075.74       104510.54
2000-2004       80             66733.56        30012.76        96746.32
2000-2004       81             62938.79        26116.74        89055.53
2000-2004       82             57120.28        22375.04        79495.32
2000-2004       83             50836.86        18824.84        69661.70
2000-2004       84             47826.62        16795.12        64621.74
2000-2004       85             47369.40        15665.87        63035.27
2000-2004       86             47405.59        14708.96        62114.55
2000-2004       87             47890.67        14426.15        62316.82
2000-2004       88             48235.59        13768.68        62004.27
2000-2004       89             45395.86        12354.68        57750.54
2000-2004       90             39121.52        10200.74        49322.26
2000-2004       91             31814.47         8088.88        39903.35
2000-2004       92             24945.80         6133.88        31079.68
2000-2004       93             18807.67         4532.13        23339.80
2000-2004       94             14178.85         3251.38        17430.23
2000-2004       95              9865.04         2209.56        12074.60
2000-2004       96              6975.32         1479.68         8455.00
2000-2004       97              4748.04          889.23         5637.27
2000-2004       98              3122.04          553.36         3675.40
2000-2004       99              2032.28          415.07         2447.35
2000-2004      100              1534.67          292.21         1826.88
2000-2004      101               909.35          172.46         1081.81
2000-2004      102               514.73           95.73          610.46
2000-2004      103               288.53           53.32          341.85
2000-2004      104               156.81           29.13          185.94
2000-2004      105                81.89           14.84           96.73
2000-2004      106                42.21            7.45           49.66
2000-2004      107                21.31            3.57           24.88
2000-2004      108                10.24            0.27           10.51
2000-2004      109                 4.78            0.00            4.78
2000-2004      110+                0.87            0.00            0.87
2005-2009        0              9980.07        13750.27        23730.34
2005-2009        1              1003.00         1253.02         2256.02
2005-2009        2               553.00          700.02         1253.02
2005-2009        3               362.00          531.00          893.00
2005-2009        4               342.00          527.00          869.00
2005-2009        5               308.00          412.00          720.00
2005-2009        6               286.00          417.00          703.00
2005-2009        7               214.00          404.00          618.00
2005-2009        8               224.00          399.00          623.00
2005-2009        9               230.00          408.00          638.00
2005-2009       10               209.00          359.00          568.00
2005-2009       11               249.00          391.00          640.00
2005-2009       12               238.00          413.00          651.00
2005-2009       13               318.00          539.01          857.01
2005-2009       14               380.00          669.01         1049.01
2005-2009       15               469.00          858.02         1327.02
2005-2009       16               579.00         1213.02         1792.02
2005-2009       17               723.00         1737.02         2460.02
2005-2009       18               806.00         2282.04         3088.04
2005-2009       19               897.00         2764.04         3661.04
2005-2009       20               992.00         3431.05         4423.05
2005-2009       21              1085.00         3823.06         4908.06
2005-2009       22              1225.00         4182.08         5407.08
2005-2009       23              1337.00         4637.08         5974.08
2005-2009       24              1427.00         5122.08         6549.08
2005-2009       25              1684.02         5632.09         7316.11
2005-2009       26              1820.02         5988.10         7808.12
2005-2009       27              1992.02         6785.12         8777.14
2005-2009       28              2308.02         7461.12         9769.14
2005-2009       29              2570.02         8182.14        10752.16
2005-2009       30              2902.02         9076.14        11978.16
2005-2009       31              2890.02         9598.16        12488.18
2005-2009       32              3170.02        10095.17        13265.19
2005-2009       33              3332.02        10676.17        14008.19
2005-2009       34              3502.02        11031.19        14533.21
2005-2009       35              3960.02        11925.19        15885.21
2005-2009       36              3687.02        11646.19        15333.21
2005-2009       37              4036.02        12449.21        16485.23
2005-2009       38              4273.02        12829.21        17102.23
2005-2009       39              4390.02        13348.21        17738.23
2005-2009       40              4951.02        16093.24        21044.26
2005-2009       41              5049.04        15638.25        20687.29
2005-2009       42              5514.03        17368.25        22882.28
2005-2009       43              6081.04        19049.27        25130.31
2005-2009       44              6580.04        20207.29        26787.33
2005-2009       45              7778.04        23786.34        31564.38
2005-2009       46              7996.04        23737.35        31733.39
2005-2009       47              8543.04        25910.39        34453.43
2005-2009       48              9131.06        27096.43        36227.49
2005-2009       49              9582.06        27979.45        37561.51
2005-2009       50             10709.06        30696.49        41405.55
2005-2009       51             10859.06        30192.51        41051.57
2005-2009       52             11619.08        30675.52        42294.60
2005-2009       53             12043.07        32109.52        44152.59
2005-2009       54             13116.08        32795.55        45911.63
2005-2009       55             15157.09        35509.58        50666.67
2005-2009       56             16441.10        36332.59        52773.69
2005-2009       57             16416.10        35824.64        52240.74
2005-2009       58             16851.10        35687.65        52538.75
2005-2009       59             16472.12        33353.68        49825.80
2005-2009       60             15975.13        33509.78        49484.91
2005-2009       61             14849.10        30215.60        45064.70
2005-2009       62             15664.12        29104.67        44768.79
2005-2009       63             17199.10        30407.48        47606.58
2005-2009       64             20402.09        34701.45        55103.54
2005-2009       65             24991.11        40780.53        65771.64
2005-2009       66             30498.12        47052.53        77550.65
2005-2009       67             37159.19        54567.79        91726.98
2005-2009       68             42471.22        58056.90       100528.12
2005-2009       69             45654.27        59333.99       104988.26
2005-2009       70             47377.33        58215.14       105592.47
2005-2009       71             45272.37        52698.21        97970.58
2005-2009       72             43325.38        47141.18        90466.56
2005-2009       73             42597.34        43203.95        85801.29
2005-2009       74             45392.30        43300.85        88693.15
2005-2009       75             50855.24        45138.62        95993.86
2005-2009       76             60170.28        48815.68       108985.96
2005-2009       77             68471.37        52245.82       120717.19
2005-2009       78             74921.45        51681.91       126603.36
2005-2009       79             78950.51        48652.95       127603.46
2005-2009       80             81350.54        44466.93       125817.47
2005-2009       81             81946.56        39415.86       121362.42
2005-2009       82             78412.54        33116.76       111529.30
2005-2009       83             73465.53        27782.62       101248.15
2005-2009       84             65943.50        23103.52        89047.02
2005-2009       85             58299.49        18861.45        77160.94
2005-2009       86             50573.39        15527.34        66100.73
2005-2009       87             42834.34        12562.28        55396.62
2005-2009       88             34431.26         9691.21        44122.47
2005-2009       89             29493.22         8040.17        37533.39
2005-2009       90             27186.20         6788.15        33974.35
2005-2009       91             23841.13         5777.10        29618.23
2005-2009       92             21650.10         5025.06        26675.16
2005-2009       93             19081.09         4271.06        23352.15
2005-2009       94             15571.10         3334.06        18905.16
2005-2009       95             11632.08         2463.05        14095.13
2005-2009       96              8102.06         1733.04         9835.10
2005-2009       97              5429.05         1080.02         6509.07
2005-2009       98              3464.02          676.02         4140.04
2005-2009       99              2191.02          419.01         2610.03
2005-2009      100              1431.23          241.96         1673.19
2005-2009      101               907.18          153.34         1060.52
2005-2009      102               553.87           93.08          646.95
2005-2009      103               325.05           54.66          379.71
2005-2009      104               188.28           32.34          220.62
2005-2009      105               107.18           19.14          126.32
2005-2009      106                57.99           10.81           68.80
2005-2009      107                30.35            5.84           36.19
2005-2009      108                15.79            2.50           18.29
2005-2009      109                 7.94            0.36            8.30
2005-2009      110+                4.17            0.00            4.17
2010-2013        0              7421.00        10055.00        17476.00
2010-2013        1               632.00          755.00         1387.00
2010-2013        2               349.00          510.00          859.00
2010-2013        3               254.00          360.00          614.00
2010-2013        4               197.00          315.00          512.00
2010-2013        5               198.00          262.00          460.00
2010-2013        6               155.00          222.00          377.00
2010-2013        7               149.00          246.00          395.00
2010-2013        8               129.00          223.00          352.00
2010-2013        9               130.00          196.00          326.00
2010-2013       10               164.00          194.00          358.00
2010-2013       11               124.00          219.00          343.00
2010-2013       12               148.00          233.00          381.00
2010-2013       13               173.00          266.00          439.00
2010-2013       14               220.00          351.00          571.00
2010-2013       15               293.00          441.00          734.00
2010-2013       16               314.00          632.00          946.00
2010-2013       17               365.00          806.00         1171.00
2010-2013       18               410.00         1043.00         1453.00
2010-2013       19               442.00         1334.00         1776.00
2010-2013       20               499.00         1670.00         2169.00
2010-2013       21               577.00         1950.00         2527.00
2010-2013       22               675.00         2243.00         2918.00
2010-2013       23               794.00         2477.00         3271.00
2010-2013       24               870.00         2865.00         3735.00
2010-2013       25               980.00         3360.00         4340.00
2010-2013       26              1182.00         3459.00         4641.00
2010-2013       27              1271.00         3999.00         5270.00
2010-2013       28              1388.00         4260.00         5648.00
2010-2013       29              1555.00         4699.00         6254.00
2010-2013       30              1672.00         5197.00         6869.00
2010-2013       31              1761.00         5556.00         7317.00
2010-2013       32              2004.00         6069.00         8073.00
2010-2013       33              2018.00         6433.00         8451.00
2010-2013       34              2185.00         6729.00         8914.00
2010-2013       35              2364.00         7300.00         9664.00
2010-2013       36              2574.00         7403.00         9977.00
2010-2013       37              2652.00         7662.00        10314.00
2010-2013       38              2854.00         7868.00        10722.00
2010-2013       39              2926.00         7988.00        10914.00
2010-2013       40              3056.00         8523.00        11579.00
2010-2013       41              3230.00         8703.00        11933.00
2010-2013       42              3377.00         8952.00        12329.00
2010-2013       43              3546.00         9605.00        13151.00
2010-2013       44              3760.00         9663.00        13423.00
2010-2013       45              3924.00        10916.00        14840.00
2010-2013       46              4267.00        11415.00        15682.00
2010-2013       47              4690.00        12714.00        17404.00
2010-2013       48              5275.00        13957.00        19232.00
2010-2013       49              5835.00        15199.00        21034.00
2010-2013       50              6490.00        17284.00        23774.00
2010-2013       51              7070.00        18374.00        25444.00
2010-2013       52              7769.00        19313.00        27082.00
2010-2013       53              8067.00        20119.00        28186.00
2010-2013       54              8625.00        20770.00        29395.00
2010-2013       55              9319.00        22219.00        31538.00
2010-2013       56              9950.00        22443.00        32393.00
2010-2013       57             10718.00        23201.00        33919.00
2010-2013       58             11408.00        24386.00        35794.00
2010-2013       59             12275.00        25472.00        37747.00
2010-2013       60             13366.00        28432.00        41798.00
2010-2013       61             15105.00        30086.00        45191.00
2010-2013       62             15211.00        29101.00        44312.00
2010-2013       63             15970.00        28899.00        44869.00
2010-2013       64             15104.00        26037.00        41141.00
2010-2013       65             14043.00        22701.00        36744.00
2010-2013       66             14236.00        22013.00        36249.00
2010-2013       67             14321.00        20238.00        34559.00
2010-2013       68             17309.00        23284.00        40593.00
2010-2013       69             21753.00        28160.00        49913.00
2010-2013       70             27196.00        32802.00        59998.00
2010-2013       71             34309.00        39188.00        73497.00
2010-2013       72             40228.00        42676.00        82904.00
2010-2013       73             45552.00        45579.00        91131.00
2010-2013       74             47452.00        45208.00        92660.00
2010-2013       75             46864.00        41253.00        88117.00
2010-2013       76             41980.00        35426.00        77406.00
2010-2013       77             38368.00        29762.00        68130.00
2010-2013       78             39033.00        27898.00        66931.00
2010-2013       79             42729.00        28405.00        71134.00
2010-2013       80             50668.00        30738.00        81406.00
2010-2013       81             56875.00        32508.00        89383.00
2010-2013       82             60950.00        31980.00        92930.00
2010-2013       83             62401.00        29473.00        91874.00
2010-2013       84             61225.00        25864.00        87089.00
2010-2013       85             58710.00        22301.00        81011.00
2010-2013       86             54337.00        18094.00        72431.00
2010-2013       87             47476.00        14113.00        61589.00
2010-2013       88             40558.00        11010.00        51568.00
2010-2013       89             33369.00         8547.00        41916.00
2010-2013       90             26019.00         6363.00        32382.00
2010-2013       91             20734.00         4843.00        25577.00
2010-2013       92             15500.00         3677.00        19177.00
2010-2013       93             10993.00         2514.00        13507.00
2010-2013       94              8374.00         1906.00        10280.00
2010-2013       95              6793.00         1364.00         8157.00
2010-2013       96              5520.00         1050.00         6570.00
2010-2013       97              4346.00          892.00         5238.00
2010-2013       98              3253.00          617.00         3870.00
2010-2013       99              2193.00          345.00         2538.00
2010-2013      100              1221.35          220.42         1441.77
2010-2013      101               771.93          140.35          912.28
2010-2013      102               480.02           89.40          569.42
2010-2013      103               295.79           55.98          351.77
2010-2013      104               176.55           34.34          210.89
2010-2013      105               103.92           20.93          124.85
2010-2013      106                59.21           12.39           71.60
2010-2013      107                32.73            7.12           39.85
2010-2013      108                17.69            4.01           21.70
2010-2013      109                 9.47            1.77           11.24
2010-2013      110+                7.33            0.31            7.64
