Republic of Korea, Deaths (period 5x1), 	Last modified: 20 Jul 2022;  Methods Protocol: v6 (2017)

  Year          Age             Female            Male           Total
  2003           0              1075.17         1453.06         2528.23
  2003         1-4               367.05          459.01          826.06
  2003         5-9               264.05          409.01          673.06
  2003        10-14              197.02          325.00          522.02
  2003        15-19              403.06          850.02         1253.08
  2003        20-24              688.12         1453.05         2141.17
  2003        25-29              853.13         1814.05         2667.18
  2003        30-34             1244.20         2762.10         4006.30
  2003        35-39             1587.25         4025.13         5612.38
  2003        40-44             2472.37         7085.25         9557.62
  2003        45-49             2871.45         8676.32        11547.77
  2003        50-54             3047.47         9251.35        12298.82
  2003        55-59             3839.60        10031.38        13870.98
  2003        60-64             6372.97        15293.55        21666.52
  2003        65-69             9442.45        17395.65        26838.10
  2003        70-74            13225.03        16220.60        29445.63
  2003        75-79            17073.63        15111.56        32185.19
  2003        80-84            19400.99        12998.47        32399.46
  2003        85-89            15136.34         7037.26        22173.60
  2003        90-94             8192.26         2687.10        10879.36
  2003        95-99             2294.36          464.01         2758.37
  2003       100-104             482.80           77.25          560.05
  2003       105-109              45.53            4.75           50.28
  2003       110+                  1.76            0.00            1.76
  2004           0              1015.08         1226.02         2241.10
  2004         1-4               325.02          417.00          742.02
  2004         5-9               246.02          404.01          650.03
  2004        10-14              203.02          324.00          527.02
  2004        15-19              311.03          714.00         1025.03
  2004        20-24              592.05         1217.01         1809.06
  2004        25-29              724.05         1482.02         2206.07
  2004        30-34             1113.07         2226.03         3339.10
  2004        35-39             1606.10         3759.05         5365.15
  2004        40-44             2424.17         6550.11         8974.28
  2004        45-49             2951.21         8911.13        11862.34
  2004        50-54             3002.23         9203.13        12205.36
  2004        55-59             3635.26        10419.14        14054.40
  2004        60-64             6046.44        14771.21        20817.65
  2004        65-69             9184.66        17893.27        27077.93
  2004        70-74            12905.94        17010.24        29916.18
  2004        75-79            17061.24        15489.23        32550.47
  2004        80-84            19735.44        13598.20        33333.64
  2004        85-89            15486.12         7269.09        22755.21
  2004        90-94             8369.62         2705.04        11074.66
  2004        95-99             2514.18          593.00         3107.18
  2004       100-104             486.66           50.95          537.61
  2004       105-109              44.99            2.07           47.06
  2004       110+                  1.42            0.00            1.42
  2005           0               853.06          980.00         1833.06
  2005         1-4               249.02          363.00          612.02
  2005         5-9               238.00          352.00          590.00
  2005        10-14              213.02          308.00          521.02
  2005        15-19              331.02          669.00         1000.02
  2005        20-24              720.06         1149.00         1869.06
  2005        25-29              843.07         1465.00         2308.07
  2005        30-34             1200.10         2270.00         3470.10
  2005        35-39             1628.14         3419.00         5047.14
  2005        40-44             2218.18         5879.00         8097.18
  2005        45-49             3061.24         8748.00        11809.24
  2005        50-54             3123.25         9113.00        12236.25
  2005        55-59             3651.29        10099.00        13750.29
  2005        60-64             5740.46        13843.00        19583.46
  2005        65-69             8768.72        17690.00        26458.72
  2005        70-74            12740.05        17649.00        30389.05
  2005        75-79            17526.41        16032.00        33558.41
  2005        80-84            20005.64        13814.00        33819.64
  2005        85-89            15683.27         7977.00        23660.27
  2005        90-94             8652.70         2815.00        11467.70
  2005        95-99             2610.20          610.00         3220.20
  2005       100-104             460.01           69.31          529.32
  2005       105-109              39.15            3.69           42.84
  2005       110+                  0.85            0.00            0.85
  2006           0               752.05          958.00         1710.05
  2006         1-4               254.02          294.00          548.02
  2006         5-9               214.03          290.01          504.04
  2006        10-14              186.02          329.00          515.02
  2006        15-19              311.02          647.00          958.02
  2006        20-24              548.04          951.01         1499.05
  2006        25-29              724.04         1392.01         2116.05
  2006        30-34              990.06         1848.00         2838.06
  2006        35-39             1488.10         3152.02         4640.12
  2006        40-44             1989.14         5299.05         7288.19
  2006        45-49             2906.19         8622.08        11528.27
  2006        50-54             3274.21         9468.08        12742.29
  2006        55-59             3630.23        10274.09        13904.32
  2006        60-64             5063.33        12549.09        17612.42
  2006        65-69             8438.54        17504.13        25942.67
  2006        70-74            12559.82        18548.13        31107.95
  2006        75-79            17256.10        16517.14        33773.24
  2006        80-84            20341.30        14041.10        34382.40
  2006        85-89            16241.04         8264.06        24505.10
  2006        90-94             9200.59         2889.00        12089.59
  2006        95-99             2687.17          717.01         3404.18
  2006       100-104             440.71           72.67          513.38
  2006       105-109              34.64            4.32           38.96
  2006       110+                  0.68            0.00            0.68
  2007           0               771.01          936.01         1707.02
  2007         1-4               221.01          287.00          508.01
  2007         5-9               183.01          256.00          439.01
  2007        10-14              179.00          297.00          476.00
  2007        15-19              320.00          751.01         1071.01
  2007        20-24              670.01          959.00         1629.01
  2007        25-29              929.01         1522.01         2451.02
  2007        30-34             1187.02         1831.01         3018.03
  2007        35-39             1580.02         2994.03         4574.05
  2007        40-44             1967.04         5116.05         7083.09
  2007        45-49             3081.05         8400.06        11481.11
  2007        50-54             3191.07         9397.09        12588.16
  2007        55-59             3524.06        10201.08        13725.14
  2007        60-64             4841.11        11793.09        16634.20
  2007        65-69             8345.16        17535.12        25880.28
  2007        70-74            12624.24        19003.15        31627.39
  2007        75-79            17473.32        17114.12        34587.44
  2007        80-84            19840.36        14240.11        34080.47
  2007        85-89            16852.31         8945.07        25797.38
  2007        90-94             9541.16         3226.02        12767.18
  2007        95-99             2969.04          766.01         3735.05
  2007       100-104             487.85           88.56          576.41
  2007       105-109              39.35            5.44           44.79
  2007       110+                  0.80            0.00            0.80
  2008           0               738.03          842.01         1580.04
  2008         1-4               188.03          267.01          455.04
  2008         5-9               170.01          216.01          386.02
  2008        10-14              181.01          250.01          431.02
  2008        15-19              314.03          690.01         1004.04
  2008        20-24              567.02          958.02         1525.04
  2008        25-29              954.03         1553.03         2507.06
  2008        30-34             1093.06         1652.04         2745.10
  2008        35-39             1533.07         3111.05         4644.12
  2008        40-44             2008.09         4852.08         6860.17
  2008        45-49             2990.15         8284.12        11274.27
  2008        50-54             3370.17         9702.14        13072.31
  2008        55-59             3515.16        10174.16        13689.32
  2008        60-64             4495.22        11304.16        15799.38
  2008        65-69             7964.36        17379.25        25343.61
  2008        70-74            12217.56        19985.30        32202.86
  2008        75-79            16676.76        17348.25        34025.01
  2008        80-84            19232.88        14314.19        33547.07
  2008        85-89            17721.80         9849.14        27570.94
  2008        90-94             9571.44         3307.03        12878.47
  2008        95-99             3135.14          806.00         3941.14
  2008       100-104             502.26           82.07          584.33
  2008       105-109              40.89            4.92           45.81
  2008       110+                  0.85            0.00            0.85
  2009           0               659.09          756.18         1415.27
  2009         1-4               202.03          203.06          405.09
  2009         5-9               137.02          247.05          384.07
  2009        10-14              176.04          265.05          441.09
  2009        15-19              364.05          709.19         1073.24
  2009        20-24              571.08          936.23         1507.31
  2009        25-29             1018.14         1526.38         2544.52
  2009        30-34             1182.14         1858.46         3040.60
  2009        35-39             1631.22         3087.77         4718.99
  2009        40-44             2021.27         4980.22         7001.49
  2009        45-49             2891.38         8081.00        10972.38
  2009        50-54             3504.44        10486.60        13991.04
  2009        55-59             3495.44         9901.45        13396.89
  2009        60-64             4501.59        11614.87        16116.46
  2009        65-69             7585.98        16439.05        24025.03
  2009        70-74            11999.54        19981.90        31981.44
  2009        75-79            16670.15        17889.42        34559.57
  2009        80-84            19440.48        14546.59        33987.07
  2009        85-89            17701.26         9742.41        27443.67
  2009        90-94             9638.23         3541.88        13180.11
  2009        95-99             3188.41          852.21         4040.62
  2009       100-104             578.60           83.83          662.43
  2009       105-109              48.08            4.18           52.26
  2009       110+                  1.40            0.00            1.40
  2010           0               620.14          888.28         1508.42
  2010         1-4               173.03          213.05          386.08
  2010         5-9               102.03          175.05          277.08
  2010        10-14              163.05          254.09          417.14
  2010        15-19              329.08          705.23         1034.31
  2010        20-24              497.12          914.28         1411.40
  2010        25-29              879.21         1470.45         2349.66
  2010        30-34             1023.24         1786.55         2809.79
  2010        35-39             1553.35         2911.90         4465.25
  2010        40-44             1988.45         4903.53         6891.98
  2010        45-49             2894.67         7797.41        10692.08
  2010        50-54             3633.82        10487.25        14121.07
  2010        55-59             3541.82        10649.30        14191.12
  2010        60-64             4509.03        11892.68        16401.71
  2010        65-69             7449.71        15927.90        23377.61
  2010        70-74            11905.74        20644.38        32550.12
  2010        75-79            17224.96        19772.11        36997.07
  2010        80-84            20952.82        15447.77        36400.59
  2010        85-89            18898.34        10492.25        29390.59
  2010        90-94            10551.44         4005.24        14556.68
  2010        95-99             3509.80          858.25         4368.05
  2010       100-104             598.24          150.26          748.50
  2010       105-109              46.62           10.78           57.40
  2010       110+                  1.32            0.00            1.32
  2011           0               617.09          818.00         1435.09
  2011         1-4               176.01          213.00          389.01
  2011         5-9                97.01          142.00          239.01
  2011        10-14              162.03          240.00          402.03
  2011        15-19              304.06          699.00         1003.06
  2011        20-24              458.05          860.00         1318.05
  2011        25-29              758.12         1400.00         2158.12
  2011        30-34             1059.17         1720.00         2779.17
  2011        35-39             1370.21         2692.00         4062.21
  2011        40-44             2017.32         4559.00         6576.32
  2011        45-49             2611.42         7159.00         9770.42
  2011        50-54             3585.56        10851.00        14436.56
  2011        55-59             3770.60        11083.00        14853.60
  2011        60-64             4531.73        12026.00        16557.73
  2011        65-69             6847.07        14905.00        21752.07
  2011        70-74            11380.79        20649.00        32029.79
  2011        75-79            17213.73        20849.00        38062.73
  2011        80-84            21518.40        16155.00        37673.40
  2011        85-89            20095.17        10741.00        30836.17
  2011        90-94            11253.77         4390.00        15643.77
  2011        95-99             3635.56          930.00         4565.56
  2011       100-104             634.83          158.32          793.15
  2011       105-109              47.01           10.70           57.71
  2011       110+                  1.27            0.00            1.27
  2012           0               626.11          779.15         1405.26
  2012         1-4               153.02          224.05          377.07
  2012         5-9               123.02          145.03          268.05
  2012        10-14              112.02          213.04          325.06
  2012        15-19              298.05          607.11          905.16
  2012        20-24              402.07          853.18         1255.25
  2012        25-29              594.08         1139.23         1733.31
  2012        30-34             1019.18         1708.33         2727.51
  2012        35-39             1208.20         2534.51         3742.71
  2012        40-44             1982.32         4336.84         6319.16
  2012        45-49             2539.41         6873.35         9412.76
  2012        50-54             3653.61        10597.09        14250.70
  2012        55-59             3773.63        11367.23        15140.86
  2012        60-64             4305.72        12008.37        16314.09
  2012        65-69             6276.06        14260.81        20536.87
  2012        70-74            11988.99        21517.23        33506.22
  2012        75-79            17991.02        22805.50        40796.52
  2012        80-84            22981.84        17629.48        40611.32
  2012        85-89            21485.59        11598.27        33083.86
  2012        90-94            13005.17         4953.96        17959.13
  2012        95-99             4471.75         1044.21         5515.96
  2012       100-104             792.93          165.85          958.78
  2012       105-109              63.15           10.20           73.35
  2012       110+                  2.08            0.00            2.08
  2013           0               607.13          698.05         1305.18
  2013         1-4               150.04          192.00          342.04
  2013         5-9                93.02          160.02          253.04
  2013        10-14               96.02          176.03          272.05
  2013        15-19              255.06          557.02          812.08
  2013        20-24              386.08          831.06         1217.14
  2013        25-29              546.13         1019.06         1565.19
  2013        30-34              964.19         1706.10         2670.29
  2013        35-39             1226.27         2377.16         3603.43
  2013        40-44             1937.42         4337.30         6274.72
  2013        45-49             2500.52         6496.44         8996.96
  2013        50-54             3750.82        10355.71        14106.53
  2013        55-59             3936.86        11713.81        15650.67
  2013        60-64             4397.94        11833.80        16231.74
  2013        65-69             5971.30        13496.91        19468.21
  2013        70-74            11703.54        21204.45        32907.99
  2013        75-79            17948.90        23282.59        41231.49
  2013        80-84            22727.92        18117.25        40845.17
  2013        85-89            21346.64        11535.80        32882.44
  2013        90-94            13766.98         5257.34        19024.32
  2013        95-99             4462.97         1090.07         5553.04
  2013       100-104             816.31          152.46          968.77
  2013       105-109              63.90            8.54           72.44
  2013       110+                  1.99            0.00            1.99
  2014           0               590.10          715.10         1305.20
  2014         1-4               136.03          153.01          289.04
  2014         5-9                91.01          113.01          204.02
  2014        10-14               97.01          142.01          239.02
  2014        15-19              298.05          572.09          870.14
  2014        20-24              354.06          777.11         1131.17
  2014        25-29              491.08          958.12         1449.20
  2014        30-34              911.15         1613.22         2524.37
  2014        35-39             1186.20         2230.31         3416.51
  2014        40-44             1836.30         4018.57         5854.87
  2014        45-49             2497.45         6260.88         8758.33
  2014        50-54             3533.61        10096.44        13630.05
  2014        55-59             4139.73        12029.71        16169.44
  2014        60-64             4278.74        11611.65        15890.39
  2014        65-69             5808.02        13715.96        19523.98
  2014        70-74            10990.92        20274.88        31265.80
  2014        75-79            17539.08        23866.40        41405.48
  2014        80-84            23298.08        19283.74        42581.82
  2014        85-89            22134.86        12109.71        34244.57
  2014        90-94            14582.55         5364.77        19947.32
  2014        95-99             4599.81         1228.17         5827.98
  2014       100-104             923.65          174.79         1098.44
  2014       105-109              52.81           11.22           64.03
  2014       110+                  0.71            0.00            0.71
  2015           0               535.09          655.09         1190.18
  2015         1-4               119.00          168.02          287.02
  2015         5-9                81.02          126.02          207.04
  2015        10-14               81.02          139.03          220.05
  2015        15-19              237.04          448.06          685.10
  2015        20-24              367.08          788.11         1155.19
  2015        25-29              493.07          986.14         1479.21
  2015        30-34              903.13         1412.19         2315.32
  2015        35-39             1121.19         1982.28         3103.47
  2015        40-44             1806.29         3731.53         5537.82
  2015        45-49             2483.38         6141.86         8625.24
  2015        50-54             3228.51         9382.31        12610.82
  2015        55-59             4134.65        12011.67        16146.32
  2015        60-64             4457.70        12240.71        16698.41
  2015        65-69             5797.91        14104.97        19902.88
  2015        70-74            10739.71        19663.75        30403.46
  2015        75-79            18012.89        24659.43        42672.32
  2015        80-84            24120.83        20915.90        45036.73
  2015        85-89            24595.93        13201.84        37797.77
  2015        90-94            15876.52         6107.86        21984.38
  2015        95-99             5239.84         1386.19         6626.03
  2015       100-104             952.29          184.09         1136.38
  2015       105-109              60.66           11.94           72.60
  2015       110+                  1.18            0.00            1.18
  2016           0               512.14          642.04         1154.18
  2016         1-4               119.04          159.00          278.04
  2016         5-9                82.03          123.00          205.03
  2016        10-14               77.04          116.00          193.04
  2016        15-19              233.07          485.03          718.10
  2016        20-24              379.10          752.05         1131.15
  2016        25-29              450.11          924.05         1374.16
  2016        30-34              791.22         1331.08         2122.30
  2016        35-39             1120.29         1944.11         3064.40
  2016        40-44             1677.45         3515.21         5192.66
  2016        45-49             2405.62         5787.35         8192.97
  2016        50-54             3199.83         8728.52        11928.35
  2016        55-59             4437.15        12252.73        16689.88
  2016        60-64             4840.23        12992.78        17833.01
  2016        65-69             5988.56        14345.87        20334.43
  2016        70-74             9918.56        18777.10        28695.66
  2016        75-79            17642.53        24730.45        42372.98
  2016        80-84            25189.49        23045.36        48234.85
  2016        85-89            25952.69        13763.82        39716.51
  2016        90-94            16676.30         6346.37        23022.67
  2016        95-99             5481.40         1556.10         7037.50
  2016       100-104            1043.18          197.93         1241.11
  2016       105-109              78.97           13.09           92.06
  2016       110+                  2.16            0.00            2.16
  2017           0               431.09          569.06         1000.15
  2017         1-4               122.04          139.01          261.05
  2017         5-9                76.02          134.01          210.03
  2017        10-14               82.01          115.02          197.03
  2017        15-19              202.03          424.03          626.06
  2017        20-24              337.06          750.08         1087.14
  2017        25-29              431.09          953.10         1384.19
  2017        30-34              696.14         1153.12         1849.26
  2017        35-39             1079.20         1983.21         3062.41
  2017        40-44             1591.31         3089.32         4680.63
  2017        45-49             2375.45         5647.59         8023.04
  2017        50-54             2964.56         8296.86        11261.42
  2017        55-59             4072.79        12360.30        16433.09
  2017        60-64             4662.89        13060.34        17723.23
  2017        65-69             5771.09        14173.48        19944.57
  2017        70-74             9258.78        17572.81        26831.59
  2017        75-79            17689.37        25448.64        43138.01
  2017        80-84            25943.93        24681.55        50625.48
  2017        85-89            27375.21        15112.56        42487.77
  2017        90-94            18075.45         6634.69        24710.14
  2017        95-99             6553.24         1777.19         8330.43
  2017       100-104            1306.34          234.90         1541.24
  2017       105-109             105.55           17.14          122.69
  2017       110+                  3.37            0.00            3.37
  2018           0               397.06          534.08          931.14
  2018         1-4               109.01          111.01          220.02
  2018         5-9                75.00          102.03          177.03
  2018        10-14              103.02          118.03          221.05
  2018        15-19              234.04          386.08          620.12
  2018        20-24              416.05          728.12         1144.17
  2018        25-29              458.06          926.14         1384.20
  2018        30-34              686.09         1175.16         1861.25
  2018        35-39             1147.14         2057.31         3204.45
  2018        40-44             1507.20         3006.46         4513.66
  2018        45-49             2418.32         5653.88         8072.20
  2018        50-54             3080.38         8128.26        11208.64
  2018        55-59             4320.56        12348.92        16669.48
  2018        60-64             4921.65        13874.15        18795.80
  2018        65-69             5829.78        14570.25        20400.03
  2018        70-74             8625.14        17342.69        25967.83
  2018        75-79            18258.38        26921.19        45179.57
  2018        80-84            27085.55        26827.16        53912.71
  2018        85-89            29244.83        16807.61        46052.44
  2018        90-94            19636.56         7155.11        26791.67
  2018        95-99             7659.00         2152.32         9811.32
  2018       100-104            1319.52          243.57         1563.09
  2018       105-109              98.07           17.45          115.52
  2018       110+                  2.62            0.00            2.62
  2019           0               357.07          465.13          822.20
  2019         1-4               111.02          122.02          233.04
  2019         5-9                70.02          108.05          178.07
  2019        10-14               76.02          108.03          184.05
  2019        15-19              236.05          374.12          610.17
  2019        20-24              444.08          682.20         1126.28
  2019        25-29              497.09          938.28         1435.37
  2019        30-34              656.13         1132.33         1788.46
  2019        35-39             1127.20         1990.56         3117.76
  2019        40-44             1464.27         2755.78         4220.05
  2019        45-49             2373.46         5329.53         7702.99
  2019        50-54             3000.56         8098.33        11098.89
  2019        55-59             4253.79        11945.44        16199.23
  2019        60-64             5042.92        14223.09        19266.01
  2019        65-69             5765.06        14421.14        20186.20
  2019        70-74             8451.56        17638.06        26089.62
  2019        75-79            16768.12        25450.30        42218.42
  2019        80-84            26074.84        27077.75        53152.59
  2019        85-89            28931.35        17445.02        46376.37
  2019        90-94            19942.69         7526.15        27468.84
  2019        95-99             7717.44         2212.63         9930.07
  2019       100-104            1327.26          259.38         1586.64
  2019       105-109              97.43           18.70          116.13
  2019       110+                  2.58            0.00            2.58
  2020           0               287.04          387.02          674.06
  2020         1-4                79.00          106.00          185.00
  2020         5-9                62.00           80.00          142.00
  2020        10-14               82.01          121.02          203.03
  2020        15-19              198.01          365.02          563.03
  2020        20-24              468.08          650.04         1118.12
  2020        25-29              578.06         1010.07         1588.13
  2020        30-34              644.09         1108.06         1752.15
  2020        35-39             1147.15         1860.11         3007.26
  2020        40-44             1453.19         2702.15         4155.34
  2020        45-49             2384.30         5035.27         7419.57
  2020        50-54             3074.39         7728.43        10802.82
  2020        55-59             4145.54        11443.62        15589.16
  2020        60-64             5360.70        14534.80        19895.50
  2020        65-69             5961.77        15240.82        21202.59
  2020        70-74             8339.06        18128.99        26468.05
  2020        75-79            16316.09        25522.39        41838.48
  2020        80-84            26739.44        28419.54        55158.98
  2020        85-89            30840.97        19796.07        50637.04
  2020        90-94            21985.83         8345.44        30331.27
  2020        95-99             8062.03         2257.13        10319.16
  2020       100-104            1463.68          298.69         1762.37
  2020       105-109             109.32           22.05          131.37
  2020       110+                  3.22            0.28            3.50
