Luxembourg, Life tables (period 1x10), Total	Last modified: 09 Aug 2023;  Methods Protocol: v6 (2017)

  Year          Age         mx       qx    ax      lx      dx      Lx       Tx     ex
1960-1969        0      0.02565  0.02509  0.13  100000    2509   97810  6933651  69.34
1960-1969        1      0.00224  0.00223  0.50   97491     218   97382  6835841  70.12
1960-1969        2      0.00115  0.00115  0.50   97273     112   97217  6738458  69.27
1960-1969        3      0.00077  0.00077  0.50   97161      75   97124  6641241  68.35
1960-1969        4      0.00081  0.00081  0.50   97087      79   97047  6544117  67.40
1960-1969        5      0.00072  0.00072  0.50   97008      70   96973  6447070  66.46
1960-1969        6      0.00081  0.00081  0.50   96938      78   96899  6350097  65.51
1960-1969        7      0.00045  0.00045  0.50   96859      43   96838  6253199  64.56
1960-1969        8      0.00058  0.00058  0.50   96816      56   96788  6156361  63.59
1960-1969        9      0.00029  0.00029  0.50   96760      28   96746  6059573  62.62
1960-1969       10      0.00036  0.00036  0.50   96732      35   96714  5962827  61.64
1960-1969       11      0.00039  0.00039  0.50   96696      38   96677  5866113  60.67
1960-1969       12      0.00027  0.00027  0.50   96658      26   96645  5769436  59.69
1960-1969       13      0.00043  0.00043  0.50   96633      41   96612  5672790  58.70
1960-1969       14      0.00041  0.00041  0.50   96591      40   96571  5576178  57.73
1960-1969       15      0.00037  0.00037  0.50   96552      36   96534  5479607  56.75
1960-1969       16      0.00081  0.00081  0.50   96516      79   96477  5383073  55.77
1960-1969       17      0.00079  0.00079  0.50   96437      77   96399  5286596  54.82
1960-1969       18      0.00100  0.00100  0.50   96361      97   96313  5190197  53.86
1960-1969       19      0.00112  0.00112  0.50   96264     108   96210  5093885  52.92
1960-1969       20      0.00147  0.00147  0.50   96156     141   96086  4997675  51.97
1960-1969       21      0.00157  0.00157  0.50   96015     150   95940  4901589  51.05
1960-1969       22      0.00101  0.00101  0.50   95865      97   95816  4805649  50.13
1960-1969       23      0.00142  0.00141  0.50   95768     135   95700  4709833  49.18
1960-1969       24      0.00129  0.00129  0.50   95633     123   95571  4614132  48.25
1960-1969       25      0.00116  0.00116  0.50   95509     111   95454  4518561  47.31
1960-1969       26      0.00106  0.00106  0.50   95399     101   95348  4423108  46.36
1960-1969       27      0.00126  0.00126  0.50   95297     120   95237  4327760  45.41
1960-1969       28      0.00114  0.00114  0.50   95177     108   95123  4232523  44.47
1960-1969       29      0.00154  0.00154  0.50   95069     146   94996  4137399  43.52
1960-1969       30      0.00126  0.00126  0.50   94923     120   94863  4042403  42.59
1960-1969       31      0.00142  0.00142  0.50   94803     134   94736  3947540  41.64
1960-1969       32      0.00149  0.00148  0.50   94669     140   94599  3852804  40.70
1960-1969       33      0.00164  0.00164  0.50   94528     155   94451  3758205  39.76
1960-1969       34      0.00174  0.00174  0.50   94373     164   94292  3663754  38.82
1960-1969       35      0.00148  0.00147  0.50   94210     139   94140  3569462  37.89
1960-1969       36      0.00152  0.00152  0.50   94071     143   93999  3475322  36.94
1960-1969       37      0.00220  0.00220  0.50   93928     206   93824  3381323  36.00
1960-1969       38      0.00213  0.00212  0.50   93721     199   93622  3287499  35.08
1960-1969       39      0.00245  0.00244  0.50   93522     229   93408  3193877  34.15
1960-1969       40      0.00267  0.00267  0.50   93293     249   93169  3100470  33.23
1960-1969       41      0.00339  0.00339  0.50   93045     315   92887  3007301  32.32
1960-1969       42      0.00284  0.00284  0.50   92730     263   92598  2914413  31.43
1960-1969       43      0.00322  0.00321  0.50   92467     297   92318  2821815  30.52
1960-1969       44      0.00409  0.00408  0.50   92169     376   91981  2729497  29.61
1960-1969       45      0.00448  0.00447  0.50   91793     411   91588  2637516  28.73
1960-1969       46      0.00492  0.00490  0.50   91383     448   91159  2545928  27.86
1960-1969       47      0.00555  0.00553  0.50   90935     503   90683  2454769  26.99
1960-1969       48      0.00584  0.00583  0.50   90431     527   90168  2364086  26.14
1960-1969       49      0.00643  0.00641  0.50   89905     576   89616  2273918  25.29
1960-1969       50      0.00729  0.00727  0.50   89328     649   89004  2184302  24.45
1960-1969       51      0.00795  0.00792  0.50   88679     703   88328  2095298  23.63
1960-1969       52      0.00894  0.00890  0.50   87977     783   87585  2006970  22.81
1960-1969       53      0.00933  0.00929  0.50   87193     810   86789  1919385  22.01
1960-1969       54      0.00979  0.00974  0.50   86384     842   85963  1832597  21.21
1960-1969       55      0.01155  0.01149  0.50   85542     983   85051  1746634  20.42
1960-1969       56      0.01232  0.01224  0.50   84559    1035   84042  1661583  19.65
1960-1969       57      0.01276  0.01268  0.50   83524    1059   82995  1577541  18.89
1960-1969       58      0.01388  0.01379  0.50   82465    1137   81897  1494546  18.12
1960-1969       59      0.01560  0.01548  0.50   81328    1259   80699  1412650  17.37
1960-1969       60      0.01950  0.01931  0.50   80069    1546   79296  1331951  16.63
1960-1969       61      0.02034  0.02014  0.50   78523    1581   77733  1252654  15.95
1960-1969       62      0.02304  0.02278  0.50   76942    1753   76066  1174922  15.27
1960-1969       63      0.02230  0.02206  0.50   75190    1658   74360  1098856  14.61
1960-1969       64      0.02513  0.02482  0.50   73531    1825   72619  1024495  13.93
1960-1969       65      0.02790  0.02751  0.50   71706    1973   70720   951877  13.27
1960-1969       66      0.03120  0.03072  0.50   69733    2142   68662   881157  12.64
1960-1969       67      0.03349  0.03294  0.50   67591    2226   66478   812495  12.02
1960-1969       68      0.03708  0.03640  0.50   65365    2379   64175   746018  11.41
1960-1969       69      0.03977  0.03899  0.50   62985    2456   61757   681843  10.83
1960-1969       70      0.04362  0.04269  0.50   60529    2584   59237   620085  10.24
1960-1969       71      0.05136  0.05008  0.50   57946    2902   56495   560848   9.68
1960-1969       72      0.05247  0.05113  0.50   55044    2814   53637   504353   9.16
1960-1969       73      0.05872  0.05705  0.50   52230    2979   50740   450716   8.63
1960-1969       74      0.06882  0.06653  0.50   49250    3277   47612   399977   8.12
1960-1969       75      0.07201  0.06951  0.50   45974    3196   44376   352365   7.66
1960-1969       76      0.08050  0.07739  0.50   42778    3310   41123   307989   7.20
1960-1969       77      0.09046  0.08654  0.50   39468    3416   37760   266866   6.76
1960-1969       78      0.09735  0.09283  0.50   36052    3347   34379   229106   6.35
1960-1969       79      0.10313  0.09808  0.50   32705    3208   31101   194728   5.95
1960-1969       80      0.12044  0.11359  0.50   29498    3351   27822   163627   5.55
1960-1969       81      0.13380  0.12541  0.50   26147    3279   24507   135804   5.19
1960-1969       82      0.15525  0.14406  0.50   22868    3294   21221   111297   4.87
1960-1969       83      0.16599  0.15327  0.50   19573    3000   18073    90077   4.60
1960-1969       84      0.16792  0.15491  0.50   16573    2567   15290    72003   4.34
1960-1969       85      0.20180  0.18330  0.50   14006    2567   12722    56714   4.05
1960-1969       86      0.20321  0.18447  0.50   11439    2110   10384    43991   3.85
1960-1969       87      0.22568  0.20280  0.50    9329    1892    8383    33608   3.60
1960-1969       88      0.23553  0.21071  0.50    7437    1567    6653    25225   3.39
1960-1969       89      0.27204  0.23946  0.50    5870    1406    5167    18572   3.16
1960-1969       90      0.28138  0.24667  0.50    4464    1101    3914    13405   3.00
1960-1969       91      0.30660  0.26585  0.50    3363     894    2916     9491   2.82
1960-1969       92      0.32934  0.28278  0.50    2469     698    2120     6575   2.66
1960-1969       93      0.35298  0.30003  0.50    1771     531    1505     4456   2.52
1960-1969       94      0.37744  0.31752  0.50    1239     394    1043     2950   2.38
1960-1969       95      0.40263  0.33516  0.50     846     284     704     1908   2.26
1960-1969       96      0.42844  0.35285  0.50     562     198     463     1204   2.14
1960-1969       97      0.45474  0.37050  0.50     364     135     297      740   2.03
1960-1969       98      0.48140  0.38800  0.50     229      89     185      444   1.94
1960-1969       99      0.50826  0.40527  0.50     140      57     112      259   1.85
1960-1969      100      0.53519  0.42221  0.50      83      35      66      147   1.77
1960-1969      101      0.56201  0.43873  0.50      48      21      38       82   1.69
1960-1969      102      0.58858  0.45475  0.50      27      12      21       44   1.63
1960-1969      103      0.61475  0.47022  0.50      15       7      11       23   1.56
1960-1969      104      0.64037  0.48506  0.50       8       4       6       12   1.51
1960-1969      105      0.66530  0.49923  0.50       4       2       3        6   1.46
1960-1969      106      0.68943  0.51270  0.50       2       1       1        3   1.41
1960-1969      107      0.71266  0.52543  0.50       1       1       1        1   1.37
1960-1969      108      0.73488  0.53742  0.50       0       0       0        1   1.34
1960-1969      109      0.75605  0.54865  0.50       0       0       0        0   1.31
1960-1969      110+     0.77610  1.00000  1.29       0       0       0        0   1.29
1970-1979        0      0.01582  0.01560  0.12  100000    1560   98621  7074011  70.74
1970-1979        1      0.00131  0.00131  0.50   98440     129   98375  6975390  70.86
1970-1979        2      0.00090  0.00090  0.50   98311      88   98267  6877015  69.95
1970-1979        3      0.00080  0.00080  0.50   98222      78   98183  6778749  69.01
1970-1979        4      0.00057  0.00057  0.50   98144      56   98116  6680565  68.07
1970-1979        5      0.00066  0.00066  0.50   98088      65   98055  6582449  67.11
1970-1979        6      0.00037  0.00037  0.50   98023      36   98005  6484394  66.15
1970-1979        7      0.00040  0.00040  0.50   97986      39   97967  6386390  65.18
1970-1979        8      0.00038  0.00038  0.50   97947      37   97929  6288423  64.20
1970-1979        9      0.00035  0.00035  0.50   97910      34   97893  6190494  63.23
1970-1979       10      0.00035  0.00035  0.50   97876      34   97859  6092601  62.25
1970-1979       11      0.00013  0.00013  0.50   97842      13   97836  5994742  61.27
1970-1979       12      0.00028  0.00028  0.50   97829      28   97815  5896907  60.28
1970-1979       13      0.00036  0.00036  0.50   97801      35   97784  5799091  59.29
1970-1979       14      0.00051  0.00051  0.50   97766      50   97741  5701308  58.32
1970-1979       15      0.00055  0.00055  0.50   97716      54   97689  5603567  57.35
1970-1979       16      0.00074  0.00074  0.50   97662      72   97626  5505877  56.38
1970-1979       17      0.00113  0.00113  0.50   97590     110   97536  5408251  55.42
1970-1979       18      0.00140  0.00140  0.50   97481     137   97412  5310715  54.48
1970-1979       19      0.00150  0.00150  0.50   97344     146   97271  5213303  53.56
1970-1979       20      0.00111  0.00111  0.50   97198     108   97144  5116032  52.64
1970-1979       21      0.00120  0.00120  0.50   97090     116   97032  5018888  51.69
1970-1979       22      0.00125  0.00125  0.50   96973     121   96913  4921856  50.75
1970-1979       23      0.00106  0.00106  0.50   96853     103   96801  4824943  49.82
1970-1979       24      0.00109  0.00108  0.50   96750     105   96697  4728142  48.87
1970-1979       25      0.00127  0.00127  0.50   96645     123   96584  4631445  47.92
1970-1979       26      0.00123  0.00123  0.50   96522     119   96463  4534861  46.98
1970-1979       27      0.00114  0.00114  0.50   96404     110   96349  4438398  46.04
1970-1979       28      0.00118  0.00118  0.50   96294     114   96237  4342049  45.09
1970-1979       29      0.00128  0.00128  0.50   96180     123   96119  4245812  44.14
1970-1979       30      0.00131  0.00131  0.50   96057     125   95995  4149694  43.20
1970-1979       31      0.00158  0.00158  0.50   95932     151   95856  4053699  42.26
1970-1979       32      0.00153  0.00153  0.50   95780     147   95707  3957843  41.32
1970-1979       33      0.00159  0.00159  0.50   95634     152   95558  3862136  40.38
1970-1979       34      0.00164  0.00164  0.50   95482     157   95403  3766578  39.45
1970-1979       35      0.00177  0.00177  0.50   95325     169   95241  3671175  38.51
1970-1979       36      0.00172  0.00172  0.50   95156     164   95074  3575934  37.58
1970-1979       37      0.00204  0.00204  0.50   94993     194   94896  3480859  36.64
1970-1979       38      0.00214  0.00214  0.50   94799     203   94697  3385964  35.72
1970-1979       39      0.00242  0.00242  0.50   94596     229   94482  3291266  34.79
1970-1979       40      0.00280  0.00280  0.50   94367     264   94235  3196785  33.88
1970-1979       41      0.00303  0.00303  0.50   94103     285   93961  3102549  32.97
1970-1979       42      0.00325  0.00325  0.50   93818     305   93666  3008589  32.07
1970-1979       43      0.00352  0.00352  0.50   93514     329   93349  2914923  31.17
1970-1979       44      0.00399  0.00399  0.50   93185     371   92999  2821573  30.28
1970-1979       45      0.00400  0.00399  0.50   92813     371   92628  2728574  29.40
1970-1979       46      0.00414  0.00413  0.50   92443     382   92252  2635946  28.51
1970-1979       47      0.00497  0.00495  0.50   92061     456   91833  2543694  27.63
1970-1979       48      0.00557  0.00556  0.50   91605     509   91350  2451862  26.77
1970-1979       49      0.00567  0.00566  0.50   91096     515   90838  2360511  25.91
1970-1979       50      0.00651  0.00649  0.50   90581     588   90287  2269673  25.06
1970-1979       51      0.00732  0.00729  0.50   89993     656   89665  2179386  24.22
1970-1979       52      0.00777  0.00774  0.50   89336     692   88991  2089722  23.39
1970-1979       53      0.00827  0.00824  0.50   88645     730   88280  2000731  22.57
1970-1979       54      0.00940  0.00935  0.50   87915     822   87504  1912451  21.75
1970-1979       55      0.01104  0.01098  0.50   87092     956   86614  1824948  20.95
1970-1979       56      0.01194  0.01187  0.50   86136    1022   85625  1738334  20.18
1970-1979       57      0.01293  0.01285  0.50   85114    1094   84567  1652709  19.42
1970-1979       58      0.01335  0.01326  0.50   84020    1115   83463  1568142  18.66
1970-1979       59      0.01525  0.01514  0.50   82906    1255   82278  1484679  17.91
1970-1979       60      0.01596  0.01583  0.50   81651    1293   81004  1402401  17.18
1970-1979       61      0.01784  0.01768  0.50   80358    1421   79647  1321396  16.44
1970-1979       62      0.02002  0.01983  0.50   78937    1565   78154  1241749  15.73
1970-1979       63      0.02260  0.02235  0.50   77372    1729   76507  1163595  15.04
1970-1979       64      0.02454  0.02424  0.50   75643    1834   74726  1087087  14.37
1970-1979       65      0.02643  0.02608  0.50   73809    1925   72847  1012361  13.72
1970-1979       66      0.02871  0.02831  0.50   71884    2035   70867   939515  13.07
1970-1979       67      0.03358  0.03303  0.50   69849    2307   68696   868648  12.44
1970-1979       68      0.03570  0.03508  0.50   67542    2369   66358   799952  11.84
1970-1979       69      0.03642  0.03577  0.50   65173    2331   64007   733595  11.26
1970-1979       70      0.04162  0.04077  0.50   62842    2562   61561   669587  10.66
1970-1979       71      0.04617  0.04513  0.50   60279    2720   58919   608027  10.09
1970-1979       72      0.05256  0.05121  0.50   57559    2948   56085   549108   9.54
1970-1979       73      0.05559  0.05409  0.50   54611    2954   53134   493023   9.03
1970-1979       74      0.06405  0.06206  0.50   51657    3206   50055   439888   8.52
1970-1979       75      0.06648  0.06435  0.50   48452    3118   46893   389834   8.05
1970-1979       76      0.07503  0.07232  0.50   45334    3278   43695   342941   7.56
1970-1979       77      0.08370  0.08034  0.50   42056    3379   40366   299246   7.12
1970-1979       78      0.08850  0.08475  0.50   38677    3278   37038   258880   6.69
1970-1979       79      0.10300  0.09795  0.50   35399    3467   33665   221842   6.27
1970-1979       80      0.10688  0.10146  0.50   31931    3240   30312   188177   5.89
1970-1979       81      0.12332  0.11616  0.50   28692    3333   27025   157865   5.50
1970-1979       82      0.13107  0.12301  0.50   25359    3119   23799   130840   5.16
1970-1979       83      0.14843  0.13817  0.50   22240    3073   20703   107041   4.81
1970-1979       84      0.16316  0.15085  0.50   19167    2891   17721    86338   4.50
1970-1979       85      0.18440  0.16883  0.50   16275    2748   14901    68617   4.22
1970-1979       86      0.18490  0.16925  0.50   13527    2290   12383    53715   3.97
1970-1979       87      0.21744  0.19612  0.50   11238    2204   10136    41332   3.68
1970-1979       88      0.22583  0.20292  0.50    9034    1833    8117    31196   3.45
1970-1979       89      0.26424  0.23340  0.50    7201    1681    6361    23079   3.21
1970-1979       90      0.26633  0.23503  0.50    5520    1297    4871    16718   3.03
1970-1979       91      0.32082  0.27647  0.50    4223    1167    3639    11847   2.81
1970-1979       92      0.32248  0.27770  0.50    3055     848    2631     8208   2.69
1970-1979       93      0.34800  0.29642  0.50    2207     654    1880     5577   2.53
1970-1979       94      0.37443  0.31539  0.50    1553     490    1308     3697   2.38
1970-1979       95      0.40164  0.33447  0.50    1063     356     885     2389   2.25
1970-1979       96      0.42946  0.35354  0.50     707     250     582     1504   2.13
1970-1979       97      0.45771  0.37247  0.50     457     170     372      922   2.02
1970-1979       98      0.48618  0.39111  0.50     287     112     231      550   1.92
1970-1979       99      0.51470  0.40935  0.50     175      72     139      319   1.82
1970-1979      100      0.54304  0.42708  0.50     103      44      81      180   1.74
1970-1979      101      0.57102  0.44420  0.50      59      26      46       99   1.67
1970-1979      102      0.59845  0.46062  0.50      33      15      25       53   1.60
1970-1979      103      0.62516  0.47628  0.50      18       8      14       27   1.54
1970-1979      104      0.65100  0.49114  0.50       9       5       7       14   1.49
1970-1979      105      0.67585  0.50515  0.50       5       2       4        7   1.44
1970-1979      106      0.69960  0.51830  0.50       2       1       2        3   1.39
1970-1979      107      0.72217  0.53058  0.50       1       1       1        2   1.36
1970-1979      108      0.74351  0.54201  0.50       1       0       0        1   1.32
1970-1979      109      0.76359  0.55261  0.50       0       0       0        0   1.30
1970-1979      110+     0.78240  1.00000  1.28       0       0       0        0   1.28
1980-1989        0      0.01058  0.01048  0.13  100000    1048   99086  7354657  73.55
1980-1989        1      0.00072  0.00072  0.50   98952      72   98916  7255571  73.32
1980-1989        2      0.00054  0.00054  0.50   98880      54   98854  7156655  72.38
1980-1989        3      0.00043  0.00043  0.50   98827      42   98806  7057801  71.42
1980-1989        4      0.00029  0.00029  0.50   98785      28   98771  6958995  70.45
1980-1989        5      0.00045  0.00045  0.50   98756      45   98734  6860225  69.47
1980-1989        6      0.00034  0.00034  0.50   98712      33   98695  6761490  68.50
1980-1989        7      0.00022  0.00022  0.50   98679      21   98668  6662795  67.52
1980-1989        8      0.00024  0.00024  0.50   98657      24   98646  6564127  66.53
1980-1989        9      0.00014  0.00014  0.50   98634      14   98627  6465482  65.55
1980-1989       10      0.00028  0.00028  0.50   98620      28   98606  6366855  64.56
1980-1989       11      0.00016  0.00016  0.50   98592      16   98584  6268249  63.58
1980-1989       12      0.00022  0.00022  0.50   98576      22   98565  6169665  62.59
1980-1989       13      0.00015  0.00015  0.50   98554      15   98546  6071100  61.60
1980-1989       14      0.00057  0.00057  0.50   98539      56   98511  5972554  60.61
1980-1989       15      0.00035  0.00035  0.50   98483      34   98466  5874043  59.65
1980-1989       16      0.00059  0.00059  0.50   98448      58   98419  5775577  58.67
1980-1989       17      0.00054  0.00054  0.50   98390      53   98363  5677158  57.70
1980-1989       18      0.00116  0.00116  0.50   98337     114   98280  5578795  56.73
1980-1989       19      0.00137  0.00137  0.50   98223     134   98156  5480515  55.80
1980-1989       20      0.00106  0.00106  0.50   98089     104   98037  5382359  54.87
1980-1989       21      0.00118  0.00118  0.50   97985     115   97927  5284322  53.93
1980-1989       22      0.00104  0.00104  0.50   97869     101   97819  5186395  52.99
1980-1989       23      0.00104  0.00104  0.50   97768     101   97717  5088576  52.05
1980-1989       24      0.00079  0.00079  0.50   97667      77   97628  4990859  51.10
1980-1989       25      0.00114  0.00114  0.50   97590     112   97534  4893231  50.14
1980-1989       26      0.00121  0.00121  0.50   97478     118   97419  4795697  49.20
1980-1989       27      0.00132  0.00132  0.50   97360     129   97296  4698278  48.26
1980-1989       28      0.00113  0.00113  0.50   97232     110   97177  4600982  47.32
1980-1989       29      0.00109  0.00108  0.50   97122     105   97069  4503805  46.37
1980-1989       30      0.00075  0.00074  0.50   97017      72   96981  4406736  45.42
1980-1989       31      0.00122  0.00122  0.50   96944     118   96885  4309756  44.46
1980-1989       32      0.00093  0.00093  0.50   96826      90   96781  4212870  43.51
1980-1989       33      0.00097  0.00097  0.50   96737      94   96690  4116089  42.55
1980-1989       34      0.00126  0.00126  0.50   96643     122   96582  4019399  41.59
1980-1989       35      0.00138  0.00138  0.50   96521     133   96454  3922817  40.64
1980-1989       36      0.00137  0.00137  0.50   96387     132   96321  3826363  39.70
1980-1989       37      0.00164  0.00164  0.50   96255     158   96176  3730042  38.75
1980-1989       38      0.00177  0.00176  0.50   96097     170   96012  3633866  37.81
1980-1989       39      0.00212  0.00211  0.50   95927     203   95826  3537854  36.88
1980-1989       40      0.00238  0.00238  0.50   95725     228   95611  3442028  35.96
1980-1989       41      0.00210  0.00210  0.50   95497     201   95397  3346417  35.04
1980-1989       42      0.00293  0.00292  0.50   95296     278   95157  3251020  34.11
1980-1989       43      0.00278  0.00277  0.50   95018     263   94886  3155863  33.21
1980-1989       44      0.00281  0.00280  0.50   94755     266   94622  3060977  32.30
1980-1989       45      0.00313  0.00313  0.50   94489     296   94341  2966355  31.39
1980-1989       46      0.00358  0.00357  0.50   94193     336   94025  2872014  30.49
1980-1989       47      0.00420  0.00419  0.50   93857     393   93660  2777989  29.60
1980-1989       48      0.00466  0.00465  0.50   93464     434   93246  2684329  28.72
1980-1989       49      0.00509  0.00507  0.50   93029     472   92793  2591082  27.85
1980-1989       50      0.00506  0.00505  0.50   92557     467   92324  2498289  26.99
1980-1989       51      0.00574  0.00572  0.50   92090     527   91826  2405966  26.13
1980-1989       52      0.00687  0.00684  0.50   91563     627   91250  2314139  25.27
1980-1989       53      0.00750  0.00747  0.50   90936     679   90597  2222890  24.44
1980-1989       54      0.00746  0.00743  0.50   90257     670   89922  2132293  23.62
1980-1989       55      0.00877  0.00873  0.50   89587     782   89195  2042371  22.80
1980-1989       56      0.00954  0.00950  0.50   88804     843   88383  1953176  21.99
1980-1989       57      0.00943  0.00939  0.50   87961     826   87548  1864793  21.20
1980-1989       58      0.01157  0.01150  0.50   87135    1002   86634  1777246  20.40
1980-1989       59      0.01177  0.01170  0.50   86133    1008   85629  1690612  19.63
1980-1989       60      0.01339  0.01330  0.50   85124    1132   84558  1604983  18.85
1980-1989       61      0.01382  0.01373  0.50   83992    1153   83416  1520425  18.10
1980-1989       62      0.01586  0.01573  0.50   82839    1303   82188  1437009  17.35
1980-1989       63      0.01709  0.01694  0.50   81536    1382   80845  1354822  16.62
1980-1989       64      0.01884  0.01866  0.50   80154    1496   79407  1273976  15.89
1980-1989       65      0.02030  0.02010  0.50   78659    1581   77868  1194570  15.19
1980-1989       66      0.02272  0.02246  0.50   77078    1731   76212  1116701  14.49
1980-1989       67      0.02589  0.02556  0.50   75347    1926   74384  1040489  13.81
1980-1989       68      0.02698  0.02662  0.50   73421    1954   72444   966105  13.16
1980-1989       69      0.02941  0.02898  0.50   71467    2071   70431   893661  12.50
1980-1989       70      0.03308  0.03254  0.50   69396    2258   68267   823230  11.86
1980-1989       71      0.03526  0.03465  0.50   67138    2326   65974   754963  11.25
1980-1989       72      0.03980  0.03903  0.50   64811    2529   63547   688989  10.63
1980-1989       73      0.04456  0.04359  0.50   62282    2715   60925   625442  10.04
1980-1989       74      0.04856  0.04741  0.50   59567    2824   58155   564518   9.48
1980-1989       75      0.05591  0.05439  0.50   56743    3086   55200   506362   8.92
1980-1989       76      0.06108  0.05927  0.50   53657    3180   52067   451163   8.41
1980-1989       77      0.06499  0.06295  0.50   50477    3177   48888   399096   7.91
1980-1989       78      0.07362  0.07100  0.50   47299    3358   45620   350208   7.40
1980-1989       79      0.08326  0.07993  0.50   43941    3512   42185   304588   6.93
1980-1989       80      0.09488  0.09058  0.50   40428    3662   38597   262403   6.49
1980-1989       81      0.10768  0.10218  0.50   36766    3757   34888   223806   6.09
1980-1989       82      0.11333  0.10725  0.50   33009    3540   31239   188918   5.72
1980-1989       83      0.12646  0.11894  0.50   29469    3505   27717   157679   5.35
1980-1989       84      0.13766  0.12880  0.50   25964    3344   24292   129962   5.01
1980-1989       85      0.15049  0.13996  0.50   22620    3166   21037   105670   4.67
1980-1989       86      0.16911  0.15592  0.50   19454    3033   17938    84633   4.35
1980-1989       87      0.17987  0.16503  0.50   16421    2710   15066    66695   4.06
1980-1989       88      0.20822  0.18858  0.50   13711    2586   12418    51629   3.77
1980-1989       89      0.22269  0.20038  0.50   11125    2229   10011    39211   3.52
1980-1989       90      0.26163  0.23137  0.50    8896    2058    7867    29201   3.28
1980-1989       91      0.24399  0.21746  0.50    6838    1487    6094    21334   3.12
1980-1989       92      0.31082  0.26902  0.50    5351    1439    4631    15239   2.85
1980-1989       93      0.31696  0.27360  0.50    3911    1070    3376    10608   2.71
1980-1989       94      0.34315  0.29290  0.50    2841     832    2425     7232   2.55
1980-1989       95      0.37042  0.31254  0.50    2009     628    1695     4807   2.39
1980-1989       96      0.39863  0.33238  0.50    1381     459    1152     3112   2.25
1980-1989       97      0.42761  0.35229  0.50     922     325     760     1960   2.13
1980-1989       98      0.45718  0.37212  0.50     597     222     486     1201   2.01
1980-1989       99      0.48713  0.39172  0.50     375     147     302      714   1.91
1980-1989      100      0.51725  0.41096  0.50     228      94     181      413   1.81
1980-1989      101      0.54731  0.42972  0.50     134      58     105      232   1.72
1980-1989      102      0.57709  0.44786  0.50      77      34      59      126   1.65
1980-1989      103      0.60637  0.46530  0.50      42      20      32       67   1.58
1980-1989      104      0.63496  0.48195  0.50      23      11      17       34   1.51
1980-1989      105      0.66268  0.49775  0.50      12       6       9       17   1.46
1980-1989      106      0.68937  0.51266  0.50       6       3       4        8   1.41
1980-1989      107      0.71488  0.52664  0.50       3       2       2        4   1.36
1980-1989      108      0.73913  0.53968  0.50       1       1       1        2   1.33
1980-1989      109      0.76204  0.55179  0.50       1       0       0        1   1.30
1980-1989      110+     0.78355  1.00000  1.28       0       0       0        0   1.28
1990-1999        0      0.00605  0.00602  0.14  100000     602   99481  7624514  76.25
1990-1999        1      0.00045  0.00045  0.50   99398      44   99376  7525033  75.71
1990-1999        2      0.00048  0.00048  0.50   99354      48   99330  7425657  74.74
1990-1999        3      0.00024  0.00024  0.50   99306      24   99294  7326327  73.78
1990-1999        4      0.00027  0.00027  0.50   99282      27   99268  7227033  72.79
1990-1999        5      0.00035  0.00035  0.50   99255      35   99238  7127765  71.81
1990-1999        6      0.00022  0.00022  0.50   99220      22   99209  7028527  70.84
1990-1999        7      0.00018  0.00018  0.50   99198      18   99189  6929318  69.85
1990-1999        8      0.00010  0.00010  0.50   99180      10   99175  6830129  68.87
1990-1999        9      0.00015  0.00015  0.50   99170      15   99162  6730954  67.87
1990-1999       10      0.00017  0.00017  0.50   99155      17   99147  6631791  66.88
1990-1999       11      0.00015  0.00015  0.50   99138      15   99131  6532645  65.89
1990-1999       12      0.00026  0.00026  0.50   99123      26   99110  6433514  64.90
1990-1999       13      0.00009  0.00009  0.50   99097       9   99093  6334404  63.92
1990-1999       14      0.00018  0.00018  0.50   99088      18   99080  6235311  62.93
1990-1999       15      0.00027  0.00027  0.50   99071      27   99057  6136231  61.94
1990-1999       16      0.00050  0.00050  0.50   99044      49   99019  6037174  60.95
1990-1999       17      0.00052  0.00052  0.50   98994      51   98969  5938155  59.98
1990-1999       18      0.00087  0.00087  0.50   98943      86   98900  5839186  59.02
1990-1999       19      0.00093  0.00093  0.50   98857      92   98811  5740286  58.07
1990-1999       20      0.00077  0.00077  0.50   98765      76   98727  5641475  57.12
1990-1999       21      0.00116  0.00116  0.50   98689     115   98632  5542747  56.16
1990-1999       22      0.00079  0.00079  0.50   98575      78   98536  5444115  55.23
1990-1999       23      0.00079  0.00079  0.50   98497      78   98458  5345580  54.27
1990-1999       24      0.00088  0.00088  0.50   98419      87   98376  5247122  53.31
1990-1999       25      0.00072  0.00072  0.50   98332      71   98297  5148746  52.36
1990-1999       26      0.00072  0.00072  0.50   98261      70   98226  5050449  51.40
1990-1999       27      0.00092  0.00092  0.50   98191      90   98146  4952222  50.43
1990-1999       28      0.00084  0.00084  0.50   98101      82   98060  4854077  49.48
1990-1999       29      0.00104  0.00104  0.50   98019     102   97968  4756017  48.52
1990-1999       30      0.00090  0.00090  0.50   97917      88   97873  4658049  47.57
1990-1999       31      0.00114  0.00114  0.50   97830     112   97774  4560175  46.61
1990-1999       32      0.00101  0.00101  0.50   97718      99   97668  4462402  45.67
1990-1999       33      0.00117  0.00117  0.50   97619     114   97562  4364733  44.71
1990-1999       34      0.00124  0.00124  0.50   97504     121   97444  4267172  43.76
1990-1999       35      0.00144  0.00144  0.50   97384     140   97314  4169728  42.82
1990-1999       36      0.00155  0.00155  0.50   97244     151   97168  4072414  41.88
1990-1999       37      0.00132  0.00132  0.50   97093     128   97029  3975246  40.94
1990-1999       38      0.00159  0.00159  0.50   96965     154   96888  3878217  40.00
1990-1999       39      0.00184  0.00183  0.50   96811     178   96722  3781329  39.06
1990-1999       40      0.00170  0.00170  0.50   96633     164   96551  3684607  38.13
1990-1999       41      0.00200  0.00200  0.50   96469     193   96373  3588056  37.19
1990-1999       42      0.00224  0.00223  0.50   96277     215   96169  3491683  36.27
1990-1999       43      0.00249  0.00249  0.50   96062     239   95942  3395514  35.35
1990-1999       44      0.00233  0.00233  0.50   95823     223   95711  3299572  34.43
1990-1999       45      0.00279  0.00279  0.50   95599     266   95466  3203861  33.51
1990-1999       46      0.00333  0.00332  0.50   95333     317   95175  3108395  32.61
1990-1999       47      0.00280  0.00280  0.50   95016     266   94883  3013220  31.71
1990-1999       48      0.00366  0.00365  0.50   94750     346   94577  2918337  30.80
1990-1999       49      0.00411  0.00411  0.50   94404     388   94210  2823760  29.91
1990-1999       50      0.00441  0.00440  0.50   94017     414   93810  2729549  29.03
1990-1999       51      0.00495  0.00494  0.50   93603     463   93372  2635739  28.16
1990-1999       52      0.00499  0.00498  0.50   93140     463   92908  2542368  27.30
1990-1999       53      0.00587  0.00585  0.50   92677     542   92406  2449459  26.43
1990-1999       54      0.00644  0.00642  0.50   92135     592   91839  2357054  25.58
1990-1999       55      0.00662  0.00660  0.50   91543     604   91241  2265215  24.74
1990-1999       56      0.00775  0.00772  0.50   90939     702   90588  2173974  23.91
1990-1999       57      0.00813  0.00810  0.50   90237     731   89872  2083386  23.09
1990-1999       58      0.00766  0.00763  0.50   89506     683   89165  1993515  22.27
1990-1999       59      0.00930  0.00926  0.50   88824     823   88412  1904350  21.44
1990-1999       60      0.01093  0.01087  0.50   88001     956   87523  1815937  20.64
1990-1999       61      0.01077  0.01072  0.50   87045     933   86578  1728414  19.86
1990-1999       62      0.01232  0.01224  0.50   86112    1054   85585  1641836  19.07
1990-1999       63      0.01474  0.01463  0.50   85058    1245   84435  1556251  18.30
1990-1999       64      0.01440  0.01429  0.50   83813    1198   83214  1471816  17.56
1990-1999       65      0.01644  0.01631  0.50   82615    1347   81941  1388602  16.81
1990-1999       66      0.01693  0.01679  0.50   81268    1364   80586  1306660  16.08
1990-1999       67      0.01892  0.01874  0.50   79904    1497   79155  1226075  15.34
1990-1999       68      0.02159  0.02136  0.50   78406    1675   77569  1146920  14.63
1990-1999       69      0.02435  0.02406  0.50   76731    1846   75808  1069351  13.94
1990-1999       70      0.02660  0.02625  0.50   74885    1966   73902   993543  13.27
1990-1999       71      0.02587  0.02554  0.50   72919    1863   71988   919640  12.61
1990-1999       72      0.03114  0.03067  0.50   71057    2179   69967   847652  11.93
1990-1999       73      0.03541  0.03479  0.50   68878    2396   67679   777685  11.29
1990-1999       74      0.03830  0.03758  0.50   66481    2498   65232   710006  10.68
1990-1999       75      0.04273  0.04184  0.50   63983    2677   62645   644774  10.08
1990-1999       76      0.04545  0.04444  0.50   61306    2724   59944   582129   9.50
1990-1999       77      0.04932  0.04813  0.50   58582    2820   57172   522185   8.91
1990-1999       78      0.06190  0.06004  0.50   55762    3348   54088   465013   8.34
1990-1999       79      0.06211  0.06024  0.50   52414    3157   50835   410925   7.84
1990-1999       80      0.07679  0.07395  0.50   49257    3643   47435   360090   7.31
1990-1999       81      0.08004  0.07696  0.50   45614    3510   43859   312655   6.85
1990-1999       82      0.09329  0.08913  0.50   42104    3753   40227   268796   6.38
1990-1999       83      0.10292  0.09789  0.50   38351    3754   36474   228569   5.96
1990-1999       84      0.11484  0.10860  0.50   34597    3757   32718   192095   5.55
1990-1999       85      0.12925  0.12141  0.50   30839    3744   28967   159377   5.17
1990-1999       86      0.14296  0.13342  0.50   27095    3615   25288   130410   4.81
1990-1999       87      0.15625  0.14493  0.50   23480    3403   21779   105122   4.48
1990-1999       88      0.17883  0.16415  0.50   20077    3296   18429    83344   4.15
1990-1999       89      0.19263  0.17571  0.50   16781    2949   15307    64915   3.87
1990-1999       90      0.21060  0.19054  0.50   13833    2636   12515    49607   3.59
1990-1999       91      0.25252  0.22421  0.50   11197    2510    9942    37093   3.31
1990-1999       92      0.26230  0.23188  0.50    8687    2014    7679    27151   3.13
1990-1999       93      0.28660  0.25068  0.50    6672    1673    5836    19471   2.92
1990-1999       94      0.31132  0.26938  0.50    5000    1347    4326    13635   2.73
1990-1999       95      0.33930  0.29009  0.50    3653    1060    3123     9309   2.55
1990-1999       96      0.36857  0.31121  0.50    2593     807    2190     6186   2.39
1990-1999       97      0.39894  0.33260  0.50    1786     594    1489     3996   2.24
1990-1999       98      0.43022  0.35406  0.50    1192     422     981     2507   2.10
1990-1999       99      0.46216  0.37541  0.50     770     289     625     1526   1.98
1990-1999      100      0.49451  0.39648  0.50     481     191     386      901   1.87
1990-1999      101      0.52699  0.41709  0.50     290     121     230      515   1.77
1990-1999      102      0.55932  0.43708  0.50     169      74     132      285   1.69
1990-1999      103      0.59122  0.45633  0.50      95      43      74      153   1.61
1990-1999      104      0.62244  0.47470  0.50      52      25      39       80   1.54
1990-1999      105      0.65272  0.49211  0.50      27      13      21       40   1.48
1990-1999      106      0.68187  0.50850  0.50      14       7      10       20   1.42
1990-1999      107      0.70970  0.52382  0.50       7       4       5        9   1.37
1990-1999      108      0.73607  0.53805  0.50       3       2       2        4   1.33
1990-1999      109      0.76089  0.55119  0.50       1       1       1        2   1.30
1990-1999      110+     0.78409  1.00000  1.28       1       1       1        1   1.28
2000-2009        0      0.00361  0.00359  0.14  100000     359   99692  7901280  79.01
2000-2009        1      0.00029  0.00029  0.50   99641      29   99626  7801589  78.30
2000-2009        2      0.00023  0.00023  0.50   99612      23   99600  7701962  77.32
2000-2009        3      0.00024  0.00024  0.50   99589      24   99577  7602362  76.34
2000-2009        4      0.00033  0.00033  0.50   99564      33   99548  7502786  75.36
2000-2009        5      0.00009  0.00009  0.50   99532       9   99527  7403238  74.38
2000-2009        6      0.00005  0.00005  0.50   99523       5   99520  7303710  73.39
2000-2009        7      0.00007  0.00007  0.50   99518       7   99515  7204190  72.39
2000-2009        8      0.00019  0.00019  0.50   99511      19   99502  7104675  71.40
2000-2009        9      0.00012  0.00012  0.50   99492      12   99486  7005173  70.41
2000-2009       10      0.00010  0.00010  0.50   99481      10   99475  6905687  69.42
2000-2009       11      0.00009  0.00009  0.50   99470       9   99466  6806212  68.42
2000-2009       12      0.00016  0.00016  0.50   99462      16   99454  6706746  67.43
2000-2009       13      0.00018  0.00018  0.50   99446      18   99437  6607292  66.44
2000-2009       14      0.00023  0.00023  0.50   99428      23   99417  6507854  65.45
2000-2009       15      0.00013  0.00013  0.50   99405      13   99399  6408438  64.47
2000-2009       16      0.00020  0.00020  0.50   99392      20   99382  6309039  63.48
2000-2009       17      0.00023  0.00023  0.50   99372      23   99361  6209656  62.49
2000-2009       18      0.00057  0.00057  0.50   99350      57   99321  6110296  61.50
2000-2009       19      0.00059  0.00059  0.50   99293      58   99264  6010974  60.54
2000-2009       20      0.00055  0.00055  0.50   99235      54   99208  5911710  59.57
2000-2009       21      0.00084  0.00084  0.50   99181      83   99139  5812502  58.61
2000-2009       22      0.00061  0.00061  0.50   99098      60   99068  5713363  57.65
2000-2009       23      0.00053  0.00053  0.50   99037      52   99011  5614296  56.69
2000-2009       24      0.00054  0.00054  0.50   98985      54   98958  5515284  55.72
2000-2009       25      0.00059  0.00059  0.50   98932      59   98902  5416326  54.75
2000-2009       26      0.00064  0.00064  0.50   98873      63   98841  5317423  53.78
2000-2009       27      0.00068  0.00068  0.50   98810      67   98776  5218582  52.81
2000-2009       28      0.00063  0.00063  0.50   98743      62   98712  5119806  51.85
2000-2009       29      0.00077  0.00077  0.50   98681      76   98642  5021094  50.88
2000-2009       30      0.00078  0.00078  0.50   98604      77   98566  4922452  49.92
2000-2009       31      0.00055  0.00055  0.50   98527      54   98500  4823886  48.96
2000-2009       32      0.00084  0.00084  0.50   98473      82   98432  4725386  47.99
2000-2009       33      0.00077  0.00077  0.50   98391      75   98353  4626953  47.03
2000-2009       34      0.00083  0.00083  0.50   98316      81   98275  4528600  46.06
2000-2009       35      0.00075  0.00075  0.50   98234      74   98198  4430325  45.10
2000-2009       36      0.00095  0.00095  0.50   98161      93   98114  4332127  44.13
2000-2009       37      0.00089  0.00089  0.50   98068      87   98024  4234013  43.17
2000-2009       38      0.00126  0.00126  0.50   97980     124   97918  4135989  42.21
2000-2009       39      0.00113  0.00113  0.50   97857     110   97801  4038071  41.27
2000-2009       40      0.00093  0.00093  0.50   97746      91   97701  3940269  40.31
2000-2009       41      0.00124  0.00124  0.50   97655     121   97595  3842568  39.35
2000-2009       42      0.00151  0.00151  0.50   97534     147   97461  3744974  38.40
2000-2009       43      0.00175  0.00175  0.50   97387     170   97302  3647513  37.45
2000-2009       44      0.00192  0.00192  0.50   97217     186   97124  3550211  36.52
2000-2009       45      0.00203  0.00203  0.50   97031     197   96932  3453087  35.59
2000-2009       46      0.00204  0.00204  0.50   96834     198   96735  3356155  34.66
2000-2009       47      0.00245  0.00245  0.50   96636     237   96518  3259420  33.73
2000-2009       48      0.00296  0.00296  0.50   96399     285   96257  3162902  32.81
2000-2009       49      0.00296  0.00296  0.50   96114     284   95972  3066646  31.91
2000-2009       50      0.00363  0.00362  0.50   95830     347   95656  2970674  31.00
2000-2009       51      0.00376  0.00375  0.50   95483     358   95304  2875017  30.11
2000-2009       52      0.00438  0.00437  0.50   95125     415   94917  2779713  29.22
2000-2009       53      0.00450  0.00449  0.50   94710     425   94497  2684796  28.35
2000-2009       54      0.00463  0.00462  0.50   94285     435   94067  2590299  27.47
2000-2009       55      0.00497  0.00495  0.50   93849     465   93617  2496232  26.60
2000-2009       56      0.00630  0.00628  0.50   93385     586   93091  2402615  25.73
2000-2009       57      0.00662  0.00660  0.50   92798     612   92492  2309524  24.89
2000-2009       58      0.00723  0.00720  0.50   92186     664   91854  2217032  24.05
2000-2009       59      0.00730  0.00728  0.50   91522     666   91189  2125178  23.22
2000-2009       60      0.00818  0.00814  0.50   90856     740   90486  2033989  22.39
2000-2009       61      0.00892  0.00888  0.50   90116     800   89716  1943503  21.57
2000-2009       62      0.00986  0.00981  0.50   89316     876   88878  1853787  20.76
2000-2009       63      0.01151  0.01144  0.50   88440    1012   87934  1764909  19.96
2000-2009       64      0.01207  0.01200  0.50   87428    1049   86903  1676975  19.18
2000-2009       65      0.01193  0.01186  0.50   86379    1025   85867  1590072  18.41
2000-2009       66      0.01442  0.01432  0.50   85355    1222   84743  1504205  17.62
2000-2009       67      0.01525  0.01514  0.50   84132    1273   83495  1419462  16.87
2000-2009       68      0.01670  0.01656  0.50   82859    1372   82173  1335966  16.12
2000-2009       69      0.01825  0.01809  0.50   81487    1474   80750  1253794  15.39
2000-2009       70      0.01916  0.01898  0.50   80013    1519   79254  1173044  14.66
2000-2009       71      0.02200  0.02176  0.50   78494    1708   77640  1093791  13.93
2000-2009       72      0.02617  0.02583  0.50   76786    1983   75795  1016150  13.23
2000-2009       73      0.02605  0.02571  0.50   74803    1923   73841   940356  12.57
2000-2009       74      0.03104  0.03057  0.50   72880    2228   71766   866514  11.89
2000-2009       75      0.03279  0.03226  0.50   70652    2279   69512   794749  11.25
2000-2009       76      0.03665  0.03599  0.50   68373    2461   67142   725236  10.61
2000-2009       77      0.04018  0.03938  0.50   65912    2596   64614   658094   9.98
2000-2009       78      0.04678  0.04572  0.50   63316    2895   61869   593480   9.37
2000-2009       79      0.05117  0.04989  0.50   60422    3015   58914   531611   8.80
2000-2009       80      0.05534  0.05385  0.50   57407    3091   55861   472697   8.23
2000-2009       81      0.06353  0.06157  0.50   54316    3344   52644   416835   7.67
2000-2009       82      0.07603  0.07325  0.50   50972    3734   49105   364192   7.14
2000-2009       83      0.08284  0.07955  0.50   47238    3758   45359   315087   6.67
2000-2009       84      0.09166  0.08764  0.50   43480    3811   41575   269728   6.20
2000-2009       85      0.10462  0.09942  0.50   39670    3944   37698   228153   5.75
2000-2009       86      0.11752  0.11100  0.50   35726    3965   33743   190455   5.33
2000-2009       87      0.13565  0.12704  0.50   31760    4035   29743   156712   4.93
2000-2009       88      0.15594  0.14466  0.50   27726    4011   25720   126969   4.58
2000-2009       89      0.17140  0.15787  0.50   23715    3744   21843   101249   4.27
2000-2009       90      0.20315  0.18441  0.50   19971    3683   18129    79406   3.98
2000-2009       91      0.20385  0.18499  0.50   16288    3013   14781    61276   3.76
2000-2009       92      0.21527  0.19435  0.50   13275    2580   11985    46495   3.50
2000-2009       93      0.24772  0.22042  0.50   10695    2357    9516    34510   3.23
2000-2009       94      0.25426  0.22559  0.50    8338    1881    7397    24994   3.00
2000-2009       95      0.30889  0.26757  0.50    6457    1728    5593    17597   2.73
2000-2009       96      0.33847  0.28948  0.50    4729    1369    4045    12004   2.54
2000-2009       97      0.36943  0.31183  0.50    3360    1048    2836     7959   2.37
2000-2009       98      0.40157  0.33442  0.50    2312     773    1926     5123   2.22
2000-2009       99      0.43464  0.35705  0.50    1539     550    1264     3197   2.08
2000-2009      100      0.46837  0.37950  0.50     990     376     802     1933   1.95
2000-2009      101      0.50245  0.40157  0.50     614     247     491     1131   1.84
2000-2009      102      0.53657  0.42306  0.50     367     155     290      641   1.74
2000-2009      103      0.57040  0.44382  0.50     212      94     165      351   1.65
2000-2009      104      0.60364  0.46369  0.50     118      55      91      186   1.58
2000-2009      105      0.63600  0.48255  0.50      63      31      48       95   1.51
2000-2009      106      0.66721  0.50031  0.50      33      16      25       47   1.45
2000-2009      107      0.69706  0.51690  0.50      16       8      12       23   1.39
2000-2009      108      0.72537  0.53231  0.50       8       4       6       11   1.35
2000-2009      109      0.75200  0.54651  0.50       4       2       3        5   1.31
2000-2009      110+     0.77687  1.00000  1.29       2       2       2        2   1.29
2010-2019        0      0.00357  0.00356  0.14  100000     356   99695  8164485  81.64
2010-2019        1      0.00021  0.00021  0.50   99644      21   99634  8064791  80.94
2010-2019        2      0.00014  0.00014  0.50   99623      14   99616  7965157  79.95
2010-2019        3      0.00008  0.00008  0.50   99609       8   99605  7865541  78.96
2010-2019        4      0.00016  0.00016  0.50   99601      16   99593  7765936  77.97
2010-2019        5      0.00005  0.00005  0.50   99585       5   99583  7666343  76.98
2010-2019        6      0.00008  0.00008  0.50   99581       8   99577  7566760  75.99
2010-2019        7      0.00003  0.00003  0.50   99573       3   99571  7467183  74.99
2010-2019        8      0.00002  0.00002  0.50   99569       2   99569  7367612  73.99
2010-2019        9      0.00005  0.00005  0.50   99568       5   99565  7268043  73.00
2010-2019       10      0.00003  0.00003  0.50   99563       3   99561  7168478  72.00
2010-2019       11      0.00006  0.00006  0.50   99560       6   99557  7068917  71.00
2010-2019       12      0.00006  0.00006  0.50   99553       6   99550  6969360  70.01
2010-2019       13      0.00006  0.00006  0.50   99547       6   99544  6869810  69.01
2010-2019       14      0.00009  0.00009  0.50   99541       9   99536  6770266  68.01
2010-2019       15      0.00016  0.00016  0.50   99531      16   99524  6670730  67.02
2010-2019       16      0.00025  0.00025  0.50   99516      25   99503  6571206  66.03
2010-2019       17      0.00023  0.00023  0.50   99491      23   99480  6471703  65.05
2010-2019       18      0.00025  0.00025  0.50   99468      24   99456  6372223  64.06
2010-2019       19      0.00035  0.00035  0.50   99444      35   99426  6272767  63.08
2010-2019       20      0.00035  0.00035  0.50   99409      34   99392  6173341  62.10
2010-2019       21      0.00041  0.00041  0.50   99374      41   99354  6073949  61.12
2010-2019       22      0.00029  0.00029  0.50   99333      29   99319  5974596  60.15
2010-2019       23      0.00034  0.00034  0.50   99304      34   99288  5875277  59.16
2010-2019       24      0.00029  0.00029  0.50   99271      28   99256  5775989  58.18
2010-2019       25      0.00026  0.00026  0.50   99242      26   99229  5676733  57.20
2010-2019       26      0.00033  0.00033  0.50   99216      33   99200  5577504  56.22
2010-2019       27      0.00028  0.00028  0.50   99184      28   99170  5478303  55.23
2010-2019       28      0.00047  0.00047  0.50   99156      46   99133  5379134  54.25
2010-2019       29      0.00046  0.00046  0.50   99109      46   99087  5280001  53.27
2010-2019       30      0.00053  0.00053  0.50   99064      52   99038  5180914  52.30
2010-2019       31      0.00035  0.00035  0.50   99012      35   98994  5081877  51.33
2010-2019       32      0.00045  0.00045  0.50   98977      45   98955  4982882  50.34
2010-2019       33      0.00042  0.00042  0.50   98932      41   98912  4883928  49.37
2010-2019       34      0.00048  0.00048  0.50   98891      48   98867  4785016  48.39
2010-2019       35      0.00046  0.00046  0.50   98844      45   98821  4686148  47.41
2010-2019       36      0.00050  0.00050  0.50   98798      50   98773  4587327  46.43
2010-2019       37      0.00063  0.00063  0.50   98749      62   98717  4488554  45.45
2010-2019       38      0.00074  0.00074  0.50   98686      73   98650  4389837  44.48
2010-2019       39      0.00076  0.00076  0.50   98614      75   98576  4291187  43.52
2010-2019       40      0.00085  0.00085  0.50   98539      84   98497  4192610  42.55
2010-2019       41      0.00079  0.00079  0.50   98455      78   98416  4094113  41.58
2010-2019       42      0.00091  0.00091  0.50   98377      89   98333  3995697  40.62
2010-2019       43      0.00108  0.00108  0.50   98288     107   98235  3897365  39.65
2010-2019       44      0.00102  0.00102  0.50   98181     101   98131  3799130  38.70
2010-2019       45      0.00153  0.00153  0.50   98081     150   98006  3700999  37.73
2010-2019       46      0.00157  0.00157  0.50   97931     154   97854  3602993  36.79
2010-2019       47      0.00165  0.00165  0.50   97777     161   97697  3505138  35.85
2010-2019       48      0.00202  0.00202  0.50   97616     197   97517  3407442  34.91
2010-2019       49      0.00213  0.00213  0.50   97419     208   97315  3309924  33.98
2010-2019       50      0.00239  0.00238  0.50   97211     232   97095  3212609  33.05
2010-2019       51      0.00278  0.00277  0.50   96980     269   96845  3115514  32.13
2010-2019       52      0.00308  0.00308  0.50   96711     298   96562  3018669  31.21
2010-2019       53      0.00324  0.00323  0.50   96413     312   96257  2922107  30.31
2010-2019       54      0.00353  0.00353  0.50   96101     339   95932  2825850  29.40
2010-2019       55      0.00384  0.00383  0.50   95762     367   95579  2729919  28.51
2010-2019       56      0.00431  0.00430  0.50   95395     411   95190  2634340  27.61
2010-2019       57      0.00445  0.00444  0.50   94985     422   94774  2539150  26.73
2010-2019       58      0.00545  0.00544  0.50   94563     514   94306  2444376  25.85
2010-2019       59      0.00582  0.00580  0.50   94049     546   93776  2350069  24.99
2010-2019       60      0.00620  0.00618  0.50   93503     578   93214  2256293  24.13
2010-2019       61      0.00743  0.00740  0.50   92925     688   92581  2163079  23.28
2010-2019       62      0.00777  0.00774  0.50   92237     714   91880  2070498  22.45
2010-2019       63      0.00872  0.00868  0.50   91524     795   91126  1978618  21.62
2010-2019       64      0.00902  0.00898  0.50   90729     814   90322  1887491  20.80
2010-2019       65      0.00981  0.00977  0.50   89915     878   89476  1797169  19.99
2010-2019       66      0.01075  0.01069  0.50   89037     952   88561  1707694  19.18
2010-2019       67      0.01224  0.01216  0.50   88085    1071   87549  1619133  18.38
2010-2019       68      0.01387  0.01377  0.50   87013    1198   86414  1531584  17.60
2010-2019       69      0.01535  0.01524  0.50   85815    1308   85162  1445170  16.84
2010-2019       70      0.01563  0.01551  0.50   84508    1311   83853  1360008  16.09
2010-2019       71      0.01742  0.01727  0.50   83197    1437   82479  1276156  15.34
2010-2019       72      0.01883  0.01865  0.50   81760    1525   80998  1193677  14.60
2010-2019       73      0.02117  0.02094  0.50   80235    1680   79395  1112679  13.87
2010-2019       74      0.02413  0.02384  0.50   78555    1873   77618  1033284  13.15
2010-2019       75      0.02686  0.02650  0.50   76682    2032   75666   955666  12.46
2010-2019       76      0.02766  0.02728  0.50   74650    2036   73631   880000  11.79
2010-2019       77      0.03248  0.03196  0.50   72613    2321   71453   806369  11.10
2010-2019       78      0.03354  0.03299  0.50   70292    2319   69133   734916  10.46
2010-2019       79      0.03731  0.03663  0.50   67974    2490   66729   665783   9.79
2010-2019       80      0.04416  0.04321  0.50   65484    2829   64069   599054   9.15
2010-2019       81      0.05013  0.04891  0.50   62654    3064   61122   534985   8.54
2010-2019       82      0.05819  0.05654  0.50   59590    3370   57905   473863   7.95
2010-2019       83      0.06718  0.06500  0.50   56221    3654   54393   415957   7.40
2010-2019       84      0.07780  0.07489  0.50   52566    3937   50598   361564   6.88
2010-2019       85      0.08188  0.07866  0.50   48630    3825   46717   310966   6.39
2010-2019       86      0.09906  0.09438  0.50   44804    4229   42690   264249   5.90
2010-2019       87      0.11302  0.10697  0.50   40576    4340   38405   221559   5.46
2010-2019       88      0.12785  0.12017  0.50   36235    4354   34058   183154   5.05
2010-2019       89      0.14393  0.13427  0.50   31881    4281   29740   149096   4.68
2010-2019       90      0.16268  0.15044  0.50   27600    4152   25524   119355   4.32
2010-2019       91      0.18462  0.16901  0.50   23448    3963   21466    93831   4.00
2010-2019       92      0.20492  0.18588  0.50   19485    3622   17674    72365   3.71
2010-2019       93      0.22386  0.20133  0.50   15863    3194   14266    54691   3.45
2010-2019       94      0.24358  0.21714  0.50   12669    2751   11294    40425   3.19
2010-2019       95      0.27678  0.24313  0.50    9918    2411    8713    29131   2.94
2010-2019       96      0.30634  0.26565  0.50    7507    1994    6510    20418   2.72
2010-2019       97      0.33775  0.28896  0.50    5513    1593    4716    13908   2.52
2010-2019       98      0.37082  0.31282  0.50    3920    1226    3307     9192   2.35
2010-2019       99      0.40531  0.33701  0.50    2694     908    2240     5885   2.18
2010-2019      100      0.44092  0.36127  0.50    1786     645    1463     3646   2.04
2010-2019      101      0.47730  0.38534  0.50    1141     440     921     2182   1.91
2010-2019      102      0.51406  0.40895  0.50     701     287     558     1261   1.80
2010-2019      103      0.55080  0.43187  0.50     414     179     325      704   1.70
2010-2019      104      0.58712  0.45388  0.50     235     107     182      379   1.61
2010-2019      105      0.62261  0.47480  0.50     129      61      98      197   1.53
2010-2019      106      0.65692  0.49450  0.50      68      33      51       99   1.46
2010-2019      107      0.68975  0.51287  0.50      34      18      25       48   1.40
2010-2019      108      0.72082  0.52986  0.50      17       9      12       22   1.35
2010-2019      109      0.74997  0.54544  0.50       8       4       6       10   1.31
2010-2019      110+     0.77705  1.00000  1.29       4       4       5        5   1.29
2020-2022        0      0.00372  0.00371  0.14  100000     371   99682  8243484  82.43
2020-2022        1      0.00015  0.00015  0.50   99629      15   99622  8143803  81.74
2020-2022        2      0.00000  0.00000  0.50   99614       0   99614  8044181  80.75
2020-2022        3      0.00010  0.00010  0.50   99614      10   99609  7944567  79.75
2020-2022        4      0.00000  0.00000  0.50   99604       0   99604  7844958  78.76
2020-2022        5      0.00005  0.00005  0.50   99604       5   99602  7745354  77.76
2020-2022        6      0.00010  0.00010  0.50   99599      10   99595  7645752  76.76
2020-2022        7      0.00010  0.00010  0.50   99590      10   99585  7546157  75.77
2020-2022        8      0.00014  0.00014  0.50   99580      14   99573  7446572  74.78
2020-2022        9      0.00010  0.00010  0.50   99566      10   99561  7346999  73.79
2020-2022       10      0.00010  0.00010  0.50   99556      10   99551  7247438  72.80
2020-2022       11      0.00000  0.00000  0.50   99547       0   99547  7147886  71.80
2020-2022       12      0.00000  0.00000  0.50   99547       0   99547  7048340  70.80
2020-2022       13      0.00010  0.00010  0.50   99547      10   99542  6948793  69.80
2020-2022       14      0.00005  0.00005  0.50   99537       5   99534  6849251  68.81
2020-2022       15      0.00030  0.00030  0.50   99532      30   99517  6749717  67.81
2020-2022       16      0.00015  0.00015  0.50   99502      15   99494  6650200  66.83
2020-2022       17      0.00015  0.00015  0.50   99487      15   99479  6550705  65.84
2020-2022       18      0.00045  0.00045  0.50   99472      45   99450  6451226  64.85
2020-2022       19      0.00048  0.00048  0.50   99427      48   99403  6351776  63.88
2020-2022       20      0.00023  0.00023  0.50   99379      23   99367  6252373  62.91
2020-2022       21      0.00046  0.00046  0.50   99356      45   99333  6153006  61.93
2020-2022       22      0.00013  0.00013  0.50   99310      13   99304  6053673  60.96
2020-2022       23      0.00021  0.00021  0.50   99297      20   99287  5954369  59.97
2020-2022       24      0.00031  0.00031  0.50   99277      31   99262  5855082  58.98
2020-2022       25      0.00029  0.00029  0.50   99246      29   99232  5755820  58.00
2020-2022       26      0.00056  0.00056  0.50   99217      56   99189  5656588  57.01
2020-2022       27      0.00010  0.00010  0.50   99161      10   99156  5557399  56.04
2020-2022       28      0.00040  0.00040  0.50   99151      40   99131  5458243  55.05
2020-2022       29      0.00023  0.00023  0.50   99112      23   99100  5359111  54.07
2020-2022       30      0.00020  0.00020  0.50   99089      19   99079  5260011  53.08
2020-2022       31      0.00019  0.00019  0.50   99069      19   99060  5160932  52.09
2020-2022       32      0.00045  0.00045  0.50   99050      45   99028  5061872  51.10
2020-2022       33      0.00029  0.00029  0.50   99006      29   98991  4962845  50.13
2020-2022       34      0.00046  0.00046  0.50   98977      45   98954  4863853  49.14
2020-2022       35      0.00040  0.00040  0.50   98932      39   98912  4764899  48.16
2020-2022       36      0.00053  0.00053  0.50   98892      53   98866  4665987  47.18
2020-2022       37      0.00047  0.00047  0.50   98840      46   98816  4567121  46.21
2020-2022       38      0.00050  0.00050  0.50   98793      49   98769  4468304  45.23
2020-2022       39      0.00056  0.00056  0.50   98744      55   98716  4369536  44.25
2020-2022       40      0.00080  0.00080  0.50   98688      79   98649  4270820  43.28
2020-2022       41      0.00077  0.00077  0.50   98609      76   98571  4172171  42.31
2020-2022       42      0.00086  0.00086  0.50   98533      85   98491  4073600  41.34
2020-2022       43      0.00076  0.00076  0.50   98448      75   98411  3975109  40.38
2020-2022       44      0.00074  0.00074  0.50   98373      73   98337  3876698  39.41
2020-2022       45      0.00117  0.00117  0.50   98300     115   98243  3778362  38.44
2020-2022       46      0.00123  0.00123  0.50   98185     120   98125  3680119  37.48
2020-2022       47      0.00130  0.00130  0.50   98065     128   98001  3581993  36.53
2020-2022       48      0.00170  0.00170  0.50   97937     166   97854  3483992  35.57
2020-2022       49      0.00186  0.00186  0.50   97771     182   97681  3386138  34.63
2020-2022       50      0.00175  0.00174  0.50   97590     170   97505  3288457  33.70
2020-2022       51      0.00227  0.00227  0.50   97420     221   97309  3190953  32.75
2020-2022       52      0.00230  0.00229  0.50   97198     223   97087  3093644  31.83
2020-2022       53      0.00218  0.00218  0.50   96976     211   96870  2996557  30.90
2020-2022       54      0.00277  0.00277  0.50   96764     268   96630  2899687  29.97
2020-2022       55      0.00341  0.00340  0.50   96496     329   96332  2803056  29.05
2020-2022       56      0.00380  0.00380  0.50   96168     365   95985  2706724  28.15
2020-2022       57      0.00432  0.00431  0.50   95803     413   95596  2610739  27.25
2020-2022       58      0.00514  0.00512  0.50   95390     489   95145  2515143  26.37
2020-2022       59      0.00531  0.00530  0.50   94901     503   94650  2419998  25.50
2020-2022       60      0.00545  0.00543  0.50   94399     513   94142  2325348  24.63
2020-2022       61      0.00587  0.00585  0.50   93886     550   93611  2231205  23.77
2020-2022       62      0.00660  0.00657  0.50   93336     614   93030  2137594  22.90
2020-2022       63      0.00706  0.00704  0.50   92723     653   92396  2044565  22.05
2020-2022       64      0.01054  0.01048  0.50   92070     965   91588  1952168  21.20
2020-2022       65      0.00982  0.00977  0.50   91105     890   90660  1860581  20.42
2020-2022       66      0.00925  0.00921  0.50   90215     831   89800  1769921  19.62
2020-2022       67      0.01218  0.01211  0.50   89385    1083   88843  1680121  18.80
2020-2022       68      0.01370  0.01361  0.50   88302    1202   87701  1591278  18.02
2020-2022       69      0.01289  0.01281  0.50   87100    1116   86542  1503577  17.26
2020-2022       70      0.01467  0.01456  0.50   85984    1252   85358  1417034  16.48
2020-2022       71      0.01636  0.01623  0.50   84732    1375   84045  1331676  15.72
2020-2022       72      0.01829  0.01813  0.50   83357    1511   82602  1247631  14.97
2020-2022       73      0.01846  0.01829  0.50   81846    1497   81098  1165029  14.23
2020-2022       74      0.02125  0.02102  0.50   80349    1689   79504  1083932  13.49
2020-2022       75      0.02231  0.02206  0.50   78660    1735   77792  1004427  12.77
2020-2022       76      0.02438  0.02409  0.50   76924    1853   75998   926636  12.05
2020-2022       77      0.02975  0.02932  0.50   75071    2201   73971   850638  11.33
2020-2022       78      0.03199  0.03148  0.50   72871    2294   71724   776667  10.66
2020-2022       79      0.03969  0.03892  0.50   70576    2747   69203   704943   9.99
2020-2022       80      0.04126  0.04043  0.50   67830    2742   66458   635740   9.37
2020-2022       81      0.04904  0.04787  0.50   65087    3115   63530   569282   8.75
2020-2022       82      0.05580  0.05428  0.50   61972    3364   60290   505752   8.16
2020-2022       83      0.06133  0.05950  0.50   58608    3487   56864   445462   7.60
2020-2022       84      0.06846  0.06620  0.50   55120    3649   53296   388598   7.05
2020-2022       85      0.07780  0.07489  0.50   51472    3855   49544   335302   6.51
2020-2022       86      0.09648  0.09204  0.50   47617    4383   45425   285758   6.00
2020-2022       87      0.10813  0.10258  0.50   43234    4435   41017   240333   5.56
2020-2022       88      0.11851  0.11188  0.50   38799    4341   36629   199316   5.14
2020-2022       89      0.14295  0.13341  0.50   34458    4597   32160   162687   4.72
2020-2022       90      0.16241  0.15021  0.50   29861    4485   27618   130528   4.37
2020-2022       91      0.18385  0.16838  0.50   25376    4273   23239   102910   4.06
2020-2022       92      0.20316  0.18443  0.50   21103    3892   19157    79670   3.78
2020-2022       93      0.21279  0.19232  0.50   17211    3310   15556    60513   3.52
2020-2022       94      0.24238  0.21618  0.50   13901    3005   12398    44957   3.23
2020-2022       95      0.26977  0.23770  0.50   10896    2590    9601    32559   2.99
2020-2022       96      0.29920  0.26026  0.50    8306    2162    7225    22958   2.76
2020-2022       97      0.33058  0.28369  0.50    6144    1743    5273    15733   2.56
2020-2022       98      0.36375  0.30777  0.50    4401    1355    3724    10460   2.38
2020-2022       99      0.39849  0.33228  0.50    3047    1012    2540     6736   2.21
2020-2022      100      0.43449  0.35695  0.50    2034     726    1671     4196   2.06
2020-2022      101      0.47141  0.38149  0.50    1308     499    1059     2525   1.93
2020-2022      102      0.50885  0.40564  0.50     809     328     645     1466   1.81
2020-2022      103      0.54637  0.42914  0.50     481     206     378      821   1.71
2020-2022      104      0.58354  0.45173  0.50     275     124     213      443   1.62
2020-2022      105      0.61991  0.47323  0.50     151      71     115      231   1.53
2020-2022      106      0.65511  0.49347  0.50      79      39      60      116   1.46
2020-2022      107      0.68877  0.51233  0.50      40      21      30       56   1.40
2020-2022      108      0.72063  0.52975  0.50      20      10      14       26   1.35
2020-2022      109      0.75046  0.54570  0.50       9       5       7       12   1.31
2020-2022      110+     0.77813  1.00000  1.29       4       4       5        5   1.29
