Taiwan, Life tables (period 1x10), Total	Last modified: 18 Sep 2023;  Methods Protocol: v6 (2017)

  Year          Age         mx       qx    ax      lx      dx      Lx       Tx     ex
1970-1979        0      0.01349  0.01334  0.12  100000    1334   98829  7039215  70.39
1970-1979        1      0.00353  0.00353  0.50   98666     348   98492  6940386  70.34
1970-1979        2      0.00199  0.00198  0.50   98318     195   98221  6841894  69.59
1970-1979        3      0.00123  0.00123  0.50   98123     120   98063  6743673  68.73
1970-1979        4      0.00085  0.00085  0.50   98003      84   97961  6645610  67.81
1970-1979        5      0.00069  0.00069  0.50   97919      67   97886  6547649  66.87
1970-1979        6      0.00059  0.00059  0.50   97852      58   97823  6449763  65.91
1970-1979        7      0.00052  0.00052  0.50   97794      51   97769  6351940  64.95
1970-1979        8      0.00047  0.00047  0.50   97743      46   97720  6254172  63.99
1970-1979        9      0.00043  0.00043  0.50   97697      42   97676  6156451  63.02
1970-1979       10      0.00042  0.00042  0.50   97656      41   97635  6058775  62.04
1970-1979       11      0.00042  0.00042  0.50   97615      41   97594  5961140  61.07
1970-1979       12      0.00046  0.00046  0.50   97574      45   97552  5863546  60.09
1970-1979       13      0.00050  0.00050  0.50   97529      48   97505  5765994  59.12
1970-1979       14      0.00056  0.00056  0.50   97481      55   97454  5668489  58.15
1970-1979       15      0.00070  0.00070  0.50   97426      68   97392  5571035  57.18
1970-1979       16      0.00084  0.00084  0.50   97358      82   97317  5473643  56.22
1970-1979       17      0.00097  0.00097  0.50   97276      94   97229  5376326  55.27
1970-1979       18      0.00113  0.00113  0.50   97182     109   97127  5279097  54.32
1970-1979       19      0.00118  0.00118  0.50   97072     115   97015  5181970  53.38
1970-1979       20      0.00117  0.00116  0.50   96958     113   96901  5084955  52.45
1970-1979       21      0.00119  0.00119  0.50   96845     115   96787  4988054  51.51
1970-1979       22      0.00127  0.00127  0.50   96730     123   96669  4891266  50.57
1970-1979       23      0.00138  0.00137  0.50   96607     133   96541  4794597  49.63
1970-1979       24      0.00142  0.00142  0.50   96474     137   96406  4698057  48.70
1970-1979       25      0.00139  0.00139  0.50   96338     134   96271  4601650  47.77
1970-1979       26      0.00139  0.00139  0.50   96204     134   96137  4505379  46.83
1970-1979       27      0.00139  0.00139  0.50   96070     134   96004  4409242  45.90
1970-1979       28      0.00147  0.00147  0.50   95937     141   95866  4313238  44.96
1970-1979       29      0.00146  0.00146  0.50   95796     140   95726  4217372  44.02
1970-1979       30      0.00154  0.00154  0.50   95656     147   95583  4121646  43.09
1970-1979       31      0.00167  0.00167  0.50   95509     160   95429  4026063  42.15
1970-1979       32      0.00181  0.00181  0.50   95349     173   95263  3930634  41.22
1970-1979       33      0.00190  0.00189  0.50   95177     180   95087  3835371  40.30
1970-1979       34      0.00202  0.00202  0.50   94996     192   94901  3740285  39.37
1970-1979       35      0.00213  0.00212  0.50   94805     201   94704  3645384  38.45
1970-1979       36      0.00228  0.00228  0.50   94603     216   94495  3550680  37.53
1970-1979       37      0.00239  0.00239  0.50   94388     225   94275  3456185  36.62
1970-1979       38      0.00258  0.00258  0.50   94162     243   94041  3361910  35.70
1970-1979       39      0.00284  0.00284  0.50   93919     267   93786  3267869  34.79
1970-1979       40      0.00305  0.00305  0.50   93653     286   93510  3174083  33.89
1970-1979       41      0.00329  0.00328  0.50   93367     307   93214  3080573  32.99
1970-1979       42      0.00355  0.00354  0.50   93061     330   92896  2987359  32.10
1970-1979       43      0.00374  0.00373  0.50   92731     346   92558  2894463  31.21
1970-1979       44      0.00413  0.00412  0.50   92385     381   92194  2801906  30.33
1970-1979       45      0.00435  0.00434  0.50   92004     399   91805  2709711  29.45
1970-1979       46      0.00474  0.00473  0.50   91605     433   91389  2617907  28.58
1970-1979       47      0.00512  0.00511  0.50   91172     466   90939  2526518  27.71
1970-1979       48      0.00560  0.00559  0.50   90707     507   90453  2435579  26.85
1970-1979       49      0.00604  0.00602  0.50   90200     543   89928  2345125  26.00
1970-1979       50      0.00663  0.00661  0.50   89656     593   89360  2255197  25.15
1970-1979       51      0.00729  0.00726  0.50   89064     646   88741  2165837  24.32
1970-1979       52      0.00797  0.00793  0.50   88417     701   88067  2077096  23.49
1970-1979       53      0.00876  0.00872  0.50   87716     765   87333  1989030  22.68
1970-1979       54      0.00965  0.00960  0.50   86951     835   86533  1901696  21.87
1970-1979       55      0.01066  0.01060  0.50   86116     913   85659  1815163  21.08
1970-1979       56      0.01149  0.01142  0.50   85203     973   84716  1729504  20.30
1970-1979       57      0.01242  0.01234  0.50   84230    1040   83710  1644787  19.53
1970-1979       58      0.01358  0.01349  0.50   83190    1122   82629  1561077  18.77
1970-1979       59      0.01482  0.01471  0.50   82068    1207   81464  1478448  18.01
1970-1979       60      0.01613  0.01600  0.50   80861    1294   80214  1396983  17.28
1970-1979       61      0.01760  0.01745  0.50   79567    1388   78873  1316770  16.55
1970-1979       62      0.01990  0.01971  0.50   78178    1541   77408  1237897  15.83
1970-1979       63      0.02173  0.02150  0.50   76638    1648   75814  1160489  15.14
1970-1979       64      0.02438  0.02409  0.50   74990    1806   74087  1084675  14.46
1970-1979       65      0.02666  0.02631  0.50   73184    1925   72221  1010588  13.81
1970-1979       66      0.02943  0.02900  0.50   71258    2067   70225   938367  13.17
1970-1979       67      0.03257  0.03205  0.50   69192    2218   68083   868141  12.55
1970-1979       68      0.03565  0.03503  0.50   66974    2346   65801   800058  11.95
1970-1979       69      0.03938  0.03862  0.50   64628    2496   63381   734257  11.36
1970-1979       70      0.04327  0.04235  0.50   62133    2632   60817   670877  10.80
1970-1979       71      0.04738  0.04628  0.50   59501    2754   58124   610060  10.25
1970-1979       72      0.05199  0.05068  0.50   56747    2876   55309   551936   9.73
1970-1979       73      0.05709  0.05550  0.50   53872    2990   52377   496626   9.22
1970-1979       74      0.06326  0.06132  0.50   50882    3120   49321   444250   8.73
1970-1979       75      0.06845  0.06618  0.50   47761    3161   46181   394928   8.27
1970-1979       76      0.07564  0.07288  0.50   44600    3251   42975   348747   7.82
1970-1979       77      0.08114  0.07797  0.50   41350    3224   39738   305772   7.39
1970-1979       78      0.08909  0.08529  0.50   38126    3252   36500   266035   6.98
1970-1979       79      0.09825  0.09365  0.50   34874    3266   33241   229535   6.58
1970-1979       80      0.11000  0.10426  0.50   31608    3295   29960   196294   6.21
1970-1979       81      0.12092  0.11403  0.50   28313    3228   26698   166334   5.87
1970-1979       82      0.12826  0.12053  0.50   25084    3023   23572   139635   5.57
1970-1979       83      0.13972  0.13060  0.50   22061    2881   20620   116063   5.26
1970-1979       84      0.15181  0.14110  0.50   19180    2706   17827    95443   4.98
1970-1979       85      0.15973  0.14792  0.50   16473    2437   15255    77616   4.71
1970-1979       86      0.17317  0.15937  0.50   14037    2237   12918    62361   4.44
1970-1979       87      0.19172  0.17495  0.50   11800    2064   10768    49443   4.19
1970-1979       88      0.19968  0.18155  0.50    9735    1767    8852    38675   3.97
1970-1979       89      0.22175  0.19961  0.50    7968    1591    7173    29824   3.74
1970-1979       90      0.23489  0.21020  0.50    6377    1341    5707    22651   3.55
1970-1979       91      0.25543  0.22650  0.50    5037    1141    4466    16944   3.36
1970-1979       92      0.26669  0.23531  0.50    3896     917    3438    12477   3.20
1970-1979       93      0.28179  0.24699  0.50    2979     736    2611     9040   3.03
1970-1979       94      0.30464  0.26437  0.50    2243     593    1947     6429   2.87
1970-1979       95      0.32619  0.28045  0.50    1650     463    1419     4482   2.72
1970-1979       96      0.34712  0.29579  0.50    1187     351    1012     3063   2.58
1970-1979       97      0.36868  0.31130  0.50     836     260     706     2051   2.45
1970-1979       98      0.39079  0.32692  0.50     576     188     482     1345   2.34
1970-1979       99      0.41336  0.34256  0.50     388     133     321      863   2.23
1970-1979      100      0.43628  0.35815  0.50     255      91     209      542   2.13
1970-1979      101      0.45944  0.37362  0.50     164      61     133      333   2.03
1970-1979      102      0.48275  0.38888  0.50     102      40      83      200   1.95
1970-1979      103      0.50607  0.40387  0.50      63      25      50      117   1.87
1970-1979      104      0.52929  0.41853  0.50      37      16      30       67   1.80
1970-1979      105      0.55231  0.43279  0.50      22       9      17       38   1.73
1970-1979      106      0.57502  0.44661  0.50      12       5      10       21   1.67
1970-1979      107      0.59731  0.45995  0.50       7       3       5       11   1.62
1970-1979      108      0.61909  0.47275  0.50       4       2       3        6   1.57
1970-1979      109      0.64028  0.48501  0.50       2       1       1        3   1.54
1970-1979      110+     0.66081  1.00000  1.51       1       1       2        2   1.51
1980-1989        0      0.00794  0.00789  0.13  100000     789   99316  7280810  72.81
1980-1989        1      0.00177  0.00177  0.50   99211     176   99124  7181494  72.39
1980-1989        2      0.00107  0.00107  0.50   99036     106   98983  7082370  71.51
1980-1989        3      0.00074  0.00074  0.50   98930      73   98893  6983387  70.59
1980-1989        4      0.00058  0.00058  0.50   98857      57   98828  6884494  69.64
1980-1989        5      0.00048  0.00048  0.50   98800      47   98776  6785666  68.68
1980-1989        6      0.00042  0.00042  0.50   98752      42   98731  6686890  67.71
1980-1989        7      0.00041  0.00041  0.50   98710      40   98690  6588158  66.74
1980-1989        8      0.00041  0.00041  0.50   98670      40   98650  6489468  65.77
1980-1989        9      0.00037  0.00037  0.50   98630      37   98611  6390818  64.80
1980-1989       10      0.00036  0.00036  0.50   98593      36   98575  6292206  63.82
1980-1989       11      0.00035  0.00035  0.50   98557      35   98540  6193631  62.84
1980-1989       12      0.00037  0.00037  0.50   98522      37   98504  6095092  61.87
1980-1989       13      0.00041  0.00041  0.50   98485      41   98465  5996588  60.89
1980-1989       14      0.00046  0.00046  0.50   98445      45   98422  5898123  59.91
1980-1989       15      0.00064  0.00064  0.50   98400      63   98368  5799701  58.94
1980-1989       16      0.00084  0.00084  0.50   98337      83   98296  5701332  57.98
1980-1989       17      0.00099  0.00099  0.50   98254      98   98205  5603037  57.03
1980-1989       18      0.00116  0.00116  0.50   98157     114   98100  5504831  56.08
1980-1989       19      0.00118  0.00118  0.50   98043     115   97985  5406732  55.15
1980-1989       20      0.00107  0.00107  0.50   97927     104   97875  5308746  54.21
1980-1989       21      0.00103  0.00103  0.50   97823     101   97773  5210871  53.27
1980-1989       22      0.00117  0.00117  0.50   97722     114   97665  5113098  52.32
1980-1989       23      0.00124  0.00124  0.50   97608     121   97548  5015433  51.38
1980-1989       24      0.00124  0.00124  0.50   97487     121   97427  4917885  50.45
1980-1989       25      0.00121  0.00121  0.50   97367     118   97307  4820459  49.51
1980-1989       26      0.00125  0.00125  0.50   97248     122   97187  4723151  48.57
1980-1989       27      0.00123  0.00123  0.50   97126     119   97067  4625964  47.63
1980-1989       28      0.00125  0.00125  0.50   97007     122   96946  4528897  46.69
1980-1989       29      0.00128  0.00128  0.50   96885     124   96823  4431951  45.74
1980-1989       30      0.00134  0.00134  0.50   96761     129   96696  4335127  44.80
1980-1989       31      0.00139  0.00139  0.50   96632     134   96565  4238431  43.86
1980-1989       32      0.00149  0.00149  0.50   96498     143   96426  4141866  42.92
1980-1989       33      0.00152  0.00152  0.50   96354     147   96281  4045440  41.99
1980-1989       34      0.00163  0.00163  0.50   96208     157   96129  3949159  41.05
1980-1989       35      0.00178  0.00178  0.50   96051     171   95966  3853030  40.11
1980-1989       36      0.00190  0.00190  0.50   95880     182   95789  3757064  39.18
1980-1989       37      0.00206  0.00206  0.50   95698     197   95600  3661275  38.26
1980-1989       38      0.00217  0.00217  0.50   95501     207   95398  3565675  37.34
1980-1989       39      0.00240  0.00240  0.50   95294     228   95180  3470278  36.42
1980-1989       40      0.00252  0.00251  0.50   95066     239   94946  3375098  35.50
1980-1989       41      0.00277  0.00276  0.50   94827     262   94696  3280152  34.59
1980-1989       42      0.00306  0.00305  0.50   94565     289   94420  3185456  33.69
1980-1989       43      0.00326  0.00325  0.50   94276     307   94123  3091036  32.79
1980-1989       44      0.00351  0.00350  0.50   93969     329   93805  2996913  31.89
1980-1989       45      0.00386  0.00385  0.50   93641     361   93460  2903108  31.00
1980-1989       46      0.00422  0.00422  0.50   93280     393   93083  2809648  30.12
1980-1989       47      0.00456  0.00455  0.50   92887     423   92675  2716565  29.25
1980-1989       48      0.00494  0.00492  0.50   92464     455   92236  2623890  28.38
1980-1989       49      0.00535  0.00534  0.50   92009     491   91763  2531653  27.52
1980-1989       50      0.00577  0.00576  0.50   91517     527   91254  2439890  26.66
1980-1989       51      0.00624  0.00622  0.50   90991     566   90708  2348636  25.81
1980-1989       52      0.00679  0.00677  0.50   90424     612   90119  2257929  24.97
1980-1989       53      0.00731  0.00729  0.50   89813     654   89485  2167810  24.14
1980-1989       54      0.00798  0.00794  0.50   89158     708   88804  2078325  23.31
1980-1989       55      0.00860  0.00856  0.50   88450     757   88071  1989521  22.49
1980-1989       56      0.00947  0.00942  0.50   87693     826   87280  1901449  21.68
1980-1989       57      0.01017  0.01012  0.50   86867     879   86427  1814170  20.88
1980-1989       58      0.01099  0.01093  0.50   85988     939   85518  1727743  20.09
1980-1989       59      0.01241  0.01233  0.50   85048    1049   84524  1642225  19.31
1980-1989       60      0.01351  0.01342  0.50   83999    1127   83436  1557701  18.54
1980-1989       61      0.01482  0.01471  0.50   82872    1219   82263  1474265  17.79
1980-1989       62      0.01640  0.01627  0.50   81653    1328   80989  1392002  17.05
1980-1989       63      0.01778  0.01763  0.50   80325    1416   79617  1311013  16.32
1980-1989       64      0.01975  0.01956  0.50   78909    1543   78138  1231396  15.61
1980-1989       65      0.02195  0.02171  0.50   77366    1680   76526  1153259  14.91
1980-1989       66      0.02428  0.02399  0.50   75686    1816   74778  1076733  14.23
1980-1989       67      0.02653  0.02618  0.50   73871    1934   72903  1001954  13.56
1980-1989       68      0.02983  0.02939  0.50   71936    2114   70879   929051  12.91
1980-1989       69      0.03265  0.03212  0.50   69822    2243   68701   858171  12.29
1980-1989       70      0.03564  0.03501  0.50   67579    2366   66396   789471  11.68
1980-1989       71      0.03914  0.03839  0.50   65213    2503   63961   723075  11.09
1980-1989       72      0.04302  0.04212  0.50   62710    2641   61389   659113  10.51
1980-1989       73      0.04815  0.04702  0.50   60069    2824   58656   597724   9.95
1980-1989       74      0.05266  0.05131  0.50   57244    2937   55776   539068   9.42
1980-1989       75      0.05810  0.05646  0.50   54307    3066   52774   483292   8.90
1980-1989       76      0.06400  0.06202  0.50   51241    3178   49652   430518   8.40
1980-1989       77      0.07087  0.06844  0.50   48063    3290   46418   380866   7.92
1980-1989       78      0.07745  0.07456  0.50   44773    3338   43104   334448   7.47
1980-1989       79      0.08345  0.08010  0.50   41435    3319   39776   291344   7.03
1980-1989       80      0.09796  0.09339  0.50   38116    3559   36336   251568   6.60
1980-1989       81      0.10738  0.10190  0.50   34557    3521   32796   215232   6.23
1980-1989       82      0.11884  0.11217  0.50   31035    3481   29294   182436   5.88
1980-1989       83      0.12786  0.12018  0.50   27554    3311   25898   153142   5.56
1980-1989       84      0.13732  0.12850  0.50   24243    3115   22685   127244   5.25
1980-1989       85      0.14888  0.13856  0.50   21127    2927   19664   104559   4.95
1980-1989       86      0.16786  0.15486  0.50   18200    2819   16791    84895   4.66
1980-1989       87      0.17859  0.16395  0.50   15381    2522   14120    68104   4.43
1980-1989       88      0.19004  0.17355  0.50   12860    2232   11744    53984   4.20
1980-1989       89      0.20659  0.18724  0.50   10628    1990    9633    42240   3.97
1980-1989       90      0.21477  0.19394  0.50    8638    1675    7800    32607   3.77
1980-1989       91      0.22979  0.20611  0.50    6963    1435    6245    24807   3.56
1980-1989       92      0.24986  0.22211  0.50    5527    1228    4914    18562   3.36
1980-1989       93      0.26614  0.23489  0.50    4300    1010    3795    13648   3.17
1980-1989       94      0.26872  0.23689  0.50    3290     779    2900     9854   3.00
1980-1989       95      0.31678  0.27347  0.50    2511     687    2167     6953   2.77
1980-1989       96      0.33837  0.28941  0.50    1824     528    1560     4786   2.62
1980-1989       97      0.36067  0.30556  0.50    1296     396    1098     3226   2.49
1980-1989       98      0.38358  0.32185  0.50     900     290     755     2128   2.36
1980-1989       99      0.40702  0.33820  0.50     610     206     507     1373   2.25
1980-1989      100      0.43087  0.35450  0.50     404     143     332      866   2.14
1980-1989      101      0.45503  0.37069  0.50     261      97     212      533   2.05
1980-1989      102      0.47935  0.38668  0.50     164      63     132      321   1.96
1980-1989      103      0.50373  0.40238  0.50     101      40      80      189   1.87
1980-1989      104      0.52803  0.41774  0.50      60      25      48      108   1.80
1980-1989      105      0.55213  0.43268  0.50      35      15      27       61   1.73
1980-1989      106      0.57591  0.44715  0.50      20       9      15       33   1.67
1980-1989      107      0.59925  0.46110  0.50      11       5       8       18   1.61
1980-1989      108      0.62206  0.47448  0.50       6       3       5        9   1.57
1980-1989      109      0.64423  0.48727  0.50       3       2       2        5   1.53
1980-1989      110+     0.66568  1.00000  1.50       2       2       2        2   1.50
1990-1999        0      0.00640  0.00636  0.14  100000     636   99451  7474117  74.74
1990-1999        1      0.00102  0.00102  0.50   99364     101   99313  7374666  74.22
1990-1999        2      0.00068  0.00068  0.50   99263      68   99229  7275353  73.29
1990-1999        3      0.00050  0.00049  0.50   99195      49   99171  7176124  72.34
1990-1999        4      0.00039  0.00039  0.50   99146      39   99127  7076953  71.38
1990-1999        5      0.00032  0.00032  0.50   99107      32   99091  6977827  70.41
1990-1999        6      0.00030  0.00030  0.50   99075      30   99060  6878735  69.43
1990-1999        7      0.00029  0.00029  0.50   99046      29   99031  6779675  68.45
1990-1999        8      0.00029  0.00029  0.50   99016      28   99002  6680644  67.47
1990-1999        9      0.00027  0.00027  0.50   98988      27   98975  6581642  66.49
1990-1999       10      0.00026  0.00026  0.50   98961      26   98948  6482667  65.51
1990-1999       11      0.00027  0.00027  0.50   98935      26   98922  6383719  64.52
1990-1999       12      0.00029  0.00029  0.50   98909      28   98895  6284797  63.54
1990-1999       13      0.00035  0.00035  0.50   98881      35   98863  6185902  62.56
1990-1999       14      0.00045  0.00045  0.50   98846      45   98823  6087039  61.58
1990-1999       15      0.00064  0.00064  0.50   98801      63   98769  5988216  60.61
1990-1999       16      0.00083  0.00083  0.50   98738      82   98697  5889447  59.65
1990-1999       17      0.00089  0.00089  0.50   98656      87   98612  5790750  58.70
1990-1999       18      0.00105  0.00105  0.50   98569     103   98517  5692137  57.75
1990-1999       19      0.00097  0.00097  0.50   98466      95   98418  5593620  56.81
1990-1999       20      0.00088  0.00088  0.50   98370      86   98327  5495202  55.86
1990-1999       21      0.00089  0.00089  0.50   98284      88   98240  5396875  54.91
1990-1999       22      0.00101  0.00101  0.50   98196      99   98147  5298635  53.96
1990-1999       23      0.00106  0.00106  0.50   98098     104   98046  5200488  53.01
1990-1999       24      0.00104  0.00104  0.50   97994     102   97943  5102442  52.07
1990-1999       25      0.00106  0.00106  0.50   97891     103   97840  5004499  51.12
1990-1999       26      0.00110  0.00110  0.50   97788     108   97734  4906660  50.18
1990-1999       27      0.00113  0.00113  0.50   97680     110   97625  4808925  49.23
1990-1999       28      0.00119  0.00119  0.50   97570     116   97512  4711300  48.29
1990-1999       29      0.00124  0.00124  0.50   97454     121   97394  4613788  47.34
1990-1999       30      0.00129  0.00129  0.50   97334     126   97271  4516394  46.40
1990-1999       31      0.00136  0.00136  0.50   97208     132   97142  4419123  45.46
1990-1999       32      0.00143  0.00143  0.50   97076     138   97006  4321981  44.52
1990-1999       33      0.00149  0.00149  0.50   96937     144   96865  4224975  43.58
1990-1999       34      0.00162  0.00162  0.50   96793     157   96715  4128110  42.65
1990-1999       35      0.00172  0.00172  0.50   96636     166   96553  4031395  41.72
1990-1999       36      0.00181  0.00181  0.50   96470     175   96383  3934842  40.79
1990-1999       37      0.00195  0.00194  0.50   96296     187   96202  3838459  39.86
1990-1999       38      0.00210  0.00210  0.50   96108     202   96008  3742257  38.94
1990-1999       39      0.00222  0.00222  0.50   95907     212   95800  3646249  38.02
1990-1999       40      0.00239  0.00239  0.50   95694     228   95580  3550449  37.10
1990-1999       41      0.00253  0.00252  0.50   95466     241   95345  3454869  36.19
1990-1999       42      0.00276  0.00276  0.50   95225     263   95093  3359524  35.28
1990-1999       43      0.00299  0.00299  0.50   94962     284   94820  3264430  34.38
1990-1999       44      0.00312  0.00312  0.50   94678     295   94531  3169610  33.48
1990-1999       45      0.00339  0.00338  0.50   94383     319   94224  3075079  32.58
1990-1999       46      0.00372  0.00372  0.50   94064     350   93889  2980856  31.69
1990-1999       47      0.00393  0.00392  0.50   93715     367   93531  2886966  30.81
1990-1999       48      0.00426  0.00425  0.50   93347     396   93149  2793435  29.93
1990-1999       49      0.00471  0.00470  0.50   92951     436   92733  2700286  29.05
1990-1999       50      0.00503  0.00502  0.50   92515     465   92282  2607553  28.19
1990-1999       51      0.00554  0.00552  0.50   92050     508   91796  2515271  27.33
1990-1999       52      0.00583  0.00582  0.50   91541     533   91275  2423475  26.47
1990-1999       53      0.00641  0.00639  0.50   91009     582   90718  2332200  25.63
1990-1999       54      0.00690  0.00688  0.50   90427     622   90116  2241482  24.79
1990-1999       55      0.00756  0.00753  0.50   89805     676   89467  2151366  23.96
1990-1999       56      0.00811  0.00808  0.50   89129     720   88769  2061899  23.13
1990-1999       57      0.00889  0.00886  0.50   88409     783   88017  1973130  22.32
1990-1999       58      0.00964  0.00959  0.50   87626     840   87206  1885113  21.51
1990-1999       59      0.01041  0.01036  0.50   86786     899   86336  1797907  20.72
1990-1999       60      0.01173  0.01166  0.50   85887    1001   85386  1711571  19.93
1990-1999       61      0.01253  0.01246  0.50   84885    1057   84357  1626185  19.16
1990-1999       62      0.01380  0.01371  0.50   83828    1149   83253  1541828  18.39
1990-1999       63      0.01520  0.01508  0.50   82679    1247   82055  1458574  17.64
1990-1999       64      0.01655  0.01642  0.50   81432    1337   80763  1376519  16.90
1990-1999       65      0.01802  0.01786  0.50   80095    1431   79379  1295756  16.18
1990-1999       66      0.01982  0.01963  0.50   78664    1544   77892  1216377  15.46
1990-1999       67      0.02176  0.02152  0.50   77120    1660   76290  1138485  14.76
1990-1999       68      0.02387  0.02358  0.50   75460    1780   74570  1062195  14.08
1990-1999       69      0.02615  0.02581  0.50   73680    1902   72729   987625  13.40
1990-1999       70      0.02887  0.02846  0.50   71779    2043   70757   914895  12.75
1990-1999       71      0.03191  0.03141  0.50   69736    2190   68641   844138  12.10
1990-1999       72      0.03518  0.03458  0.50   67545    2335   66378   775497  11.48
1990-1999       73      0.03893  0.03819  0.50   65210    2490   63965   709120  10.87
1990-1999       74      0.04308  0.04217  0.50   62720    2645   61397   645155  10.29
1990-1999       75      0.04803  0.04691  0.50   60075    2818   58666   583757   9.72
1990-1999       76      0.05296  0.05159  0.50   57257    2954   55780   525091   9.17
1990-1999       77      0.05865  0.05698  0.50   54303    3094   52756   469311   8.64
1990-1999       78      0.06457  0.06255  0.50   51209    3203   49607   416555   8.13
1990-1999       79      0.07159  0.06912  0.50   48006    3318   46347   366948   7.64
1990-1999       80      0.08388  0.08051  0.50   44688    3598   42889   320601   7.17
1990-1999       81      0.09078  0.08684  0.50   41090    3568   39306   277712   6.76
1990-1999       82      0.10023  0.09545  0.50   37522    3581   35731   238407   6.35
1990-1999       83      0.11074  0.10493  0.50   33940    3561   32160   202675   5.97
1990-1999       84      0.12226  0.11522  0.50   30379    3500   28629   170516   5.61
1990-1999       85      0.13363  0.12526  0.50   26879    3367   25195   141887   5.28
1990-1999       86      0.14680  0.13676  0.50   23512    3216   21904   116691   4.96
1990-1999       87      0.15787  0.14632  0.50   20296    2970   18812    94787   4.67
1990-1999       88      0.17675  0.16240  0.50   17327    2814   15920    75976   4.38
1990-1999       89      0.18599  0.17017  0.50   14513    2470   13278    60056   4.14
1990-1999       90      0.20628  0.18700  0.50   12043    2252   10917    46778   3.88
1990-1999       91      0.22259  0.20029  0.50    9791    1961    8811    35860   3.66
1990-1999       92      0.23544  0.21064  0.50    7830    1649    7005    27050   3.45
1990-1999       93      0.25355  0.22503  0.50    6181    1391    5485    20044   3.24
1990-1999       94      0.27545  0.24211  0.50    4790    1160    4210    14559   3.04
1990-1999       95      0.30241  0.26269  0.50    3630     954    3153    10349   2.85
1990-1999       96      0.32523  0.27974  0.50    2677     749    2302     7196   2.69
1990-1999       97      0.34897  0.29712  0.50    1928     573    1641     4893   2.54
1990-1999       98      0.37353  0.31475  0.50    1355     427    1142     3252   2.40
1990-1999       99      0.39883  0.33252  0.50     929     309     774     2110   2.27
1990-1999      100      0.42473  0.35033  0.50     620     217     511     1336   2.16
1990-1999      101      0.45111  0.36808  0.50     403     148     329      825   2.05
1990-1999      102      0.47781  0.38567  0.50     254      98     205      496   1.95
1990-1999      103      0.50469  0.40299  0.50     156      63     125      291   1.86
1990-1999      104      0.53158  0.41996  0.50      93      39      74      166   1.78
1990-1999      105      0.55833  0.43648  0.50      54      24      42       92   1.70
1990-1999      106      0.58479  0.45248  0.50      31      14      24       50   1.64
1990-1999      107      0.61080  0.46790  0.50      17       8      13       26   1.58
1990-1999      108      0.63622  0.48268  0.50       9       4       7       14   1.53
1990-1999      109      0.66094  0.49677  0.50       5       2       3        7   1.49
1990-1999      110+     0.68483  1.00000  1.46       2       2       3        3   1.46
2000-2009        0      0.00572  0.00569  0.14  100000     569   99509  7738329  77.38
2000-2009        1      0.00062  0.00062  0.50   99431      62   99400  7638820  76.83
2000-2009        2      0.00043  0.00043  0.50   99369      42   99348  7539420  75.87
2000-2009        3      0.00031  0.00031  0.50   99327      30   99311  7440072  74.91
2000-2009        4      0.00025  0.00025  0.50   99296      25   99284  7340761  73.93
2000-2009        5      0.00020  0.00020  0.50   99271      20   99261  7241477  72.95
2000-2009        6      0.00020  0.00020  0.50   99251      20   99241  7142216  71.96
2000-2009        7      0.00019  0.00019  0.50   99232      19   99222  7042975  70.98
2000-2009        8      0.00016  0.00016  0.50   99213      16   99205  6943753  69.99
2000-2009        9      0.00015  0.00015  0.50   99197      15   99190  6844548  69.00
2000-2009       10      0.00016  0.00016  0.50   99182      16   99174  6745358  68.01
2000-2009       11      0.00016  0.00016  0.50   99166      16   99158  6646185  67.02
2000-2009       12      0.00018  0.00018  0.50   99150      17   99141  6547027  66.03
2000-2009       13      0.00019  0.00019  0.50   99133      18   99123  6447885  65.04
2000-2009       14      0.00021  0.00021  0.50   99114      21   99104  6348762  64.06
2000-2009       15      0.00032  0.00032  0.50   99093      32   99077  6249658  63.07
2000-2009       16      0.00042  0.00042  0.50   99061      41   99040  6150581  62.09
2000-2009       17      0.00049  0.00049  0.50   99020      48   98996  6051541  61.11
2000-2009       18      0.00065  0.00065  0.50   98972      65   98939  5952546  60.14
2000-2009       19      0.00064  0.00064  0.50   98907      63   98875  5853606  59.18
2000-2009       20      0.00062  0.00062  0.50   98843      61   98813  5754731  58.22
2000-2009       21      0.00063  0.00063  0.50   98783      63   98751  5655918  57.26
2000-2009       22      0.00065  0.00065  0.50   98720      64   98688  5557167  56.29
2000-2009       23      0.00068  0.00068  0.50   98656      67   98622  5458479  55.33
2000-2009       24      0.00072  0.00072  0.50   98589      71   98553  5359857  54.37
2000-2009       25      0.00075  0.00075  0.50   98517      74   98481  5261303  53.40
2000-2009       26      0.00079  0.00079  0.50   98444      78   98405  5162823  52.44
2000-2009       27      0.00085  0.00085  0.50   98366      83   98324  5064418  51.49
2000-2009       28      0.00089  0.00089  0.50   98283      87   98239  4966094  50.53
2000-2009       29      0.00093  0.00093  0.50   98195      92   98149  4867855  49.57
2000-2009       30      0.00102  0.00102  0.50   98104     100   98054  4769705  48.62
2000-2009       31      0.00109  0.00109  0.50   98004     107   97950  4671652  47.67
2000-2009       32      0.00117  0.00117  0.50   97896     115   97839  4573702  46.72
2000-2009       33      0.00126  0.00126  0.50   97782     123   97720  4475863  45.77
2000-2009       34      0.00140  0.00140  0.50   97659     137   97590  4378142  44.83
2000-2009       35      0.00144  0.00144  0.50   97522     140   97452  4280552  43.89
2000-2009       36      0.00158  0.00158  0.50   97382     153   97305  4183100  42.96
2000-2009       37      0.00174  0.00174  0.50   97228     169   97144  4085795  42.02
2000-2009       38      0.00190  0.00190  0.50   97059     184   96967  3988652  41.10
2000-2009       39      0.00203  0.00202  0.50   96875     196   96777  3891685  40.17
2000-2009       40      0.00213  0.00213  0.50   96679     206   96576  3794908  39.25
2000-2009       41      0.00235  0.00234  0.50   96473     226   96360  3698332  38.34
2000-2009       42      0.00255  0.00254  0.50   96247     245   96124  3601972  37.42
2000-2009       43      0.00273  0.00273  0.50   96002     262   95871  3505847  36.52
2000-2009       44      0.00290  0.00290  0.50   95740     278   95601  3409976  35.62
2000-2009       45      0.00311  0.00311  0.50   95462     297   95314  3314375  34.72
2000-2009       46      0.00328  0.00328  0.50   95166     312   95010  3219061  33.83
2000-2009       47      0.00357  0.00356  0.50   94854     338   94685  3124051  32.94
2000-2009       48      0.00373  0.00373  0.50   94516     352   94340  3029366  32.05
2000-2009       49      0.00401  0.00400  0.50   94164     377   93975  2935026  31.17
2000-2009       50      0.00428  0.00427  0.50   93787     400   93587  2841051  30.29
2000-2009       51      0.00469  0.00468  0.50   93386     437   93168  2747465  29.42
2000-2009       52      0.00504  0.00502  0.50   92949     467   92716  2654297  28.56
2000-2009       53      0.00537  0.00536  0.50   92482     495   92234  2561581  27.70
2000-2009       54      0.00568  0.00566  0.50   91987     521   91726  2469347  26.84
2000-2009       55      0.00619  0.00617  0.50   91466     565   91184  2377620  25.99
2000-2009       56      0.00662  0.00660  0.50   90901     600   90601  2286437  25.15
2000-2009       57      0.00727  0.00725  0.50   90302     654   89974  2195835  24.32
2000-2009       58      0.00789  0.00786  0.50   89647     704   89295  2105861  23.49
2000-2009       59      0.00862  0.00858  0.50   88943     763   88561  2016566  22.67
2000-2009       60      0.00941  0.00937  0.50   88180     826   87766  1928005  21.86
2000-2009       61      0.01010  0.01005  0.50   87353     878   86915  1840238  21.07
2000-2009       62      0.01100  0.01094  0.50   86476     946   86003  1753324  20.28
2000-2009       63      0.01202  0.01195  0.50   85530    1022   85018  1667321  19.49
2000-2009       64      0.01311  0.01302  0.50   84507    1100   83957  1582302  18.72
2000-2009       65      0.01421  0.01411  0.50   83407    1176   82819  1498345  17.96
2000-2009       66      0.01559  0.01547  0.50   82230    1272   81594  1415527  17.21
2000-2009       67      0.01701  0.01687  0.50   80958    1366   80275  1333932  16.48
2000-2009       68      0.01884  0.01867  0.50   79593    1486   78850  1253657  15.75
2000-2009       69      0.02089  0.02067  0.50   78107    1615   77300  1174807  15.04
2000-2009       70      0.02290  0.02264  0.50   76492    1732   75626  1097508  14.35
2000-2009       71      0.02562  0.02530  0.50   74761    1891   73815  1021881  13.67
2000-2009       72      0.02809  0.02770  0.50   72869    2018   71860   948066  13.01
2000-2009       73      0.03069  0.03022  0.50   70851    2141   69780   876206  12.37
2000-2009       74      0.03389  0.03332  0.50   68710    2290   67565   806426  11.74
2000-2009       75      0.03736  0.03668  0.50   66420    2436   65202   738861  11.12
2000-2009       76      0.04109  0.04027  0.50   63984    2576   62696   673659  10.53
2000-2009       77      0.04530  0.04430  0.50   61408    2720   60047   610963   9.95
2000-2009       78      0.05006  0.04884  0.50   58687    2866   57254   550916   9.39
2000-2009       79      0.05559  0.05409  0.50   55821    3019   54311   493662   8.84
2000-2009       80      0.06312  0.06119  0.50   52802    3231   51186   439350   8.32
2000-2009       81      0.06921  0.06689  0.50   49571    3316   47913   388164   7.83
2000-2009       82      0.07749  0.07460  0.50   46255    3451   44530   340251   7.36
2000-2009       83      0.08550  0.08200  0.50   42804    3510   41049   295722   6.91
2000-2009       84      0.09520  0.09087  0.50   39294    3571   37509   254672   6.48
2000-2009       85      0.10559  0.10029  0.50   35724    3583   33932   217163   6.08
2000-2009       86      0.11383  0.10770  0.50   32141    3462   30410   183231   5.70
2000-2009       87      0.12787  0.12019  0.50   28679    3447   26956   152821   5.33
2000-2009       88      0.14305  0.13350  0.50   25232    3369   23548   125865   4.99
2000-2009       89      0.15496  0.14381  0.50   21864    3144   20292   102317   4.68
2000-2009       90      0.16933  0.15611  0.50   18719    2922   17258    82025   4.38
2000-2009       91      0.18736  0.17131  0.50   15797    2706   14444    64767   4.10
2000-2009       92      0.20139  0.18297  0.50   13091    2395   11893    50323   3.84
2000-2009       93      0.22300  0.20063  0.50   10696    2146    9623    38430   3.59
2000-2009       94      0.23944  0.21384  0.50    8550    1828    7636    28807   3.37
2000-2009       95      0.26290  0.23235  0.50    6722    1562    5941    21172   3.15
2000-2009       96      0.28572  0.25000  0.50    5160    1290    4515    15231   2.95
2000-2009       97      0.30978  0.26824  0.50    3870    1038    3351    10716   2.77
2000-2009       98      0.33503  0.28696  0.50    2832     813    2425     7365   2.60
2000-2009       99      0.36136  0.30606  0.50    2019     618    1710     4940   2.45
2000-2009      100      0.38864  0.32541  0.50    1401     456    1173     3230   2.30
2000-2009      101      0.41674  0.34488  0.50     945     326     782     2057   2.18
2000-2009      102      0.44549  0.36433  0.50     619     226     506     1274   2.06
2000-2009      103      0.47469  0.38364  0.50     394     151     318      768   1.95
2000-2009      104      0.50415  0.40265  0.50     243      98     194      450   1.85
2000-2009      105      0.53367  0.42126  0.50     145      61     114      256   1.77
2000-2009      106      0.56302  0.43934  0.50      84      37      65      142   1.69
2000-2009      107      0.59201  0.45679  0.50      47      21      36       76   1.62
2000-2009      108      0.62043  0.47353  0.50      26      12      19       40   1.56
2000-2009      109      0.64811  0.48949  0.50      13       7      10       20   1.51
2000-2009      110+     0.67489  1.00000  1.48       7       7      10       10   1.48
2010-2019        0      0.00426  0.00425  0.14  100000     425   99635  7970681  79.71
2010-2019        1      0.00034  0.00034  0.50   99575      34   99558  7871046  79.05
2010-2019        2      0.00023  0.00023  0.50   99541      23   99530  7771488  78.07
2010-2019        3      0.00018  0.00018  0.50   99519      18   99510  7671958  77.09
2010-2019        4      0.00015  0.00015  0.50   99501      15   99494  7572448  76.10
2010-2019        5      0.00013  0.00013  0.50   99486      13   99480  7472954  75.12
2010-2019        6      0.00013  0.00013  0.50   99473      13   99467  7373475  74.13
2010-2019        7      0.00013  0.00013  0.50   99460      13   99454  7274008  73.13
2010-2019        8      0.00012  0.00012  0.50   99447      12   99442  7174554  72.14
2010-2019        9      0.00012  0.00012  0.50   99436      12   99430  7075112  71.15
2010-2019       10      0.00012  0.00012  0.50   99424      12   99417  6975683  70.16
2010-2019       11      0.00012  0.00012  0.50   99411      12   99405  6876265  69.17
2010-2019       12      0.00013  0.00013  0.50   99399      13   99393  6776860  68.18
2010-2019       13      0.00015  0.00015  0.50   99386      15   99379  6677468  67.19
2010-2019       14      0.00017  0.00017  0.50   99371      17   99362  6578089  66.20
2010-2019       15      0.00023  0.00023  0.50   99354      23   99342  6478727  65.21
2010-2019       16      0.00026  0.00026  0.50   99331      26   99318  6379384  64.22
2010-2019       17      0.00030  0.00030  0.50   99305      29   99291  6280066  63.24
2010-2019       18      0.00049  0.00049  0.50   99276      48   99252  6180776  62.26
2010-2019       19      0.00046  0.00046  0.50   99227      46   99204  6081524  61.29
2010-2019       20      0.00045  0.00045  0.50   99182      44   99159  5982319  60.32
2010-2019       21      0.00045  0.00045  0.50   99137      45   99115  5883160  59.34
2010-2019       22      0.00046  0.00046  0.50   99093      46   99070  5784045  58.37
2010-2019       23      0.00047  0.00047  0.50   99047      47   99024  5684975  57.40
2010-2019       24      0.00048  0.00048  0.50   99000      47   98977  5585952  56.42
2010-2019       25      0.00050  0.00050  0.50   98953      49   98928  5486975  55.45
2010-2019       26      0.00049  0.00049  0.50   98904      48   98879  5388047  54.48
2010-2019       27      0.00058  0.00058  0.50   98855      57   98827  5289167  53.50
2010-2019       28      0.00061  0.00061  0.50   98798      60   98768  5190341  52.53
2010-2019       29      0.00064  0.00064  0.50   98738      63   98707  5091572  51.57
2010-2019       30      0.00070  0.00070  0.50   98675      69   98641  4992866  50.60
2010-2019       31      0.00078  0.00078  0.50   98606      77   98568  4894225  49.63
2010-2019       32      0.00087  0.00087  0.50   98529      86   98486  4795657  48.67
2010-2019       33      0.00095  0.00095  0.50   98444      93   98397  4697171  47.71
2010-2019       34      0.00098  0.00098  0.50   98350      97   98302  4598774  46.76
2010-2019       35      0.00110  0.00110  0.50   98254     108   98200  4500472  45.80
2010-2019       36      0.00122  0.00122  0.50   98146     120   98086  4402272  44.85
2010-2019       37      0.00134  0.00134  0.50   98026     131   97961  4304186  43.91
2010-2019       38      0.00149  0.00148  0.50   97895     145   97822  4206226  42.97
2010-2019       39      0.00165  0.00164  0.50   97750     161   97669  4108404  42.03
2010-2019       40      0.00177  0.00177  0.50   97589     173   97503  4010734  41.10
2010-2019       41      0.00197  0.00197  0.50   97416     192   97320  3913232  40.17
2010-2019       42      0.00209  0.00209  0.50   97224     203   97123  3815912  39.25
2010-2019       43      0.00233  0.00233  0.50   97021     226   96908  3718789  38.33
2010-2019       44      0.00252  0.00252  0.50   96795     244   96673  3621881  37.42
2010-2019       45      0.00272  0.00272  0.50   96551     263   96420  3525208  36.51
2010-2019       46      0.00298  0.00298  0.50   96288     287   96145  3428788  35.61
2010-2019       47      0.00315  0.00314  0.50   96002     302   95851  3332643  34.71
2010-2019       48      0.00343  0.00343  0.50   95700     328   95536  3236792  33.82
2010-2019       49      0.00371  0.00370  0.50   95372     353   95196  3141256  32.94
2010-2019       50      0.00391  0.00390  0.50   95019     371   94834  3046060  32.06
2010-2019       51      0.00421  0.00420  0.50   94649     398   94450  2951226  31.18
2010-2019       52      0.00443  0.00442  0.50   94251     417   94042  2856777  30.31
2010-2019       53      0.00481  0.00480  0.50   93834     450   93609  2762734  29.44
2010-2019       54      0.00510  0.00509  0.50   93384     475   93146  2669125  28.58
2010-2019       55      0.00538  0.00537  0.50   92909     499   92660  2575979  27.73
2010-2019       56      0.00583  0.00581  0.50   92410     537   92142  2483319  26.87
2010-2019       57      0.00622  0.00620  0.50   91873     569   91589  2391178  26.03
2010-2019       58      0.00661  0.00659  0.50   91304     602   91003  2299589  25.19
2010-2019       59      0.00705  0.00703  0.50   90702     637   90383  2208586  24.35
2010-2019       60      0.00753  0.00750  0.50   90065     675   89727  2118203  23.52
2010-2019       61      0.00813  0.00810  0.50   89389     724   89027  2028476  22.69
2010-2019       62      0.00875  0.00871  0.50   88665     772   88279  1939449  21.87
2010-2019       63      0.00949  0.00945  0.50   87893     830   87478  1851169  21.06
2010-2019       64      0.01036  0.01030  0.50   87063     897   86614  1763691  20.26
2010-2019       65      0.01100  0.01094  0.50   86166     943   85695  1677077  19.46
2010-2019       66      0.01197  0.01190  0.50   85223    1014   84716  1591382  18.67
2010-2019       67      0.01328  0.01319  0.50   84209    1111   83654  1506666  17.89
2010-2019       68      0.01431  0.01421  0.50   83099    1181   82508  1423012  17.12
2010-2019       69      0.01604  0.01591  0.50   81918    1303   81266  1340504  16.36
2010-2019       70      0.01778  0.01763  0.50   80614    1421   79904  1259237  15.62
2010-2019       71      0.01925  0.01906  0.50   79193    1510   78439  1179333  14.89
2010-2019       72      0.02187  0.02164  0.50   77684    1681   76843  1100895  14.17
2010-2019       73      0.02378  0.02350  0.50   76003    1786   75110  1024051  13.47
2010-2019       74      0.02655  0.02620  0.50   74217    1945   73244   948941  12.79
2010-2019       75      0.02971  0.02927  0.50   72272    2116   71214   875697  12.12
2010-2019       76      0.03265  0.03212  0.50   70156    2254   69030   804483  11.47
2010-2019       77      0.03667  0.03601  0.50   67903    2445   66680   735453  10.83
2010-2019       78      0.04114  0.04031  0.50   65458    2639   64139   668773  10.22
2010-2019       79      0.04593  0.04490  0.50   62819    2820   61409   604634   9.62
2010-2019       80      0.05133  0.05005  0.50   59999    3003   58497   543225   9.05
2010-2019       81      0.05763  0.05602  0.50   56996    3193   55399   484728   8.50
2010-2019       82      0.06506  0.06301  0.50   53803    3390   52108   429328   7.98
2010-2019       83      0.07229  0.06977  0.50   50413    3517   48654   377220   7.48
2010-2019       84      0.08173  0.07852  0.50   46896    3682   45054   328566   7.01
2010-2019       85      0.09037  0.08646  0.50   43213    3736   41345   283511   6.56
2010-2019       86      0.10079  0.09595  0.50   39477    3788   37583   242167   6.13
2010-2019       87      0.11200  0.10606  0.50   35689    3785   33796   204584   5.73
2010-2019       88      0.12436  0.11708  0.50   31904    3735   30036   170787   5.35
2010-2019       89      0.13829  0.12935  0.50   28168    3644   26347   140751   5.00
2010-2019       90      0.15296  0.14209  0.50   24525    3485   22782   114405   4.66
2010-2019       91      0.16828  0.15522  0.50   21040    3266   19407    91622   4.35
2010-2019       92      0.18543  0.16969  0.50   17774    3016   16266    72215   4.06
2010-2019       93      0.20417  0.18526  0.50   14758    2734   13391    55949   3.79
2010-2019       94      0.22229  0.20005  0.50   12024    2405   10821    42558   3.54
2010-2019       95      0.24521  0.21843  0.50    9619    2101    8568    31737   3.30
2010-2019       96      0.26808  0.23639  0.50    7518    1777    6629    23169   3.08
2010-2019       97      0.29236  0.25507  0.50    5740    1464    5008    16540   2.88
2010-2019       98      0.31800  0.27437  0.50    4276    1173    3690    11531   2.70
2010-2019       99      0.34492  0.29419  0.50    3103     913    2647     7842   2.53
2010-2019      100      0.37303  0.31439  0.50    2190     689    1846     5195   2.37
2010-2019      101      0.40217  0.33484  0.50    1502     503    1250     3349   2.23
2010-2019      102      0.43219  0.35539  0.50     999     355     821     2099   2.10
2010-2019      103      0.46288  0.37589  0.50     644     242     523     1278   1.98
2010-2019      104      0.49404  0.39618  0.50     402     159     322      755   1.88
2010-2019      105      0.52543  0.41611  0.50     243     101     192      433   1.78
2010-2019      106      0.55679  0.43554  0.50     142      62     111      241   1.70
2010-2019      107      0.58788  0.45433  0.50      80      36      62      130   1.62
2010-2019      108      0.61845  0.47238  0.50      44      21      33       68   1.56
2010-2019      109      0.64827  0.48958  0.50      23      11      17       35   1.51
2010-2019      110+     0.67712  1.00000  1.48      12      12      17       17   1.48
2020-2021        0      0.00393  0.00391  0.14  100000     391   99664  8087603  80.88
2020-2021        1      0.00030  0.00030  0.50   99609      30   99593  7987939  80.19
2020-2021        2      0.00016  0.00016  0.50   99578      16   99570  7888345  79.22
2020-2021        3      0.00011  0.00011  0.50   99562      11   99556  7788775  78.23
2020-2021        4      0.00012  0.00012  0.50   99551      12   99544  7689219  77.24
2020-2021        5      0.00009  0.00009  0.50   99538       9   99534  7589674  76.25
2020-2021        6      0.00007  0.00007  0.50   99529       7   99526  7490141  75.26
2020-2021        7      0.00009  0.00009  0.50   99522       9   99517  7390615  74.26
2020-2021        8      0.00010  0.00010  0.50   99513      10   99508  7291098  73.27
2020-2021        9      0.00007  0.00007  0.50   99503       7   99500  7191590  72.27
2020-2021       10      0.00007  0.00007  0.50   99496       7   99492  7092090  71.28
2020-2021       11      0.00010  0.00010  0.50   99489      10   99484  6992598  70.29
2020-2021       12      0.00011  0.00011  0.50   99479      11   99473  6893114  69.29
2020-2021       13      0.00015  0.00015  0.50   99468      15   99460  6793641  68.30
2020-2021       14      0.00018  0.00018  0.50   99452      18   99443  6694181  67.31
2020-2021       15      0.00024  0.00024  0.50   99434      24   99423  6594738  66.32
2020-2021       16      0.00031  0.00031  0.50   99411      31   99395  6495315  65.34
2020-2021       17      0.00026  0.00026  0.50   99380      26   99367  6395920  64.36
2020-2021       18      0.00046  0.00046  0.50   99354      46   99331  6296553  63.38
2020-2021       19      0.00047  0.00047  0.50   99308      47   99284  6197222  62.40
2020-2021       20      0.00054  0.00053  0.50   99261      53   99234  6097938  61.43
2020-2021       21      0.00047  0.00047  0.50   99208      47   99185  5998704  60.47
2020-2021       22      0.00046  0.00046  0.50   99161      46   99138  5899519  59.49
2020-2021       23      0.00051  0.00051  0.50   99116      51   99090  5800381  58.52
2020-2021       24      0.00050  0.00050  0.50   99065      49   99040  5701291  57.55
2020-2021       25      0.00046  0.00046  0.50   99015      45   98993  5602251  56.58
2020-2021       26      0.00047  0.00047  0.50   98970      47   98947  5503258  55.61
2020-2021       27      0.00048  0.00048  0.50   98923      47   98900  5404311  54.63
2020-2021       28      0.00049  0.00049  0.50   98876      49   98852  5305411  53.66
2020-2021       29      0.00058  0.00058  0.50   98827      58   98799  5206560  52.68
2020-2021       30      0.00058  0.00058  0.50   98770      58   98741  5107761  51.71
2020-2021       31      0.00057  0.00057  0.50   98712      56   98684  5009020  50.74
2020-2021       32      0.00068  0.00068  0.50   98656      68   98622  4910336  49.77
2020-2021       33      0.00068  0.00068  0.50   98588      67   98555  4811714  48.81
2020-2021       34      0.00078  0.00078  0.50   98521      77   98483  4713159  47.84
2020-2021       35      0.00086  0.00085  0.50   98444      84   98402  4614677  46.88
2020-2021       36      0.00091  0.00091  0.50   98360      90   98315  4516275  45.92
2020-2021       37      0.00104  0.00104  0.50   98270     102   98219  4417960  44.96
2020-2021       38      0.00119  0.00119  0.50   98168     117   98109  4319741  44.00
2020-2021       39      0.00124  0.00124  0.50   98051     122   97990  4221631  43.06
2020-2021       40      0.00145  0.00145  0.50   97929     142   97858  4123641  42.11
2020-2021       41      0.00163  0.00163  0.50   97787     159   97708  4025783  41.17
2020-2021       42      0.00179  0.00179  0.50   97628     175   97541  3928075  40.24
2020-2021       43      0.00204  0.00204  0.50   97453     199   97354  3830534  39.31
2020-2021       44      0.00220  0.00220  0.50   97254     214   97148  3733180  38.39
2020-2021       45      0.00230  0.00230  0.50   97041     223   96929  3636033  37.47
2020-2021       46      0.00265  0.00265  0.50   96817     256   96689  3539104  36.55
2020-2021       47      0.00291  0.00291  0.50   96561     281   96420  3442415  35.65
2020-2021       48      0.00304  0.00303  0.50   96280     292   96134  3345994  34.75
2020-2021       49      0.00333  0.00333  0.50   95988     319   95828  3249860  33.86
2020-2021       50      0.00364  0.00363  0.50   95669     348   95495  3154032  32.97
2020-2021       51      0.00403  0.00402  0.50   95321     383   95129  3058538  32.09
2020-2021       52      0.00426  0.00425  0.50   94938     404   94736  2963408  31.21
2020-2021       53      0.00462  0.00460  0.50   94534     435   94316  2868673  30.35
2020-2021       54      0.00488  0.00487  0.50   94099     458   93869  2774356  29.48
2020-2021       55      0.00504  0.00502  0.50   93640     471   93405  2680487  28.63
2020-2021       56      0.00547  0.00545  0.50   93170     508   92916  2587082  27.77
2020-2021       57      0.00580  0.00579  0.50   92662     536   92394  2494167  26.92
2020-2021       58      0.00622  0.00620  0.50   92126     572   91840  2401773  26.07
2020-2021       59      0.00668  0.00665  0.50   91554     609   91249  2309933  25.23
2020-2021       60      0.00728  0.00725  0.50   90945     660   90615  2218684  24.40
2020-2021       61      0.00765  0.00762  0.50   90285     688   89941  2128069  23.57
2020-2021       62      0.00824  0.00821  0.50   89596     735   89229  2038128  22.75
2020-2021       63      0.00869  0.00866  0.50   88861     769   88476  1948900  21.93
2020-2021       64      0.00941  0.00937  0.50   88092     825   87679  1860423  21.12
2020-2021       65      0.01017  0.01011  0.50   87266     883   86825  1772744  20.31
2020-2021       66      0.01083  0.01078  0.50   86384     931   85918  1685919  19.52
2020-2021       67      0.01157  0.01150  0.50   85453     983   84961  1600001  18.72
2020-2021       68      0.01267  0.01259  0.50   84470    1064   83938  1515039  17.94
2020-2021       69      0.01401  0.01391  0.50   83406    1161   82826  1431101  17.16
2020-2021       70      0.01498  0.01487  0.50   82246    1223   81634  1348275  16.39
2020-2021       71      0.01711  0.01696  0.50   81023    1375   80335  1266641  15.63
2020-2021       72      0.01910  0.01892  0.50   79648    1507   78895  1186305  14.89
2020-2021       73      0.02064  0.02043  0.50   78141    1597   77343  1107411  14.17
2020-2021       74      0.02299  0.02273  0.50   76545    1740   75675  1030067  13.46
2020-2021       75      0.02598  0.02565  0.50   74805    1919   73846   954392  12.76
2020-2021       76      0.02913  0.02872  0.50   72886    2093   71840   880547  12.08
2020-2021       77      0.03145  0.03097  0.50   70793    2192   69697   808707  11.42
2020-2021       78      0.03543  0.03481  0.50   68601    2388   67407   739010  10.77
2020-2021       79      0.04036  0.03956  0.50   66213    2619   64904   671603  10.14
2020-2021       80      0.04492  0.04393  0.50   63594    2794   62197   606699   9.54
2020-2021       81      0.05098  0.04971  0.50   60800    3023   59289   544502   8.96
2020-2021       82      0.05725  0.05565  0.50   57778    3216   56170   485213   8.40
2020-2021       83      0.06456  0.06254  0.50   54562    3412   52856   429044   7.86
2020-2021       84      0.07226  0.06974  0.50   51150    3567   49366   376188   7.35
2020-2021       85      0.08254  0.07927  0.50   47582    3772   45696   326822   6.87
2020-2021       86      0.09059  0.08667  0.50   43810    3797   41912   281126   6.42
2020-2021       87      0.10426  0.09909  0.50   40013    3965   38031   239214   5.98
2020-2021       88      0.11522  0.10894  0.50   36048    3927   34085   201183   5.58
2020-2021       89      0.12920  0.12136  0.50   32121    3898   30172   167098   5.20
2020-2021       90      0.14307  0.13352  0.50   28223    3768   26339   136926   4.85
2020-2021       91      0.15691  0.14549  0.50   24455    3558   22676   110587   4.52
2020-2021       92      0.17351  0.15966  0.50   20897    3336   19228    87911   4.21
2020-2021       93      0.19484  0.17754  0.50   17560    3118   16001    68683   3.91
2020-2021       94      0.21213  0.19179  0.50   14443    2770   13058    52682   3.65
2020-2021       95      0.23461  0.20998  0.50   11673    2451   10447    39624   3.39
2020-2021       96      0.25774  0.22831  0.50    9222    2105    8169    29177   3.16
2020-2021       97      0.28231  0.24739  0.50    7116    1760    6236    21008   2.95
2020-2021       98      0.30824  0.26708  0.50    5356    1430    4641    14772   2.76
2020-2021       99      0.33544  0.28726  0.50    3925    1128    3362    10131   2.58
2020-2021      100      0.36375  0.30778  0.50    2798     861    2367     6770   2.42
2020-2021      101      0.39302  0.32847  0.50    1937     636    1619     4403   2.27
2020-2021      102      0.42304  0.34918  0.50    1301     454    1073     2784   2.14
2020-2021      103      0.45360  0.36974  0.50     846     313     690     1711   2.02
2020-2021      104      0.48445  0.38999  0.50     533     208     429     1021   1.91
2020-2021      105      0.51536  0.40977  0.50     325     133     259      591   1.82
2020-2021      106      0.54608  0.42895  0.50     192      82     151      332   1.73
2020-2021      107      0.57636  0.44742  0.50     110      49      85      182   1.66
2020-2021      108      0.60600  0.46508  0.50      61      28      47       96   1.59
2020-2021      109      0.63478  0.48184  0.50      32      16      25       50   1.54
2020-2021      110+     0.66253  1.00000  1.51      17      17      25       25   1.51
