Iceland, Life tables (cohort 5x5), Total	Last modified: 24 Apr 2024;  Methods Protocol: v6 (2017)

  Year          Age         mx       qx    ax      lx      dx      Lx       Tx     ex
1838-1839        0      0.43104  0.33182  0.31  100000   33182   76982  3205040  32.05
1838-1839      1-4      0.03228  0.11738  0.90   66818    7843  242941  3128057  46.81
1838-1839      5-9      0.00409  0.02030  3.04   58975    1197  292528  2885116  48.92
1838-1839     10-14     0.00553  0.02723  2.31   57778    1573  284664  2592588  44.87
1838-1839     15-19     0.00578  0.02857  2.99   56205    1606  277791  2307924  41.06
1838-1839     20-24     0.01334  0.06454  2.51   54599    3524  264229  2030133  37.18
1838-1839     25-29     0.01592  0.07639  2.36   51075    3902  245090  1765904  34.57
1838-1839     30-34     0.01421  0.06876  2.67   47173    3244  228313  1520814  32.24
1838-1839     35-39     0.01468  0.07083  2.54   43929    3111  211981  1292502  29.42
1838-1839     40-44     0.01843  0.08804  2.48   40818    3594  195035  1080520  26.47
1838-1839     45-49     0.01746  0.08402  2.78   37224    3128  179174   885485  23.79
1838-1839     50-54     0.02223  0.10544  2.57   34097    3595  161741   706311  20.71
1838-1839     55-59     0.02552  0.11994  2.50   30501    3658  143363   544570  17.85
1838-1839     60-64     0.03480  0.15975  2.44   26843    4288  123241   401207  14.95
1838-1839     65-69     0.04629  0.20834  2.60   22555    4699  101512   277966  12.32
1838-1839     70-74     0.06175  0.26865  2.58   17856    4797   77683   176454   9.88
1838-1839     75-79     0.10137  0.40331  2.47   13059    5267   51953    98771   7.56
1838-1839     80-84     0.13804  0.50964  2.43    7792    3971   28769    46818   6.01
1838-1839     85-89     0.19462  0.64502  2.39    3821    2465   12663    18049   4.72
1838-1839     90-94     0.21956  0.65983  1.98    1356     895    4076     5385   3.97
1838-1839     95-99     0.29933  0.82221  2.26     461     379    1267     1309   2.84
1838-1839    100-104    1.96154  1.00000  0.51      82      82      42       42   0.51
1838-1839    105-109         .       .    .       0       0       0        0      .
1838-1839    110+             .        .     .       0       0       0        0      .
1840-1844        0      0.34143  0.27601  0.31  100000   27601   80840  3775464  37.75
1840-1844      1-4      0.01984  0.07530  1.29   72399    5452  274844  3694624  51.03
1840-1844      5-9      0.00838  0.04102  2.38   66947    2746  327538  3419780  51.08
1840-1844     10-14     0.00375  0.01854  2.33   64201    1190  317828  3092242  48.16
1840-1844     15-19     0.00730  0.03590  2.79   63011    2262  310052  2774414  44.03
1840-1844     20-24     0.01093  0.05323  2.59   60748    3233  295947  2464362  40.57
1840-1844     25-29     0.01086  0.05283  2.41   57515    3039  279712  2168415  37.70
1840-1844     30-34     0.01025  0.04991  2.44   54476    2719  265407  1888703  34.67
1840-1844     35-39     0.01361  0.06591  2.62   51757    3411  250665  1623296  31.36
1840-1844     40-44     0.01431  0.06898  2.38   48346    3335  233001  1372632  28.39
1840-1844     45-49     0.01508  0.07271  2.56   45011    3273  217073  1139630  25.32
1840-1844     50-54     0.01978  0.09424  2.51   41738    3933  198891   922557  22.10
1840-1844     55-59     0.02276  0.10770  2.52   37805    4072  178913   723666  19.14
1840-1844     60-64     0.02883  0.13468  2.56   33733    4543  157582   544753  16.15
1840-1844     65-69     0.03674  0.16817  2.49   29190    4909  133612   387171  13.26
1840-1844     70-74     0.05434  0.24038  2.60   24281    5837  107409   253560  10.44
1840-1844     75-79     0.08679  0.35731  2.53   18444    6590   75938   146151   7.92
1840-1844     80-84     0.13542  0.49594  2.30   11854    5879   43412    70213   5.92
1840-1844     85-89     0.20038  0.64326  2.22    5975    3844   19182    26801   4.49
1840-1844     90-94     0.24991  0.72898  2.14    2132    1554    6218     7619   3.57
1840-1844     95-99     0.34873  0.81514  1.73     578     471    1350     1402   2.43
1840-1844    100-104    2.08489  1.00000  0.48     107     107      51       51   0.48
1840-1844    105-109         .       .    .       0       0       0        0      .
1840-1844    110+             .        .     .       0       0       0        0      .
1845-1849        0      0.46223  0.34996  0.31  100000   34996   75710  3073221  30.73
1845-1849      1-4      0.04211  0.15254  1.52   65004    9916  235475  2997511  46.11
1845-1849      5-9      0.00777  0.03800  2.09   55089    2093  269351  2762036  50.14
1845-1849     10-14     0.00780  0.03828  2.51   52995    2029  259923  2492685  47.04
1845-1849     15-19     0.00829  0.04066  2.64   50966    2073  249941  2232762  43.81
1845-1849     20-24     0.01144  0.05564  2.57   48894    2720  237859  1982821  40.55
1845-1849     25-29     0.01060  0.05156  2.36   46174    2381  224589  1744962  37.79
1845-1849     30-34     0.01333  0.06480  2.86   43793    2838  212898  1520373  34.72
1845-1849     35-39     0.01421  0.06849  2.39   40955    2805  197465  1307475  31.92
1845-1849     40-44     0.01279  0.06196  2.46   38150    2364  184748  1110009  29.10
1845-1849     45-49     0.01454  0.07023  2.58   35787    2513  172839   925261  25.86
1845-1849     50-54     0.01774  0.08491  2.48   33273    2825  159255   752423  22.61
1845-1849     55-59     0.01895  0.09071  2.64   30448    2762  145716   593167  19.48
1845-1849     60-64     0.02444  0.11548  2.61   27686    3197  130800   447452  16.16
1845-1849     65-69     0.03921  0.17975  2.68   24489    4402  112250   316652  12.93
1845-1849     70-74     0.06613  0.28584  2.63   20087    5742   86824   204401  10.18
1845-1849     75-79     0.09065  0.36763  2.43   14345    5274   58175   117577   8.20
1845-1849     80-84     0.11578  0.44937  2.51    9071    4076   35209    59402   6.55
1845-1849     85-89     0.17149  0.58563  2.29    4995    2925   17058    24193   4.84
1845-1849     90-94     0.26267  0.75756  2.21    2070    1568    5969     7135   3.45
1845-1849     95-99     0.40834  0.89334  1.85     502     448    1098     1166   2.32
1845-1849    100-104    0.78955  1.00000  1.27      54      54      68       68   1.27
1845-1849    105-109         .       .    .       0       0       0        0      .
1845-1849    110+             .        .     .       0       0       0        0      .
1850-1854        0      0.27872  0.23354  0.31  100000   23354   83790  3877402  38.77
1850-1854      1-4      0.02100  0.08015  1.71   76646    6143  292490  3793613  49.50
1850-1854      5-9      0.01784  0.08493  2.18   70503    5988  335656  3501122  49.66
1850-1854     10-14     0.00683  0.03356  2.34   64515    2165  316806  3165466  49.07
1850-1854     15-19     0.00812  0.03981  2.58   62350    2482  305744  2848660  45.69
1850-1854     20-24     0.00951  0.04640  2.45   59868    2778  292248  2542916  42.48
1850-1854     25-29     0.01214  0.05914  2.84   57090    3376  278144  2250668  39.42
1850-1854     30-34     0.01304  0.06289  2.16   53713    3378  258987  1972524  36.72
1850-1854     35-39     0.01048  0.05103  2.48   50335    2569  245203  1713537  34.04
1850-1854     40-44     0.01105  0.05380  2.53   47766    2570  232476  1468334  30.74
1850-1854     45-49     0.01223  0.05927  2.44   45196    2679  219125  1235858  27.34
1850-1854     50-54     0.01375  0.06651  2.58   42517    2828  205732  1016733  23.91
1850-1854     55-59     0.01633  0.07849  2.53   39690    3115  190762   811001  20.43
1850-1854     60-64     0.02402  0.11350  2.58   36574    4151  172834   620239  16.96
1850-1854     65-69     0.03677  0.16920  2.64   32423    5486  149179   447405  13.80
1850-1854     70-74     0.05252  0.23166  2.46   26937    6240  118826   298226  11.07
1850-1854     75-79     0.07082  0.30096  2.51   20697    6229   87959   179399   8.67
1850-1854     80-84     0.12041  0.46221  2.49   14468    6687   55536    91440   6.32
1850-1854     85-89     0.18710  0.61887  2.27    7781    4815   25736    35905   4.61
1850-1854     90-94     0.26820  0.75772  2.13    2965    2247    8378    10169   3.43
1850-1854     95-99     0.35901  0.85024  1.90     718     611    1702     1791   2.49
1850-1854    100-104    1.20198  1.00000  0.83     108     108      90       90   0.83
1850-1854    105-109         .       .    .       0       0       0        0      .
1850-1854    110+             .        .     .       0       0       0        0      .
1855-1859        0      0.31274  0.25698  0.31  100000   25698   82170  3466732  34.67
1855-1859      1-4      0.05288  0.18746  1.57   74302   13929  263402  3384562  45.55
1855-1859      5-9      0.01178  0.05677  1.84   60374    3427  291049  3121160  51.70
1855-1859     10-14     0.00693  0.03408  2.58   56946    1941  280041  2830111  49.70
1855-1859     15-19     0.00596  0.02935  2.47   55006    1614  270938  2550071  46.36
1855-1859     20-24     0.01048  0.05124  2.86   53391    2736  261096  2279132  42.69
1855-1859     25-29     0.01382  0.06658  2.25   50655    3372  244004  2018036  39.84
1855-1859     30-34     0.00852  0.04165  2.40   47283    1969  231291  1774032  37.52
1855-1859     35-39     0.01032  0.05036  2.58   45314    2282  221051  1542741  34.05
1855-1859     40-44     0.01219  0.05910  2.46   43032    2543  208688  1321690  30.71
1855-1859     45-49     0.01173  0.05708  2.65   40489    2311  197016  1113003  27.49
1855-1859     50-54     0.01371  0.06632  2.54   38177    2532  184670   915986  23.99
1855-1859     55-59     0.01802  0.08636  2.59   35645    3078  170795   731317  20.52
1855-1859     60-64     0.02347  0.11129  2.68   32567    3624  154428   560522  17.21
1855-1859     65-69     0.03511  0.16133  2.49   28943    4669  132987   406093  14.03
1855-1859     70-74     0.04730  0.21222  2.58   24274    5151  108912   273106  11.25
1855-1859     75-79     0.07355  0.31278  2.61   19122    5981   81321   164194   8.59
1855-1859     80-84     0.12882  0.48429  2.44   13141    6364   49403    82873   6.31
1855-1859     85-89     0.17200  0.58375  2.25    6777    3956   23001    33470   4.94
1855-1859     90-94     0.24581  0.72071  2.13    2821    2033    8271    10469   3.71
1855-1859     95-99     0.30596  0.76957  1.77     788     606    1982     2198   2.79
1855-1859    100-104    0.83856  1.00000  1.19     182     182     216      216   1.19
1855-1859    105-109         .       .    .       0       0       0        0      .
1855-1859    110+             .        .     .       0       0       0        0      .
1860-1864        0      0.33108  0.26922  0.31  100000   26922   81316  3823731  38.24
1860-1864      1-4      0.03520  0.12922  1.46   73078    9443  268279  3742415  51.21
1860-1864      5-9      0.00859  0.04188  2.07   63635    2665  310376  3474137  54.60
1860-1864     10-14     0.00512  0.02525  2.26   60970    1540  300631  3163760  51.89
1860-1864     15-19     0.00654  0.03224  2.94   59430    1916  293196  2863130  48.18
1860-1864     20-24     0.01058  0.05150  2.43   57514    2962  279965  2569933  44.68
1860-1864     25-29     0.00904  0.04417  2.40   54552    2409  266496  2289968  41.98
1860-1864     30-34     0.00833  0.04083  2.63   52142    2129  255661  2023472  38.81
1860-1864     35-39     0.01002  0.04888  2.46   50013    2444  243868  1767811  35.35
1860-1864     40-44     0.00924  0.04517  2.54   47569    2149  232551  1523943  32.04
1860-1864     45-49     0.00996  0.04857  2.43   45420    2206  221420  1291392  28.43
1860-1864     50-54     0.01257  0.06101  2.61   43214    2636  209760  1069972  24.76
1860-1864     55-59     0.01599  0.07705  2.64   40577    3126  195524   860212  21.20
1860-1864     60-64     0.02190  0.10390  2.55   37451    3891  177704   664689  17.75
1860-1864     65-69     0.02936  0.13731  2.64   33560    4608  156945   486984  14.51
1860-1864     70-74     0.04854  0.21801  2.67   28952    6312  130041   330039  11.40
1860-1864     75-79     0.07323  0.31052  2.55   22640    7030   96008   199999   8.83
1860-1864     80-84     0.11345  0.43961  2.44   15610    6862   60487   103991   6.66
1860-1864     85-89     0.16742  0.57966  2.35    8747    5071   30286    43504   4.97
1860-1864     90-94     0.25251  0.74095  2.21    3677    2724   10789    13218   3.60
1860-1864     95-99     0.35068  0.83603  1.87     952     796    2271     2429   2.55
1860-1864    100-104    0.98657  1.00000  1.01     156     156     158      158   1.01
1860-1864    105-109         .       .    .       0       0       0        0      .
1860-1864    110+             .        .     .       0       0       0        0      .
1865-1869        0      0.33567  0.27223  0.31  100000   27223   81099  3852783  38.53
1865-1869      1-4      0.03537  0.12984  1.46   72777    9449  267153  3771683  51.82
1865-1869      5-9      0.00995  0.04831  1.97   63328    3059  307363  3504531  55.34
1865-1869     10-14     0.00457  0.02262  2.68   60269    1363  298175  3197168  53.05
1865-1869     15-19     0.00667  0.03278  2.44   58905    1931  289583  2898993  49.21
1865-1869     20-24     0.00743  0.03646  2.53   56975    2077  279742  2609410  45.80
1865-1869     25-29     0.00829  0.04060  2.42   54898    2229  268748  2329668  42.44
1865-1869     30-34     0.00865  0.04229  2.40   52669    2227  257553  2060920  39.13
1865-1869     35-39     0.00842  0.04127  2.57   50442    2082  247160  1803367  35.75
1865-1869     40-44     0.00935  0.04569  2.53   48360    2210  236347  1556207  32.18
1865-1869     45-49     0.00997  0.04865  2.57   46150    2245  225292  1319860  28.60
1865-1869     50-54     0.01285  0.06228  2.55   43905    2735  212818  1094568  24.93
1865-1869     55-59     0.01582  0.07607  2.46   41171    3132  197907   881750  21.42
1865-1869     60-64     0.02030  0.09675  2.59   38039    3680  181313   683843  17.98
1865-1869     65-69     0.03003  0.14033  2.66   34358    4821  160530   502530  14.63
1865-1869     70-74     0.04928  0.21924  2.48   29537    6476  131398   342000  11.58
1865-1869     75-79     0.06594  0.28370  2.54   23061    6542   99220   210601   9.13
1865-1869     80-84     0.10994  0.43005  2.47   16519    7104   64617   111381   6.74
1865-1869     85-89     0.16549  0.57131  2.29    9415    5379   32503    46765   4.97
1865-1869     90-94     0.25421  0.73764  2.16    4036    2977   11712    14262   3.53
1865-1869     95-99     0.38041  0.87120  1.89    1059     923    2425     2551   2.41
1865-1869    100-104    1.08588  1.00000  0.92     136     136     126      126   0.92
1865-1869    105-109         .       .    .       0       0       0        0      .
1865-1869    110+             .        .     .       0       0       0        0      .
1870-1874        0      0.27802  0.23306  0.31  100000   23306   83827  4025951  40.26
1870-1874      1-4      0.04404  0.15774  1.35   76694   12098  274677  3942124  51.40
1870-1874      5-9      0.00813  0.03970  2.13   64596    2564  315611  3667447  56.77
1870-1874     10-14     0.00509  0.02513  2.52   62032    1559  306294  3351836  54.03
1870-1874     15-19     0.00483  0.02387  2.68   60473    1443  299019  3045542  50.36
1870-1874     20-24     0.00746  0.03667  2.65   59030    2164  290054  2746523  46.53
1870-1874     25-29     0.00853  0.04177  2.57   56865    2375  278542  2456470  43.20
1870-1874     30-34     0.00774  0.03799  2.49   54490    2070  267245  2177928  39.97
1870-1874     35-39     0.00786  0.03855  2.49   52420    2021  257035  1910683  36.45
1870-1874     40-44     0.00976  0.04767  2.54   50399    2402  246085  1653648  32.81
1870-1874     45-49     0.01061  0.05173  2.56   47997    2483  233932  1407564  29.33
1870-1874     50-54     0.01158  0.05625  2.50   45514    2560  221175  1173632  25.79
1870-1874     55-59     0.01334  0.06466  2.62   42954    2777  208166   952457  22.17
1870-1874     60-64     0.01870  0.08959  2.67   40176    3599  192479   744291  18.53
1870-1874     65-69     0.02965  0.13858  2.64   36577    5069  170946   551812  15.09
1870-1874     70-74     0.03975  0.18139  2.59   31508    5715  143787   380866  12.09
1870-1874     75-79     0.06412  0.27807  2.61   25793    7172  111853   237079   9.19
1870-1874     80-84     0.11011  0.43301  2.53   18621    8063   73228   125225   6.73
1870-1874     85-89     0.16908  0.58218  2.33   10558    6146   36352    51997   4.93
1870-1874     90-94     0.25764  0.74027  2.13    4411    3266   12675    15645   3.55
1870-1874     95-99     0.36475  0.86611  1.97    1146     992    2721     2971   2.59
1870-1874    100-104    0.64044  0.87473  0.85     153     134     210      250   1.63
1870-1874    105-109    0.47482  1.00000  2.11      19      19      40       40   2.11
1870-1874    110+             .        .     .       0       0       0        0      .
1875-1879        0      0.18807  0.16636  0.31  100000   16636   88455  4484261  44.84
1875-1879      1-4      0.03909  0.14297  1.60   83364   11918  304893  4395806  52.73
1875-1879      5-9      0.01019  0.04922  1.56   71446    3516  345119  4090913  57.26
1875-1879     10-14     0.00319  0.01582  2.34   67929    1075  336786  3745794  55.14
1875-1879     15-19     0.00476  0.02353  2.73   66855    1573  330697  3409008  50.99
1875-1879     20-24     0.00775  0.03803  2.54   65282    2483  320308  3078310  47.15
1875-1879     25-29     0.00900  0.04399  2.46   62799    2763  306988  2758002  43.92
1875-1879     30-34     0.00709  0.03483  2.42   60036    2091  294779  2451014  40.83
1875-1879     35-39     0.00784  0.03848  2.63   57945    2230  284445  2156235  37.21
1875-1879     40-44     0.00878  0.04294  2.44   55716    2392  272450  1871789  33.60
1875-1879     45-49     0.00913  0.04458  2.43   53324    2377  260516  1599339  29.99
1875-1879     50-54     0.01040  0.05072  2.58   50946    2584  248476  1338823  26.28
1875-1879     55-59     0.01240  0.06017  2.54   48362    2910  234639  1090347  22.55
1875-1879     60-64     0.01836  0.08793  2.60   45452    3997  217690   855708  18.83
1875-1879     65-69     0.02627  0.12330  2.52   41456    5112  194577   638019  15.39
1875-1879     70-74     0.03824  0.17499  2.58   36344    6360  166319   443441  12.20
1875-1879     75-79     0.05972  0.26092  2.58   29984    7824  131014   277122   9.24
1875-1879     80-84     0.11269  0.43802  2.46   22161    9707   86135   146109   6.59
1875-1879     85-89     0.17612  0.60035  2.35   12454    7477   42452    59974   4.82
1875-1879     90-94     0.26871  0.74727  2.03    4977    3719   13841    17522   3.52
1875-1879     95-99     0.30878  0.79059  1.91    1258     994    3221     3681   2.93
1875-1879    100-104    0.56449  0.91442  1.30     263     241     427      460   1.75
1875-1879    105-109    0.67170  1.00000  1.49      23      23      34       34   1.49
1875-1879    110+             .        .     .       0       0       0        0      .
1880-1884        0      0.30645  0.25270  0.31  100000   25270   82460  4081689  40.82
1880-1884      1-4      0.03971  0.14269  1.15   74730   10663  268524  3999229  53.52
1880-1884      5-9      0.00491  0.02418  1.96   64067    1549  315630  3730705  58.23
1880-1884     10-14     0.00310  0.01540  2.76   62517     962  310433  3415074  54.63
1880-1884     15-19     0.00624  0.03076  2.71   61555    1893  303432  3104641  50.44
1880-1884     20-24     0.00882  0.04318  2.62   59661    2576  292169  2801209  46.95
1880-1884     25-29     0.00872  0.04264  2.39   57085    2434  279074  2509040  43.95
1880-1884     30-34     0.00841  0.04123  2.58   54651    2253  267792  2229965  40.80
1880-1884     35-39     0.00875  0.04280  2.39   52398    2242  256132  1962173  37.45
1880-1884     40-44     0.00804  0.03938  2.45   50155    1975  245733  1706041  34.02
1880-1884     45-49     0.00858  0.04205  2.62   48180    2026  236069  1460308  30.31
1880-1884     50-54     0.01026  0.05004  2.53   46154    2310  225060  1224239  26.53
1880-1884     55-59     0.01179  0.05734  2.63   43844    2514  213256   999179  22.79
1880-1884     60-64     0.01718  0.08252  2.63   41330    3410  198566   785923  19.02
1880-1884     65-69     0.02401  0.11358  2.63   37920    4307  179404   587356  15.49
1880-1884     70-74     0.03879  0.17785  2.66   33613    5978  154101   407952  12.14
1880-1884     75-79     0.06352  0.27646  2.66   27635    7640  120272   253851   9.19
1880-1884     80-84     0.10825  0.42534  2.48   19995    8505   78561   133579   6.68
1880-1884     85-89     0.19097  0.63103  2.31   11490    7251   37967    55018   4.79
1880-1884     90-94     0.22998  0.68080  2.00    4240    2886   12550    17051   4.02
1880-1884     95-99     0.26953  0.75027  2.05    1353    1015    3767     4501   3.33
1880-1884    100-104    0.44468  0.93936  1.93     338     317     714      734   2.17
1880-1884    105-109    1.01310  1.00000  0.99      20      20      20       20   0.99
1880-1884    110+             .        .     .       0       0       0        0      .
1885-1889        0      0.16010  0.14409  0.31  100000   14409   89998  5082207  50.82
1885-1889      1-4      0.02033  0.07704  1.26   85591    6594  324268  4992209  58.33
1885-1889      5-9      0.00404  0.01996  2.17   78997    1577  390532  4667941  59.09
1885-1889     10-14     0.00411  0.02035  2.58   77421    1576  383299  4277409  55.25
1885-1889     15-19     0.00665  0.03274  2.71   75845    2483  373545  3894110  51.34
1885-1889     20-24     0.00750  0.03677  2.43   73362    2697  359874  3520565  47.99
1885-1889     25-29     0.00839  0.04113  2.58   70665    2906  346296  3160691  44.73
1885-1889     30-34     0.00933  0.04551  2.34   67758    3084  330600  2814395  41.54
1885-1889     35-39     0.00829  0.04058  2.44   64675    2625  316660  2483795  38.40
1885-1889     40-44     0.00714  0.03504  2.41   62050    2174  304625  2167134  34.93
1885-1889     45-49     0.00744  0.03653  2.51   59876    2187  293928  1862509  31.11
1885-1889     50-54     0.00933  0.04559  2.56   57689    2630  282022  1568582  27.19
1885-1889     55-59     0.01132  0.05511  2.59   55059    3034  267976  1286560  23.37
1885-1889     60-64     0.01621  0.07796  2.56   52025    4056  250229  1018584  19.58
1885-1889     65-69     0.02252  0.10689  2.63   47969    5127  227667   768355  16.02
1885-1889     70-74     0.03644  0.16750  2.59   42841    7176  196936   540688  12.62
1885-1889     75-79     0.06027  0.26273  2.56   35665    9370  155474   343753   9.64
1885-1889     80-84     0.10381  0.41152  2.48   26295   10821  104239   188279   7.16
1885-1889     85-89     0.15300  0.54081  2.29   15474    8369   54696    84040   5.43
1885-1889     90-94     0.20971  0.66739  2.28    7105    4742   22613    29344   4.13
1885-1889     95-99     0.31866  0.78840  1.80    2363    1863    5847     6731   2.85
1885-1889    100-104    0.55590  0.97826  1.69     500     489     880      883   1.77
1885-1889    105-109    3.23710  1.00000  0.31      11      11       3        3   0.31
1885-1889    110+             .        .     .       0       0       0        0      .
1890-1894        0      0.14627  0.13278  0.31  100000   13278   90782  5504933  55.05
1890-1894      1-4      0.01072  0.04173  1.43   86722    3619  337579  5414151  62.43
1890-1894      5-9      0.00425  0.02100  2.30   83103    1745  410798  5076572  61.09
1890-1894     10-14     0.00371  0.01840  2.70   81358    1497  403345  4665774  57.35
1890-1894     15-19     0.00569  0.02804  2.52   79861    2239  393747  4262429  53.37
1890-1894     20-24     0.00763  0.03746  2.63   77621    2908  381203  3868682  49.84
1890-1894     25-29     0.00889  0.04346  2.42   74714    3247  365181  3487479  46.68
1890-1894     30-34     0.00735  0.03606  2.45   71467    2577  350754  3122298  43.69
1890-1894     35-39     0.00671  0.03301  2.44   68890    2274  338638  2771544  40.23
1890-1894     40-44     0.00586  0.02887  2.50   66616    1923  328265  2432906  36.52
1890-1894     45-49     0.00624  0.03073  2.65   64693    1988  318795  2104641  32.53
1890-1894     50-54     0.00806  0.03950  2.50   62705    2477  307335  1785846  28.48
1890-1894     55-59     0.00937  0.04581  2.58   60228    2759  294464  1478511  24.55
1890-1894     60-64     0.01262  0.06129  2.66   57469    3522  279099  1184047  20.60
1890-1894     65-69     0.01974  0.09436  2.66   53947    5090  257825   904948  16.77
1890-1894     70-74     0.03384  0.15666  2.63   48856    7654  226151   647123  13.25
1890-1894     75-79     0.05783  0.25373  2.58   41202   10454  180765   420972  10.22
1890-1894     80-84     0.08830  0.36120  2.48   30748   11106  125777   240207   7.81
1890-1894     85-89     0.13282  0.49445  2.42   19642    9712   73123   114430   5.83
1890-1894     90-94     0.21120  0.67283  2.30    9930    6681   31635    41307   4.16
1890-1894     95-99     0.30585  0.79580  1.99    3249    2585    8453     9671   2.98
1890-1894    100-104    0.54213  0.98529  1.77     663     654    1206     1219   1.84
1890-1894    105-109    0.76107  1.00000  1.31      10      10      13       13   1.31
1890-1894    110+             .        .     .       0       0       0        0      .
1895-1899        0      0.13344  0.12213  0.31  100000   12213   91524  5544753  55.45
1895-1899      1-4      0.01493  0.05738  1.27   87787    5037  337398  5453230  62.12
1895-1899      5-9      0.00409  0.02023  2.22   82750    1674  409099  5115832  61.82
1895-1899     10-14     0.00354  0.01757  2.52   81076    1424  401844  4706733  58.05
1895-1899     15-19     0.00564  0.02785  2.69   79651    2218  393129  4304888  54.05
1895-1899     20-24     0.00838  0.04104  2.53   77433    3178  379314  3911759  50.52
1895-1899     25-29     0.00742  0.03637  2.27   74255    2701  363917  3532445  47.57
1895-1899     30-34     0.00658  0.03235  2.51   71555    2315  352018  3168528  44.28
1895-1899     35-39     0.00571  0.02815  2.41   69240    1949  341142  2816510  40.68
1895-1899     40-44     0.00575  0.02834  2.51   67291    1907  331708  2475368  36.79
1895-1899     45-49     0.00631  0.03105  2.46   65384    2030  321761  2143661  32.79
1895-1899     50-54     0.00627  0.03087  2.55   63354    1956  311981  1821900  28.76
1895-1899     55-59     0.00859  0.04209  2.59   61398    2584  300770  1509920  24.59
1895-1899     60-64     0.01357  0.06566  2.56   58814    3862  284657  1209149  20.56
1895-1899     65-69     0.02227  0.10593  2.69   54952    5821  261337   924493  16.82
1895-1899     70-74     0.03523  0.16235  2.59   49131    7977  226405   663155  13.50
1895-1899     75-79     0.04976  0.22119  2.49   41154    9103  182935   436751  10.61
1895-1899     80-84     0.08210  0.34145  2.54   32052   10944  133298   253815   7.92
1895-1899     85-89     0.13689  0.50551  2.41   21108   10670   77947   120518   5.71
1895-1899     90-94     0.21352  0.67418  2.27   10437    7037   32955    42570   4.08
1895-1899     95-99     0.33939  0.83511  1.96    3401    2840    8368     9615   2.83
1895-1899    100-104    0.45366  0.88710  1.57     561     497    1097     1247   2.22
1895-1899    105-109    0.42097  1.00000  2.38      63      63     150      150   2.38
1895-1899    110+             .        .     .       0       0       0        0      .
1900-1904        0      0.11275  0.10457  0.31  100000   10457   92743  5762682  57.63
1900-1904      1-4      0.01571  0.06030  1.31   89543    5399  343624  5669939  63.32
1900-1904      5-9      0.00395  0.01952  2.25   84144    1642  416202  5326315  63.30
1900-1904     10-14     0.00298  0.01478  2.69   82502    1220  409693  4910113  59.52
1900-1904     15-19     0.00533  0.02635  2.76   81282    2142  401618  4500420  55.37
1900-1904     20-24     0.00795  0.03895  2.47   79140    3082  387892  4098802  51.79
1900-1904     25-29     0.00630  0.03101  2.49   76058    2359  374378  3710910  48.79
1900-1904     30-34     0.00544  0.02682  2.35   73699    1977  363264  3336532  45.27
1900-1904     35-39     0.00473  0.02340  2.50   71722    1678  354420  2973268  41.46
1900-1904     40-44     0.00437  0.02159  2.46   70044    1513  346376  2618847  37.39
1900-1904     45-49     0.00536  0.02644  2.56   68532    1812  338246  2272471  33.16
1900-1904     50-54     0.00645  0.03176  2.60   66720    2119  328509  1934226  28.99
1900-1904     55-59     0.00936  0.04581  2.71   64601    2959  316232  1605717  24.86
1900-1904     60-64     0.01334  0.06467  2.67   61641    3986  298903  1289485  20.92
1900-1904     65-69     0.02281  0.10815  2.60   57655    6235  273337   990582  17.18
1900-1904     70-74     0.03202  0.14841  2.54   51420    7631  238356   717245  13.95
1900-1904     75-79     0.04695  0.21121  2.63   43789    9249  197007   478889  10.94
1900-1904     80-84     0.07856  0.33010  2.58   34540   11402  145136   281882   8.16
1900-1904     85-89     0.12871  0.48341  2.43   23138   11185   86904   136746   5.91
1900-1904     90-94     0.20581  0.65870  2.27   11953    7873   38256    49842   4.17
1900-1904     95-99     0.32445  0.81619  1.96    4080    3330   10263    11585   2.84
1900-1904    100-104    0.55487  0.92857  1.42     750     696    1255     1323   1.76
1900-1904    105-109    0.78947  1.00000  1.27      54      54      68       68   1.27
1900-1904    110+             .        .     .       0       0       0        0      .
1905-1909        0      0.12910  0.11848  0.31  100000   11848   91772  5778866  57.79
1905-1909      1-4      0.01347  0.05199  1.29   88152    4583  340200  5687093  64.51
1905-1909      5-9      0.00321  0.01593  2.19   83569    1331  414100  5346893  63.98
1905-1909     10-14     0.00269  0.01338  2.72   82238    1100  408678  4932793  59.98
1905-1909     15-19     0.00583  0.02875  2.69   81138    2333  400303  4524115  55.76
1905-1909     20-24     0.00753  0.03696  2.50   78805    2913  386736  4123812  52.33
1905-1909     25-29     0.00589  0.02897  2.31   75892    2199  373549  3737076  49.24
1905-1909     30-34     0.00506  0.02500  2.55   73693    1842  363959  3363528  45.64
1905-1909     35-39     0.00411  0.02032  2.27   71851    1460  355276  2999569  41.75
1905-1909     40-44     0.00367  0.01819  2.54   70391    1280  348803  2644293  37.57
1905-1909     45-49     0.00416  0.02059  2.60   69111    1423  342138  2295490  33.21
1905-1909     50-54     0.00637  0.03137  2.61   67687    2123  333357  1953352  28.86
1905-1909     55-59     0.01015  0.04955  2.56   65564    3249  319910  1619996  24.71
1905-1909     60-64     0.01422  0.06879  2.65   62316    4287  301488  1300086  20.86
1905-1909     65-69     0.02119  0.10077  2.58   58029    5848  275983   998598  17.21
1905-1909     70-74     0.03170  0.14747  2.64   52181    7695  242773   722615  13.85
1905-1909     75-79     0.05025  0.22404  2.58   44486    9967  198358   479842  10.79
1905-1909     80-84     0.07753  0.32546  2.54   34519   11235  144909   281484   8.15
1905-1909     85-89     0.12757  0.47921  2.40   23285   11158   87467   136575   5.87
1905-1909     90-94     0.22288  0.68769  2.22   12126    8339   37416    49108   4.05
1905-1909     95-99     0.30393  0.80029  2.04    3787    3031    9972    11692   3.09
1905-1909    100-104    0.44366  0.92904  1.87     756     703    1584     1720   2.27
1905-1909    105-109    0.39397  1.00000  2.54      54      54     136      136   2.54
1905-1909    110+             .        .     .       0       0       0        0      .
1910-1914        0      0.08377  0.07917  0.31  100000    7917   94501  6271048  62.71
1910-1914      1-4      0.00961  0.03750  1.43   92083    3453  359460  6176547  67.08
1910-1914      5-9      0.00306  0.01517  2.10   88630    1344  439254  5817087  65.63
1910-1914     10-14     0.00278  0.01382  2.68   87286    1206  433637  5377834  61.61
1910-1914     15-19     0.00478  0.02365  2.64   86080    2036  425598  4944196  57.44
1910-1914     20-24     0.00587  0.02892  2.43   84044    2431  413979  4518598  53.76
1910-1914     25-29     0.00462  0.02282  2.45   81613    1863  403318  4104618  50.29
1910-1914     30-34     0.00428  0.02115  2.26   79751    1687  394136  3701300  46.41
1910-1914     35-39     0.00306  0.01516  2.48   78064    1184  387330  3307164  42.37
1910-1914     40-44     0.00275  0.01365  2.50   76880    1050  381777  2919833  37.98
1910-1914     45-49     0.00421  0.02085  2.64   75830    1581  375418  2538056  33.47
1910-1914     50-54     0.00605  0.02984  2.72   74249    2216  366198  2162638  29.13
1910-1914     55-59     0.00984  0.04811  2.66   72033    3466  352050  1796440  24.94
1910-1914     60-64     0.01284  0.06225  2.57   68568    4269  332469  1444390  21.07
1910-1914     65-69     0.01985  0.09477  2.62   64299    6094  306987  1111920  17.29
1910-1914     70-74     0.03123  0.14517  2.58   58205    8450  270571   804933  13.83
1910-1914     75-79     0.05038  0.22397  2.52   49756   11144  221184   534362  10.74
1910-1914     80-84     0.07857  0.32892  2.53   38612   12700  161648   313178   8.11
1910-1914     85-89     0.13074  0.49046  2.45   25912   12709   97209   151530   5.85
1910-1914     90-94     0.21032  0.66821  2.27   13203    8822   41948    54321   4.11
1910-1914     95-99     0.33726  0.82777  1.92    4381    3626   10752    12373   2.82
1910-1914    100-104    0.46746  0.94147  1.83     754     710    1519     1621   2.15
1910-1914    105-109    0.43480  1.00000  2.30      44      44     102      102   2.30
1910-1914    110+             .        .     .       0       0       0        0      .
1915-1919        0      0.06982  0.06650  0.28  100000    6650   95241  6497412  64.97
1915-1919      1-4      0.00968  0.03780  1.50   93350    3529  364566  6402171  68.58
1915-1919      5-9      0.00304  0.01505  2.09   89821    1352  445178  6037605  67.22
1915-1919     10-14     0.00197  0.00978  2.58   88469     865  440256  5592427  63.21
1915-1919     15-19     0.00350  0.01736  2.77   87604    1521  434632  5152171  58.81
1915-1919     20-24     0.00494  0.02439  2.51   86083    2099  425186  4717539  54.80
1915-1919     25-29     0.00435  0.02151  2.32   83984    1806  415078  4292353  51.11
1915-1919     30-34     0.00250  0.01240  2.31   82178    1019  408149  3877275  47.18
1915-1919     35-39     0.00229  0.01139  2.46   81158     924  403443  3469126  42.75
1915-1919     40-44     0.00278  0.01381  2.72   80234    1108  398642  3065683  38.21
1915-1919     45-49     0.00429  0.02121  2.59   79126    1679  391590  2667041  33.71
1915-1919     50-54     0.00652  0.03209  2.68   77447    2486  381474  2275451  29.38
1915-1919     55-59     0.01014  0.04945  2.53   74961    3707  365639  1893977  25.27
1915-1919     60-64     0.01313  0.06362  2.58   71255    4533  345301  1528338  21.45
1915-1919     65-69     0.01950  0.09306  2.55   66721    6209  318401  1183037  17.73
1915-1919     70-74     0.02857  0.13398  2.68   60512    8108  283769   864636  14.29
1915-1919     75-79     0.04763  0.21371  2.60   52405   11199  235125   580867  11.08
1915-1919     80-84     0.07409  0.31264  2.50   41205   12882  173870   345742   8.39
1915-1919     85-89     0.12080  0.46438  2.51   28323   13153  108883   171872   6.07
1915-1919     90-94     0.20572  0.65706  2.25   15171    9968   48453    62989   4.15
1915-1919     95-99     0.34050  0.82645  1.89    5203    4300   12628    14536   2.79
1915-1919    100-104    0.46067  0.93849  1.84     903     847    1840     1908   2.11
1915-1919    105-109    0.80659  1.00000  1.24      56      56      69       69   1.24
1915-1919    110+             .        .     .       0       0       0        0      .
1920-1924        0      0.06053  0.05791  0.25  100000    5791   95664  6853308  68.53
1920-1924      1-4      0.00747  0.02931  1.40   94209    2761  369661  6757644  71.73
1920-1924      5-9      0.00189  0.00941  2.30   91448     860  454922  6387982  69.85
1920-1924     10-14     0.00184  0.00917  2.67   90588     831  451006  5933060  65.49
1920-1924     15-19     0.00322  0.01598  2.70   89757    1434  445494  5482054  61.08
1920-1924     20-24     0.00353  0.01749  2.31   88323    1545  437455  5036560  57.02
1920-1924     25-29     0.00207  0.01030  2.27   86778     894  431453  4599105  53.00
1920-1924     30-34     0.00170  0.00847  2.49   85884     727  427597  4167652  48.53
1920-1924     35-39     0.00189  0.00941  2.53   85157     801  423810  3740054  43.92
1920-1924     40-44     0.00268  0.01331  2.65   84356    1122  419140  3316245  39.31
1920-1924     45-49     0.00393  0.01948  2.67   83234    1621  412387  2897105  34.81
1920-1924     50-54     0.00578  0.02850  2.60   81612    2326  402487  2484718  30.45
1920-1924     55-59     0.00802  0.03934  2.64   79286    3119  389057  2082231  26.26
1920-1924     60-64     0.01180  0.05736  2.60   76167    4369  370358  1693174  22.23
1920-1924     65-69     0.01727  0.08285  2.56   71798    5948  344508  1322816  18.42
1920-1924     70-74     0.02725  0.12791  2.61   65850    8423  309157   978308  14.86
1920-1924     75-79     0.04040  0.18392  2.57   57427   10562  261455   669151  11.65
1920-1924     80-84     0.06790  0.29065  2.52   46865   13621  200612   407696   8.70
1920-1924     85-89     0.11291  0.44268  2.56   33244   14716  130334   207085   6.23
1920-1924     90-94     0.20547  0.65864  2.28   18528   12203   59390    76751   4.14
1920-1924     95-99     0.33870  0.82550  1.90    6325    5221   15415    17361   2.74
1920-1924    100-104    0.56587  0.96145  1.57    1104    1061    1875     1946   1.76
1920-1924    105-109    0.60052  1.00000  1.67      43      43      71       71   1.67
1920-1924    110+             .        .     .       0       0       0        0      .
1925-1929        0      0.05601  0.05371  0.24  100000    5371   95898  7125707  71.26
1925-1929      1-4      0.00558  0.02199  1.22   94629    2081  372732  7029810  74.29
1925-1929      5-9      0.00202  0.01007  2.34   92548     932  460260  6657078  71.93
1925-1929     10-14     0.00123  0.00613  2.57   91617     562  456718  6196818  67.64
1925-1929     15-19     0.00231  0.01150  2.50   91055    1047  452651  5740100  63.04
1925-1929     20-24     0.00193  0.00959  2.35   90007     863  447754  5287449  58.74
1925-1929     25-29     0.00141  0.00704  2.35   89144     628  444058  4839695  54.29
1925-1929     30-34     0.00138  0.00686  2.60   88517     607  441126  4395636  49.66
1925-1929     35-39     0.00156  0.00778  2.56   87910     684  437880  3954511  44.98
1925-1929     40-44     0.00240  0.01195  2.62   87226    1043  433648  3516630  40.32
1925-1929     45-49     0.00371  0.01838  2.60   86184    1584  427112  3082983  35.77
1925-1929     50-54     0.00516  0.02550  2.64   84600    2157  417914  2655871  31.39
1925-1929     55-59     0.00702  0.03454  2.67   82443    2848  405590  2237957  27.15
1925-1929     60-64     0.01098  0.05358  2.73   79595    4264  388297  1832366  23.02
1925-1929     65-69     0.01576  0.07603  2.68   75331    5728  363381  1444070  19.17
1925-1929     70-74     0.02417  0.11418  2.58   69603    7947  328783  1080688  15.53
1925-1929     75-79     0.03554  0.16397  2.64   61656   10110  284466   751905  12.20
1925-1929     80-84     0.06067  0.26543  2.65   51547   13682  225527   467439   9.07
1925-1929     85-89     0.10953  0.43159  2.54   37865   16342  149199   241912   6.39
1925-1929     90-94     0.19022  0.62998  2.32   21522   13559   71280    92713   4.31
1925-1929     95-99     0.35041  0.83214  1.85    7964    6627   18912    21433   2.69
1925-1929    100-104    0.52755  0.95751  1.67    1337    1280    2426     2521   1.89
1925-1929    105-109    0.60052  1.00000  1.67      57      57      95       95   1.67
1925-1929    110+             .        .     .       0       0       0        0      .
1930-1931        0      0.04938  0.04753  0.21  100000    4753   96255  7324308  73.24
1930-1931      1-4      0.00455  0.01800  1.55   95247    1715  376783  7228052  75.89
1930-1931      5-9      0.00160  0.00794  1.95   93532     743  465398  6851269  73.25
1930-1931     10-14     0.00110  0.00547  2.79   92790     507  462827  6385871  68.82
1930-1931     15-19     0.00120  0.00598  2.26   92283     552  459904  5923044  64.18
1930-1931     20-24     0.00120  0.00598  2.40   91731     549  457227  5463141  59.56
1930-1931     25-29     0.00102  0.00507  2.37   91182     463  454690  5005914  54.90
1930-1931     30-34     0.00133  0.00664  2.65   90719     602  452177  4551224  50.17
1930-1931     35-39     0.00161  0.00803  2.75   90117     723  448954  4099047  45.49
1930-1931     40-44     0.00227  0.01129  2.68   89393    1009  444628  3650093  40.83
1930-1931     45-49     0.00312  0.01550  2.62   88384    1370  438662  3205465  36.27
1930-1931     50-54     0.00470  0.02326  2.65   87014    2024  430322  2766803  31.80
1930-1931     55-59     0.00696  0.03423  2.53   84990    2909  417758  2336481  27.49
1930-1931     60-64     0.00955  0.04672  2.72   82080    3835  401662  1918723  23.38
1930-1931     65-69     0.01505  0.07258  2.54   78246    5679  377248  1517061  19.39
1930-1931     70-74     0.02202  0.10457  2.60   72566    7589  344638  1139813  15.71
1930-1931     75-79     0.03629  0.16714  2.64   64978   10861  299296   795175  12.24
1930-1931     80-84     0.05829  0.25507  2.55   54117   13804  236794   495879   9.16
1930-1931     85-89     0.10635  0.41678  2.41   40314   16802  157992   259085   6.43
1930-1931     90-94     0.19103  0.63027  2.30   23512   14819   77570   101093   4.30
1930-1931     95-99     0.34803  0.83045  1.85    8693    7219   20743    23522   2.71
1930-1931    100-104    0.52755  0.95751  1.67    1474    1411    2675     2779   1.89
1930-1931    105-109    0.60052  1.00000  1.67      63      63     104      104   1.67
1930-1931    110+             .        .     .       0       0       0        0      .
