Netherlands, Life tables (cohort 5x5), Total	Last modified: 06 Oct 2023;  Methods Protocol: v6 (2017)

  Year          Age         mx       qx    ax      lx      dx      Lx       Tx     ex
1850-1854        0      0.23142  0.19939  0.31  100000   19939   86159  4040132  40.40
1850-1854      1-4      0.03833  0.13940  1.40   80061   11160  291187  3953972  49.39
1850-1854      5-9      0.01130  0.05471  2.10   68900    3769  333571  3662785  53.16
1850-1854     10-14     0.00575  0.02834  2.39   65131    1846  320834  3329214  51.12
1850-1854     15-19     0.00678  0.03339  2.69   63285    2113  311543  3008379  47.54
1850-1854     20-24     0.00852  0.04170  2.41   61172    2551  299264  2696836  44.09
1850-1854     25-29     0.00793  0.03887  2.47   58621    2278  287344  2397572  40.90
1850-1854     30-34     0.00828  0.04058  2.50   56343    2286  276008  2110228  37.45
1850-1854     35-39     0.00919  0.04491  2.54   54056    2428  264311  1834220  33.93
1850-1854     40-44     0.00944  0.04610  2.47   51629    2380  252109  1569908  30.41
1850-1854     45-49     0.01006  0.04907  2.55   49248    2417  240311  1317800  26.76
1850-1854     50-54     0.01245  0.06044  2.59   46832    2831  227329  1077489  23.01
1850-1854     55-59     0.01698  0.08161  2.62   44001    3591  211462   850160  19.32
1850-1854     60-64     0.02530  0.11946  2.67   40410    4827  190781   638698  15.81
1850-1854     65-69     0.03976  0.18136  2.58   35583    6453  162327   447917  12.59
1850-1854     70-74     0.05862  0.25682  2.59   29130    7481  127613   285590   9.80
1850-1854     75-79     0.09651  0.38827  2.48   21649    8405   87096   157978   7.30
1850-1854     80-84     0.14672  0.53037  2.39   13243    7024   47872    70882   5.35
1850-1854     85-89     0.24352  0.72767  2.24    6219    4526   18584    23009   3.70
1850-1854     90-94     0.37789  0.85684  1.81    1694    1451    3840     4425   2.61
1850-1854     95-99     0.40447  0.90017  1.92     242     218     540      585   2.41
1850-1854    100-104    0.52352  0.91736  1.46      24      22      42       45   1.87
1850-1854    105-109    0.71164  1.00000  1.41       2       2       3        3   1.41
1850-1854    110+             .        .     .       0       0       0        0      .
1855-1859        0      0.26085  0.22086  0.31  100000   22086   84670  3949941  39.50
1855-1859      1-4      0.04319  0.15527  1.39   77914   12098  280088  3865272  49.61
1855-1859      5-9      0.01091  0.05287  2.13   65817    3480  319085  3585184  54.47
1855-1859     10-14     0.00538  0.02652  2.36   62337    1653  307322  3266099  52.39
1855-1859     15-19     0.00613  0.03021  2.62   60684    1833  299063  2958777  48.76
1855-1859     20-24     0.00717  0.03519  2.46   58851    2071  288984  2659713  45.19
1855-1859     25-29     0.00725  0.03559  2.48   56780    2021  278798  2370729  41.75
1855-1859     30-34     0.00767  0.03764  2.55   54759    2061  268742  2091931  38.20
1855-1859     35-39     0.00809  0.03964  2.46   52698    2089  258187  1823189  34.60
1855-1859     40-44     0.00830  0.04065  2.51   50609    2057  247919  1565002  30.92
1855-1859     45-49     0.00911  0.04456  2.56   48552    2164  237487  1317083  27.13
1855-1859     50-54     0.01168  0.05680  2.59   46389    2635  225603  1079596  23.27
1855-1859     55-59     0.01626  0.07832  2.67   43754    3427  210798   853993  19.52
1855-1859     60-64     0.02529  0.11921  2.60   40327    4807  190097   643195  15.95
1855-1859     65-69     0.03621  0.16667  2.62   35520    5920  163495   453098  12.76
1855-1859     70-74     0.05940  0.25955  2.57   29599    7682  129323   289604   9.78
1855-1859     75-79     0.09221  0.37524  2.52   21917    8224   89184   160281   7.31
1855-1859     80-84     0.15848  0.56194  2.41   13693    7695   48553    71097   5.19
1855-1859     85-89     0.25008  0.72249  2.08    5998    4334   17330    22544   3.76
1855-1859     90-94     0.29708  0.79218  2.05    1665    1319    4439     5214   3.13
1855-1859     95-99     0.43212  0.90259  1.77     346     312     723      775   2.24
1855-1859    100-104    0.63750  0.97110  1.42      34      33      51       53   1.56
1855-1859    105-109    0.71016  1.00000  1.41       1       1       1        1   1.41
1855-1859    110+             .        .     .       0       0       0        0      .
1860-1864        0      0.24219  0.20733  0.31  100000   20733   85607  4190651  41.91
1860-1864      1-4      0.03915  0.14202  1.38   79267   11258  287574  4105043  51.79
1860-1864      5-9      0.00960  0.04669  2.14   68009    3176  330950  3817469  56.13
1860-1864     10-14     0.00451  0.02227  2.30   64834    1444  320274  3486519  53.78
1860-1864     15-19     0.00528  0.02609  2.65   63390    1654  313067  3166245  49.95
1860-1864     20-24     0.00657  0.03232  2.49   61736    1995  303675  2853178  46.22
1860-1864     25-29     0.00668  0.03286  2.51   59741    1963  293809  2549502  42.68
1860-1864     30-34     0.00689  0.03385  2.49   57778    1956  283978  2255694  39.04
1860-1864     35-39     0.00703  0.03453  2.53   55822    1928  274354  1971715  35.32
1860-1864     40-44     0.00744  0.03655  2.52   53895    1970  264584  1697362  31.49
1860-1864     45-49     0.00832  0.04077  2.54   51925    2117  254419  1432777  27.59
1860-1864     50-54     0.01118  0.05446  2.67   49808    2713  242719  1178358  23.66
1860-1864     55-59     0.01630  0.07845  2.60   47095    3694  226613   935640  19.87
1860-1864     60-64     0.02216  0.10527  2.64   43401    4569  206211   709026  16.34
1860-1864     65-69     0.03565  0.16428  2.61   38832    6379  178938   502816  12.95
1860-1864     70-74     0.05572  0.24571  2.60   32453    7974  143098   323878   9.98
1860-1864     75-79     0.09577  0.38730  2.53   24479    9481   98999   180780   7.39
1860-1864     80-84     0.15692  0.55178  2.31   14998    8276   52738    81781   5.45
1860-1864     85-89     0.20139  0.65156  2.29    6722    4380   21749    29043   4.32
1860-1864     90-94     0.30099  0.79599  2.04    2342    1865    6195     7294   3.11
1860-1864     95-99     0.42379  0.89363  1.76     478     427    1008     1099   2.30
1860-1864    100-104    0.54884  0.95144  1.57      51      48      88       91   1.80
1860-1864    105-109    0.75480  1.00000  1.32       2       2       3        3   1.32
1860-1864    110+             .        .     .       0       0       0        0      .
1865-1869        0      0.25527  0.21685  0.31  100000   21685   84947  4275239  42.75
1865-1869      1-4      0.03721  0.13560  1.38   78315   10619  285406  4190292  53.51
1865-1869      5-9      0.00832  0.04054  1.92   67696    2744  330019  3904886  57.68
1865-1869     10-14     0.00376  0.01862  2.42   64952    1209  321645  3574868  55.04
1865-1869     15-19     0.00493  0.02436  2.65   63743    1553  315070  3253222  51.04
1865-1869     20-24     0.00623  0.03066  2.50   62190    1907  306173  2938153  47.25
1865-1869     25-29     0.00605  0.02979  2.44   60283    1796  296819  2631980  43.66
1865-1869     30-34     0.00594  0.02929  2.51   58487    1713  288163  2335161  39.93
1865-1869     35-39     0.00603  0.02970  2.52   56774    1686  279690  2046998  36.06
1865-1869     40-44     0.00648  0.03189  2.52   55088    1757  271075  1767308  32.08
1865-1869     45-49     0.00800  0.03928  2.63   53331    2095  261698  1496233  28.06
1865-1869     50-54     0.01106  0.05385  2.56   51236    2759  249457  1234536  24.09
1865-1869     55-59     0.01403  0.06786  2.60   48478    3289  234505   985078  20.32
1865-1869     60-64     0.02189  0.10406  2.64   45188    4702  214836   750573  16.61
1865-1869     65-69     0.03349  0.15512  2.62   40486    6280  187505   535737  13.23
1865-1869     70-74     0.05702  0.25088  2.61   34205    8581  150510   348232  10.18
1865-1869     75-79     0.09463  0.38162  2.47   25624    9779  103333   197722   7.72
1865-1869     80-84     0.12941  0.48561  2.43   15846    7695   59461    94390   5.96
1865-1869     85-89     0.20431  0.65454  2.26    8151    5335   26113    34929   4.29
1865-1869     90-94     0.29833  0.79124  2.03    2816    2228    7468     8816   3.13
1865-1869     95-99     0.42258  0.89136  1.76     588     524    1240     1348   2.29
1865-1869    100-104    0.58471  0.97059  1.56      64      62     106      108   1.69
1865-1869    105-109    0.86956  1.00000  1.15       2       2       2        2   1.15
1865-1869    110+             .        .     .       0       0       0        0      .
1870-1874        0      0.26556  0.22423  0.31  100000   22423   84435  4433224  44.33
1870-1874      1-4      0.03164  0.11638  1.24   77577    9028  285352  4348789  56.06
1870-1874      5-9      0.00630  0.03092  2.09   68549    2120  336569  4063437  59.28
1870-1874     10-14     0.00351  0.01740  2.45   66429    1156  329194  3726867  56.10
1870-1874     15-19     0.00461  0.02279  2.66   65273    1488  322889  3397673  52.05
1870-1874     20-24     0.00574  0.02829  2.47   63786    1805  314364  3074784  48.20
1870-1874     25-29     0.00551  0.02717  2.49   61981    1684  305673  2760420  44.54
1870-1874     30-34     0.00519  0.02563  2.50   60297    1545  297628  2454748  40.71
1870-1874     35-39     0.00540  0.02664  2.52   58752    1565  289876  2157119  36.72
1870-1874     40-44     0.00624  0.03074  2.65   57187    1758  281807  1867243  32.65
1870-1874     45-49     0.00797  0.03906  2.50   55429    2165  271726  1585436  28.60
1870-1874     50-54     0.00939  0.04594  2.62   53264    2447  260498  1313710  24.66
1870-1874     55-59     0.01368  0.06626  2.63   50817    3367  246117  1053212  20.73
1870-1874     60-64     0.02072  0.09877  2.64   47450    4687  226190   807095  17.01
1870-1874     65-69     0.03409  0.15779  2.64   42764    6748  197921   580904  13.58
1870-1874     70-74     0.05577  0.24542  2.56   36016    8839  158486   382983  10.63
1870-1874     75-79     0.07893  0.33062  2.55   27177    8985  113844   224497   8.26
1870-1874     80-84     0.12746  0.48013  2.43   18192    8734   68525   110653   6.08
1870-1874     85-89     0.19638  0.63811  2.26    9457    6035   30731    42128   4.45
1870-1874     90-94     0.27938  0.76674  2.06    3423    2624    9393    11397   3.33
1870-1874     95-99     0.38590  0.88027  1.91     798     703    1821     2004   2.51
1870-1874    100-104    0.51326  0.93906  1.62      96      90     175      183   1.91
1870-1874    105-109    0.74319  1.00000  1.35       6       6       8        8   1.35
1870-1874    110+             .        .     .       0       0       0        0      .
1875-1879        0      0.24782  0.21144  0.31  100000   21144   85320  4615272  46.15
1875-1879      1-4      0.02939  0.10878  1.26   78856    8578  291891  4529952  57.45
1875-1879      5-9      0.00644  0.03161  2.09   70278    2221  344930  4238062  60.30
1875-1879     10-14     0.00337  0.01671  2.45   68056    1137  337379  3893132  57.20
1875-1879     15-19     0.00440  0.02178  2.62   66919    1457  331126  3555753  53.13
1875-1879     20-24     0.00515  0.02541  2.48   65462    1663  323125  3224627  49.26
1875-1879     25-29     0.00473  0.02339  2.45   63799    1492  315193  2901503  45.48
1875-1879     30-34     0.00453  0.02239  2.51   62306    1395  308057  2586310  41.51
1875-1879     35-39     0.00527  0.02603  2.66   60912    1586  300853  2278253  37.40
1875-1879     40-44     0.00646  0.03179  2.42   59326    1886  291754  1977400  33.33
1875-1879     45-49     0.00646  0.03182  2.60   57440    1828  282811  1685647  29.35
1875-1879     50-54     0.00906  0.04435  2.62   55612    2467  272197  1402836  25.23
1875-1879     55-59     0.01298  0.06299  2.64   53145    3348  257816  1130639  21.27
1875-1879     60-64     0.02040  0.09733  2.66   49798    4847  237625   872823  17.53
1875-1879     65-69     0.03345  0.15475  2.59   44951    6956  207988   635198  14.13
1875-1879     70-74     0.04631  0.20832  2.59   37994    7915  170895   427210  11.24
1875-1879     75-79     0.07553  0.31877  2.55   30079    9588  126942   256314   8.52
1875-1879     80-84     0.12088  0.46167  2.44   20491    9460   78263   129373   6.31
1875-1879     85-89     0.18486  0.61468  2.28   11031    6781   36680    51110   4.63
1875-1879     90-94     0.27250  0.76024  2.09    4250    3231   11858    14430   3.39
1875-1879     95-99     0.38477  0.86970  1.85    1019     886    2303     2572   2.52
1875-1879    100-104    0.48287  0.92764  1.68     133     123     255      269   2.02
1875-1879    105-109    0.71521  1.00000  1.40      10      10      13       13   1.40
1875-1879    110+             .        .     .       0       0       0        0      .
1880-1884        0      0.23552  0.20242  0.31  100000   20242   85947  4767437  47.67
1880-1884      1-4      0.02968  0.10997  1.32   79758    8771  295561  4681491  58.70
1880-1884      5-9      0.00565  0.02777  2.02   70987    1971  349059  4385930  61.79
1880-1884     10-14     0.00295  0.01462  2.45   69016    1009  342501  4036871  58.49
1880-1884     15-19     0.00391  0.01938  2.68   68006    1318  336980  3694370  54.32
1880-1884     20-24     0.00461  0.02280  2.46   66689    1520  329587  3357390  50.34
1880-1884     25-29     0.00412  0.02037  2.46   65168    1327  322474  3027803  46.46
1880-1884     30-34     0.00453  0.02244  2.70   63841    1433  315906  2705328  42.38
1880-1884     35-39     0.00577  0.02844  2.35   62408    1775  307335  2389422  38.29
1880-1884     40-44     0.00466  0.02301  2.55   60634    1395  299746  2082087  34.34
1880-1884     45-49     0.00599  0.02955  2.61   59238    1750  292017  1782341  30.09
1880-1884     50-54     0.00819  0.04016  2.65   57488    2308  282006  1490324  25.92
1880-1884     55-59     0.01265  0.06144  2.67   55180    3390  267981  1208318  21.90
1880-1884     60-64     0.02037  0.09711  2.59   51789    5029  246836   940337  18.16
1880-1884     65-69     0.02702  0.12696  2.63   46760    5937  219700   693501  14.83
1880-1884     70-74     0.04357  0.19749  2.63   40823    8062  185041   473801  11.61
1880-1884     75-79     0.07109  0.30275  2.55   32761    9918  139521   288760   8.81
1880-1884     80-84     0.11405  0.44155  2.44   22842   10086   88438   149239   6.53
1880-1884     85-89     0.17873  0.60282  2.30   12756    7690   43024    60801   4.77
1880-1884     90-94     0.26175  0.74299  2.09    5067    3764   14382    17777   3.51
1880-1884     95-99     0.37068  0.85638  1.86    1302    1115    3008     3395   2.61
1880-1884    100-104    0.47064  0.91697  1.67     187     171     364      387   2.07
1880-1884    105-109    0.69426  0.99710  1.43      16      15      22       22   1.44
1880-1884    110+       3.00000  1.00000  0.33       0       0       0        0   0.33
1885-1889        0      0.21614  0.18793  0.31  100000   18793   86952  5022493  50.22
1885-1889      1-4      0.02585  0.09649  1.23   81207    7836  303097  4935540  60.78
1885-1889      5-9      0.00459  0.02265  2.03   73371    1662  361911  4632443  63.14
1885-1889     10-14     0.00250  0.01240  2.55   71709     889  356366  4270532  59.55
1885-1889     15-19     0.00363  0.01801  2.64   70819    1276  351083  3914165  55.27
1885-1889     20-24     0.00394  0.01949  2.44   69544    1355  344252  3563082  51.24
1885-1889     25-29     0.00425  0.02106  2.73   68189    1436  337680  3218831  47.20
1885-1889     30-34     0.00539  0.02656  2.29   66753    1773  328954  2881151  43.16
1885-1889     35-39     0.00389  0.01925  2.54   64980    1251  321817  2552197  39.28
1885-1889     40-44     0.00441  0.02182  2.54   63729    1390  315221  2230380  35.00
1885-1889     45-49     0.00540  0.02664  2.62   62339    1661  307736  1915159  30.72
1885-1889     50-54     0.00833  0.04086  2.67   60678    2479  297614  1607423  26.49
1885-1889     55-59     0.01313  0.06363  2.58   58199    3703  282021  1309809  22.51
1885-1889     60-64     0.01600  0.07706  2.63   54495    4199  262504  1027787  18.86
1885-1889     65-69     0.02524  0.11910  2.65   50296    5990  237373   765283  15.22
1885-1889     70-74     0.04106  0.18713  2.63   44305    8291  201903   527910  11.92
1885-1889     75-79     0.06804  0.29176  2.56   36015   10507  154441   326007   9.05
1885-1889     80-84     0.11138  0.43413  2.46   25507   11073   99417   171566   6.73
1885-1889     85-89     0.16919  0.58055  2.30   14434    8379   49526    72149   5.00
1885-1889     90-94     0.24125  0.71582  2.16    6054    4334   17964    22623   3.74
1885-1889     95-99     0.35264  0.84612  1.93    1720    1456    4128     4659   2.71
1885-1889    100-104    0.49102  0.93863  1.71     265     249     506      531   2.01
1885-1889    105-109    0.65456  0.95340  1.28      16      15      24       25   1.56
1885-1889    110+       0.47323  1.00000  2.11       1       1       2        2   2.11
1890-1894        0      0.20431  0.17893  0.31  100000   17893   87577  5256456  52.56
1890-1894      1-4      0.02150  0.08109  1.17   82107    6658  309611  5168878  62.95
1890-1894      5-9      0.00372  0.01842  2.16   75449    1390  373296  4859267  64.40
1890-1894     10-14     0.00232  0.01152  2.47   74059     853  368137  4485971  60.57
1890-1894     15-19     0.00308  0.01527  2.64   73206    1118  363397  4117834  56.25
1890-1894     20-24     0.00406  0.02014  2.73   72088    1452  357144  3754437  52.08
1890-1894     25-29     0.00506  0.02498  2.28   70637    1764  348380  3397292  48.10
1890-1894     30-34     0.00317  0.01570  2.49   68872    1082  341643  3048913  44.27
1890-1894     35-39     0.00346  0.01716  2.51   67791    1164  336052  2707270  39.94
1890-1894     40-44     0.00380  0.01885  2.57   66627    1256  330083  2371218  35.59
1890-1894     45-49     0.00554  0.02733  2.67   65371    1786  322701  2041135  31.22
1890-1894     50-54     0.00882  0.04317  2.56   63585    2745  311229  1718434  27.03
1890-1894     55-59     0.00990  0.04838  2.61   60840    2943  297173  1407204  23.13
1890-1894     60-64     0.01525  0.07361  2.66   57897    4262  279518  1110031  19.17
1890-1894     65-69     0.02447  0.11573  2.66   53635    6207  253645   830513  15.48
1890-1894     70-74     0.04055  0.18499  2.63   47428    8773  216339   576868  12.16
1890-1894     75-79     0.06733  0.28912  2.56   38654   11176  165993   360529   9.33
1890-1894     80-84     0.10386  0.41051  2.45   27478   11280  108610   194536   7.08
1890-1894     85-89     0.15363  0.54592  2.35   16198    8843   57562    85927   5.30
1890-1894     90-94     0.23003  0.70021  2.21    7355    5150   22389    28365   3.86
1890-1894     95-99     0.34910  0.84707  1.96    2205    1868    5351     5975   2.71
1890-1894    100-104    0.53466  0.94444  1.58     337     318     596      625   1.85
1890-1894    105-109    0.64428  0.97186  1.41      19      18      28       29   1.55
1890-1894    110+       0.65345  1.00000  1.53       1       1       1        1   1.53
1895-1899        0      0.18681  0.16536  0.31  100000   16536   88520  5475684  54.76
1895-1899      1-4      0.01805  0.06876  1.23   83464    5739  317963  5387164  64.54
1895-1899      5-9      0.00344  0.01704  2.05   77725    1324  384724  5069201  65.22
1895-1899     10-14     0.00196  0.00976  2.53   76401     746  380159  4684477  61.31
1895-1899     15-19     0.00342  0.01696  2.90   75655    1283  375579  4304318  56.89
1895-1899     20-24     0.00473  0.02333  2.30   74372    1735  367177  3928739  52.83
1895-1899     25-29     0.00302  0.01497  2.44   72637    1087  360395  3561562  49.03
1895-1899     30-34     0.00288  0.01427  2.51   71549    1021  355207  3201168  44.74
1895-1899     35-39     0.00302  0.01497  2.56   70528    1056  350064  2845961  40.35
1895-1899     40-44     0.00389  0.01927  2.69   69472    1339  344261  2495896  35.93
1895-1899     45-49     0.00639  0.03146  2.53   68133    2144  335366  2151635  31.58
1895-1899     50-54     0.00649  0.03193  2.60   65989    2107  324893  1816269  27.52
1895-1899     55-59     0.00949  0.04643  2.67   63882    2966  312500  1491376  23.35
1895-1899     60-64     0.01503  0.07262  2.67   60916    4424  294264  1178876  19.35
1895-1899     65-69     0.02503  0.11822  2.65   56492    6678  266793   884612  15.66
1895-1899     70-74     0.04130  0.18801  2.62   49814    9365  226789   617819  12.40
1895-1899     75-79     0.06370  0.27531  2.54   40448   11136  174812   391029   9.67
1895-1899     80-84     0.09442  0.38128  2.48   29313   11176  118362   216217   7.38
1895-1899     85-89     0.14714  0.53094  2.38   18136    9629   65443    97856   5.40
1895-1899     90-94     0.23256  0.70611  2.22    8507    6007   25829    32413   3.81
1895-1899     95-99     0.36131  0.85573  1.92    2500    2139    5921     6584   2.63
1895-1899    100-104    0.53929  0.95036  1.59     361     343     636      663   1.84
1895-1899    105-109    0.65717  0.96137  1.32      18      17      26       27   1.51
1895-1899    110+       0.89900  1.00000  1.11       1       1       1        1   1.11
1900-1904        0      0.17068  0.15260  0.31  100000   15260   89406  5694111  56.94
1900-1904      1-4      0.01621  0.06201  1.18   84740    5255  324132  5604705  66.14
1900-1904      5-9      0.00283  0.01405  2.07   79486    1117  394156  5280573  66.43
1900-1904     10-14     0.00202  0.01004  2.76   78369     787  390083  4886417  62.35
1900-1904     15-19     0.00369  0.01826  2.47   77582    1417  384327  4496334  57.96
1900-1904     20-24     0.00287  0.01424  2.45   76166    1085  378063  4112008  53.99
1900-1904     25-29     0.00256  0.01273  2.45   75081     956  372970  3733945  49.73
1900-1904     30-34     0.00241  0.01199  2.52   74125     889  368421  3360975  45.34
1900-1904     35-39     0.00302  0.01500  2.68   73237    1099  363636  2992554  40.86
1900-1904     40-44     0.00473  0.02339  2.50   72138    1687  356475  2628918  36.44
1900-1904     45-49     0.00403  0.01997  2.58   70450    1407  348850  2272443  32.26
1900-1904     50-54     0.00587  0.02893  2.65   69043    1998  340513  1923593  27.86
1900-1904     55-59     0.00931  0.04558  2.70   67045    3056  328200  1583080  23.61
1900-1904     60-64     0.01536  0.07416  2.68   63989    4745  308956  1254881  19.61
1900-1904     65-69     0.02523  0.11906  2.64   59244    7054  279602   945924  15.97
1900-1904     70-74     0.03877  0.17735  2.60   52191    9256  238735   666323  12.77
1900-1904     75-79     0.05842  0.25553  2.55   42935   10971  187792   427588   9.96
1900-1904     80-84     0.09042  0.36882  2.50   31963   11789  130379   239796   7.50
1900-1904     85-89     0.14502  0.52731  2.41   20175   10638   73354   109417   5.42
1900-1904     90-94     0.23567  0.71083  2.21    9536    6779   28764    36062   3.78
1900-1904     95-99     0.36118  0.85427  1.92    2758    2356    6522     7298   2.65
1900-1904    100-104    0.51065  0.94185  1.65     402     379     741      776   1.93
1900-1904    105-109    0.66595  0.98375  1.42      23      23      35       35   1.48
1900-1904    110+       2.14714  1.00000  0.47       0       0       0        0   0.47
1905-1909        0      0.14180  0.12909  0.31  100000   12909   91038  6002577  60.03
1905-1909      1-4      0.01337  0.05153  1.17   87091    4488  335642  5911539  67.88
1905-1909      5-9      0.00263  0.01305  2.30   82603    1078  410101  5575897  67.50
1905-1909     10-14     0.00213  0.01057  2.36   81525     862  405352  5165796  63.36
1905-1909     15-19     0.00224  0.01112  2.63   80664     897  401188  4760444  59.02
1905-1909     20-24     0.00246  0.01221  2.42   79767     974  396320  4359256  54.65
1905-1909     25-29     0.00208  0.01034  2.47   78793     815  391901  3962936  50.30
1905-1909     30-34     0.00249  0.01237  2.67   77978     965  387646  3571035  45.80
1905-1909     35-39     0.00385  0.01907  2.47   77013    1468  381358  3183390  41.34
1905-1909     40-44     0.00268  0.01329  2.52   75545    1004  375236  2802031  37.09
1905-1909     45-49     0.00361  0.01790  2.65   74541    1334  369573  2426795  32.56
1905-1909     50-54     0.00570  0.02813  2.71   73207    2059  361311  2057222  28.10
1905-1909     55-59     0.00949  0.04644  2.70   71148    3304  348143  1695911  23.84
1905-1909     60-64     0.01575  0.07596  2.67   67843    5153  327205  1347768  19.87
1905-1909     65-69     0.02432  0.11495  2.63   62690    7206  296368  1020562  16.28
1905-1909     70-74     0.03619  0.16649  2.60   55484    9237  255214   724195  13.05
1905-1909     75-79     0.05552  0.24456  2.57   46246   11310  203703   468980  10.14
1905-1909     80-84     0.08766  0.36023  2.53   34936   12585  143563   265277   7.59
1905-1909     85-89     0.14440  0.52584  2.42   22351   11753   81391   121714   5.45
1905-1909     90-94     0.23437  0.70917  2.22   10598    7516   32069    40323   3.80
1905-1909     95-99     0.35560  0.84863  1.92    3082    2616    7356     8254   2.68
1905-1909    100-104    0.50948  0.93759  1.63     467     437     859      898   1.93
1905-1909    105-109    0.72944  0.99114  1.33      29      29      40       40   1.36
1905-1909    110+       2.32631  1.00000  0.43       0       0       0        0   0.43
1910-1914        0      0.12283  0.11318  0.31  100000   11318   92142  6224529  62.25
1910-1914      1-4      0.01203  0.04661  1.31   88682    4133  343594  6132387  69.15
1910-1914      5-9      0.00296  0.01468  1.95   84549    1242  418953  5788793  68.47
1910-1914     10-14     0.00131  0.00654  2.59   83307     545  415222  5369841  64.46
1910-1914     15-19     0.00191  0.00949  2.63   82763     785  411950  4954619  59.87
1910-1914     20-24     0.00191  0.00949  2.45   81978     778  407903  4542668  55.41
1910-1914     25-29     0.00225  0.01119  2.70   81199     909  403905  4134765  50.92
1910-1914     30-34     0.00342  0.01695  2.41   80291    1361  397930  3730860  46.47
1910-1914     35-39     0.00185  0.00919  2.44   78930     726  392794  3332931  42.23
1910-1914     40-44     0.00222  0.01106  2.65   78204     865  388990  2940137  37.60
1910-1914     45-49     0.00344  0.01704  2.70   77339    1318  383658  2551147  32.99
1910-1914     50-54     0.00580  0.02861  2.72   76021    2175  375134  2167490  28.51
1910-1914     55-59     0.00951  0.04651  2.68   73846    3435  361243  1792356  24.27
1910-1914     60-64     0.01473  0.07119  2.65   70411    5012  340258  1431113  20.33
1910-1914     65-69     0.02215  0.10518  2.62   65399    6879  310604  1090854  16.68
1910-1914     70-74     0.03396  0.15704  2.60   58520    9190  270587   780251  13.33
1910-1914     75-79     0.05297  0.23483  2.59   49330   11584  218693   509664  10.33
1910-1914     80-84     0.08609  0.35497  2.53   37746   13398  155639   290971   7.71
1910-1914     85-89     0.14124  0.51794  2.43   24347   12611   89283   135332   5.56
1910-1914     90-94     0.22607  0.69270  2.21   11737    8130   35962    46049   3.92
1910-1914     95-99     0.33578  0.83324  1.98    3607    3005    8950    10087   2.80
1910-1914    100-104    0.52118  0.94239  1.61     601     567    1088     1137   1.89
1910-1914    105-109    0.70023  0.98607  1.36      35      34      49       49   1.42
1910-1914    110+       1.49248  1.00000  0.67       0       0       0        0   0.67
1915-1919        0      0.10468  0.09759  0.31  100000    9759   93224  6388501  63.89
1915-1919      1-4      0.01329  0.05121  1.15   90241    4621  347804  6295277  69.76
1915-1919      5-9      0.00172  0.00857  2.19   85621     734  426043  5947474  69.46
1915-1919     10-14     0.00115  0.00574  2.51   84887     487  423221  5521431  65.04
1915-1919     15-19     0.00148  0.00735  2.62   84400     620  420523  5098210  60.41
1915-1919     20-24     0.00223  0.01112  2.72   83779     931  416771  4677688  55.83
1915-1919     25-29     0.00355  0.01758  2.37   82848    1456  410408  4260916  51.43
1915-1919     30-34     0.00149  0.00741  2.32   81392     603  405342  3850509  47.31
1915-1919     35-39     0.00150  0.00745  2.59   80788     602  402491  3445167  42.64
1915-1919     40-44     0.00210  0.01046  2.68   80186     838  398987  3042675  37.95
1915-1919     45-49     0.00355  0.01760  2.73   79348    1397  393563  2643688  33.32
1915-1919     50-54     0.00597  0.02945  2.71   77951    2296  384501  2250126  28.87
1915-1919     55-59     0.00920  0.04501  2.63   75655    3405  370214  1865625  24.66
1915-1919     60-64     0.01379  0.06678  2.63   72250    4825  349837  1495411  20.70
1915-1919     65-69     0.02135  0.10162  2.63   67425    6852  320890  1145574  16.99
1915-1919     70-74     0.03244  0.15058  2.62   60573    9121  281143   824684  13.61
1915-1919     75-79     0.05154  0.22914  2.58   51452   11790  228745   543540  10.56
1915-1919     80-84     0.08344  0.34616  2.54   39662   13729  164546   314796   7.94
1915-1919     85-89     0.13322  0.49523  2.41   25933   12843   96405   150250   5.79
1915-1919     90-94     0.20962  0.66538  2.26   13090    8710   41552    53845   4.11
1915-1919     95-99     0.33517  0.83479  1.99    4380    3657   10910    12293   2.81
1915-1919    100-104    0.51425  0.93842  1.62     724     679    1321     1383   1.91
1915-1919    105-109    0.70561  0.98681  1.35      45      44      62       63   1.41
1915-1919    110+       1.69371  1.00000  0.59       1       1       0        0   0.59
1920-1924        0      0.07897  0.07486  0.31  100000    7486   94801  6775461  67.75
1920-1924      1-4      0.00703  0.02758  1.28   92514    2551  363105  6680660  72.21
1920-1924      5-9      0.00170  0.00845  2.12   89962     760  447624  6317555  70.22
1920-1924     10-14     0.00094  0.00468  2.51   89202     418  444973  5869931  65.80
1920-1924     15-19     0.00168  0.00838  2.95   88785     744  442398  5424957  61.10
1920-1924     20-24     0.00418  0.02066  2.39   88041    1819  435449  4982560  56.59
1920-1924     25-29     0.00133  0.00665  2.17   86222     573  429489  4547111  52.74
1920-1924     30-34     0.00107  0.00536  2.53   85649     459  427111  4117622  48.08
1920-1924     35-39     0.00132  0.00659  2.65   85190     561  424629  3690511  43.32
1920-1924     40-44     0.00210  0.01044  2.72   84629     883  421126  3265882  38.59
1920-1924     45-49     0.00355  0.01759  2.71   83745    1473  415351  2844756  33.97
1920-1924     50-54     0.00562  0.02773  2.66   82272    2281  406026  2429405  29.53
1920-1924     55-59     0.00838  0.04108  2.66   79991    3286  392256  2023379  25.30
1920-1924     60-64     0.01301  0.06310  2.65   76705    4840  372149  1631123  21.26
1920-1924     65-69     0.01993  0.09515  2.63   71865    6838  343136  1258974  17.52
1920-1924     70-74     0.03094  0.14411  2.62   65026    9371  302856   915838  14.08
1920-1924     75-79     0.04843  0.21686  2.59   55655   12069  249228   612982  11.01
1920-1924     80-84     0.07578  0.31890  2.52   43586   13899  183422   363754   8.35
1920-1924     85-89     0.11944  0.45821  2.46   29686   13603  113883   180332   6.07
1920-1924     90-94     0.20704  0.66446  2.31   16084   10687   51619    66449   4.13
1920-1924     95-99     0.34433  0.84260  1.97    5397    4547   13206    14830   2.75
1920-1924    100-104    0.51435  0.93833  1.62     849     797    1550     1624   1.91
1920-1924    105-109    0.70023  0.98666  1.36      52      52      74       74   1.42
1920-1924    110+       1.69371  1.00000  0.59       1       1       0        0   0.59
1925-1929        0      0.05991  0.05734  0.25  100000    5734   95696  7055930  70.56
1925-1929      1-4      0.00581  0.02288  1.27   94266    2156  371181  6960234  73.84
1925-1929      5-9      0.00126  0.00629  2.19   92110     580  458923  6589053  71.53
1925-1929     10-14     0.00096  0.00477  2.80   91530     436  456692  6130130  66.97
1925-1929     15-19     0.00247  0.01230  2.68   91094    1120  452872  5673438  62.28
1925-1929     20-24     0.00156  0.00778  2.15   89974     700  447876  5220566  58.02
1925-1929     25-29     0.00085  0.00425  2.46   89274     379  445406  4772690  53.46
1925-1929     30-34     0.00096  0.00479  2.58   88894     426  443441  4327284  48.68
1925-1929     35-39     0.00133  0.00664  2.69   88469     588  440986  3883843  43.90
1925-1929     40-44     0.00218  0.01086  2.70   87881     955  437211  3442857  39.18
1925-1929     45-49     0.00352  0.01744  2.67   86926    1516  431106  3005646  34.58
1925-1929     50-54     0.00519  0.02565  2.65   85411    2191  421914  2574540  30.14
1925-1929     55-59     0.00809  0.03972  2.66   83220    3305  408365  2152627  25.87
1925-1929     60-64     0.01237  0.06009  2.65   79914    4802  388275  1744262  21.83
1925-1929     65-69     0.01908  0.09129  2.64   75113    6857  359365  1355988  18.05
1925-1929     70-74     0.02900  0.13561  2.61   68255    9256  319179   996623  14.60
1925-1929     75-79     0.04347  0.19655  2.57   58999   11597  266794   677443  11.48
1925-1929     80-84     0.06692  0.28756  2.56   47403   13631  203695   410650   8.66
1925-1929     85-89     0.11552  0.44863  2.51   33771   15151  131159   206955   6.13
1925-1929     90-94     0.21212  0.67405  2.30   18620   12551   59171    75796   4.07
1925-1929     95-99     0.34564  0.84277  1.96    6069    5115   14799    16625   2.74
1925-1929    100-104    0.51384  0.93824  1.62     954     895    1742     1826   1.91
1925-1929    105-109    0.70023  0.98666  1.36      59      58      83       84   1.42
1925-1929    110+       1.69371  1.00000  0.59       1       1       0        0   0.59
