Hong Kong, Life tables (period 1x5), Males	Last modified: 27 Sep 2022;  Methods Protocol: v6 (2017)

  Year          Age         mx       qx    ax      lx      dx      Lx       Tx     ex
1986-1989        0      0.00761  0.00756  0.13  100000     756   99345  7414093  74.14
1986-1989        1      0.00057  0.00057  0.50   99244      57   99215  7314748  73.70
1986-1989        2      0.00033  0.00033  0.50   99187      32   99170  7215533  72.75
1986-1989        3      0.00035  0.00035  0.50   99154      34   99137  7116363  71.77
1986-1989        4      0.00021  0.00021  0.50   99120      21   99110  7017226  70.80
1986-1989        5      0.00020  0.00020  0.50   99099      19   99089  6918116  69.81
1986-1989        6      0.00016  0.00016  0.50   99080      16   99072  6819027  68.82
1986-1989        7      0.00020  0.00020  0.50   99064      20   99054  6719955  67.83
1986-1989        8      0.00016  0.00016  0.50   99044      16   99036  6620901  66.85
1986-1989        9      0.00019  0.00019  0.50   99028      18   99019  6521865  65.86
1986-1989       10      0.00022  0.00022  0.50   99010      22   98999  6422846  64.87
1986-1989       11      0.00015  0.00015  0.50   98988      15   98981  6323847  63.89
1986-1989       12      0.00021  0.00021  0.50   98973      20   98963  6224867  62.89
1986-1989       13      0.00024  0.00024  0.50   98953      23   98941  6125904  61.91
1986-1989       14      0.00026  0.00026  0.50   98929      25   98917  6026962  60.92
1986-1989       15      0.00031  0.00031  0.50   98904      31   98889  5928046  59.94
1986-1989       16      0.00027  0.00027  0.50   98873      27   98860  5829157  58.96
1986-1989       17      0.00041  0.00041  0.50   98846      41   98826  5730297  57.97
1986-1989       18      0.00049  0.00049  0.50   98805      48   98781  5631471  57.00
1986-1989       19      0.00047  0.00047  0.50   98757      46   98734  5532690  56.02
1986-1989       20      0.00052  0.00052  0.50   98711      51   98686  5433955  55.05
1986-1989       21      0.00047  0.00047  0.50   98660      46   98637  5335270  54.08
1986-1989       22      0.00049  0.00049  0.50   98614      49   98590  5236633  53.10
1986-1989       23      0.00064  0.00064  0.50   98565      63   98534  5138043  52.13
1986-1989       24      0.00053  0.00053  0.50   98502      52   98476  5039509  51.16
1986-1989       25      0.00072  0.00072  0.50   98451      71   98415  4941033  50.19
1986-1989       26      0.00056  0.00056  0.50   98380      55   98352  4842617  49.22
1986-1989       27      0.00060  0.00060  0.50   98325      59   98295  4744265  48.25
1986-1989       28      0.00071  0.00071  0.50   98266      70   98231  4645970  47.28
1986-1989       29      0.00069  0.00069  0.50   98196      68   98162  4547739  46.31
1986-1989       30      0.00094  0.00094  0.50   98128      92   98082  4449577  45.34
1986-1989       31      0.00082  0.00082  0.50   98036      80   97996  4351494  44.39
1986-1989       32      0.00093  0.00093  0.50   97956      91   97910  4253498  43.42
1986-1989       33      0.00087  0.00087  0.50   97865      85   97823  4155588  42.46
1986-1989       34      0.00087  0.00087  0.50   97780      85   97737  4057766  41.50
1986-1989       35      0.00105  0.00104  0.50   97695     102   97644  3960028  40.53
1986-1989       36      0.00126  0.00126  0.50   97593     123   97532  3862384  39.58
1986-1989       37      0.00128  0.00128  0.50   97470     125   97408  3764852  38.63
1986-1989       38      0.00140  0.00140  0.50   97345     136   97277  3667445  37.67
1986-1989       39      0.00148  0.00148  0.50   97209     144   97137  3570168  36.73
1986-1989       40      0.00183  0.00182  0.50   97065     177   96976  3473031  35.78
1986-1989       41      0.00178  0.00178  0.50   96888     172   96802  3376054  34.84
1986-1989       42      0.00205  0.00205  0.50   96716     198   96617  3279253  33.91
1986-1989       43      0.00231  0.00231  0.50   96517     223   96406  3182636  32.97
1986-1989       44      0.00279  0.00279  0.50   96295     269   96160  3086230  32.05
1986-1989       45      0.00323  0.00323  0.50   96026     310   95871  2990070  31.14
1986-1989       46      0.00344  0.00344  0.50   95716     329   95552  2894199  30.24
1986-1989       47      0.00359  0.00359  0.50   95387     342   95216  2798647  29.34
1986-1989       48      0.00396  0.00396  0.50   95045     376   94857  2703431  28.44
1986-1989       49      0.00442  0.00441  0.50   94669     417   94460  2608574  27.55
1986-1989       50      0.00590  0.00588  0.50   94252     554   93974  2514114  26.67
1986-1989       51      0.00565  0.00563  0.50   93697     528   93433  2420139  25.83
1986-1989       52      0.00604  0.00602  0.50   93169     561   92889  2326706  24.97
1986-1989       53      0.00722  0.00719  0.50   92608     666   92275  2233817  24.12
1986-1989       54      0.00765  0.00762  0.50   91942     701   91592  2141542  23.29
1986-1989       55      0.00871  0.00867  0.50   91241     791   90846  2049950  22.47
1986-1989       56      0.01013  0.01008  0.50   90450     912   89994  1959104  21.66
1986-1989       57      0.01002  0.00997  0.50   89538     893   89092  1869110  20.87
1986-1989       58      0.01222  0.01215  0.50   88646    1077   88107  1780018  20.08
1986-1989       59      0.01162  0.01155  0.50   87569    1012   87063  1691911  19.32
1986-1989       60      0.01459  0.01448  0.50   86557    1254   85930  1604848  18.54
1986-1989       61      0.01450  0.01440  0.50   85304    1228   84689  1518917  17.81
1986-1989       62      0.01644  0.01630  0.50   84075    1371   83390  1434228  17.06
1986-1989       63      0.01864  0.01847  0.50   82705    1528   81941  1350838  16.33
1986-1989       64      0.01926  0.01908  0.50   81177    1549   80403  1268897  15.63
1986-1989       65      0.02326  0.02300  0.50   79629    1831   78713  1188494  14.93
1986-1989       66      0.02486  0.02456  0.50   77797    1911   76842  1109781  14.27
1986-1989       67      0.02668  0.02632  0.50   75887    1998   74888  1032939  13.61
1986-1989       68      0.02945  0.02902  0.50   73889    2145   72817   958051  12.97
1986-1989       69      0.03203  0.03152  0.50   71745    2261   70614   885234  12.34
1986-1989       70      0.03611  0.03547  0.50   69483    2464   68251   814620  11.72
1986-1989       71      0.03823  0.03752  0.50   67019    2514   65762   746369  11.14
1986-1989       72      0.04126  0.04042  0.50   64504    2607   63201   680608  10.55
1986-1989       73      0.04786  0.04674  0.50   61897    2893   60450   617407   9.97
1986-1989       74      0.05027  0.04903  0.50   59004    2893   57557   556957   9.44
1986-1989       75      0.05444  0.05299  0.50   56110    2973   54624   499400   8.90
1986-1989       76      0.06360  0.06164  0.50   53137    3275   51499   444776   8.37
1986-1989       77      0.06882  0.06653  0.50   49862    3317   48203   393277   7.89
1986-1989       78      0.07301  0.07044  0.50   46544    3278   44905   345073   7.41
1986-1989       79      0.07857  0.07560  0.50   43266    3271   41630   300168   6.94
1986-1989       80      0.10560  0.10030  0.50   39995    4012   37989   258538   6.46
1986-1989       81      0.10459  0.09939  0.50   35983    3577   34195   220549   6.13
1986-1989       82      0.12326  0.11610  0.50   32407    3763   30526   186354   5.75
1986-1989       83      0.13110  0.12304  0.50   28644    3524   26882   155828   5.44
1986-1989       84      0.13764  0.12878  0.50   25120    3235   23503   128946   5.13
1986-1989       85      0.15539  0.14419  0.50   21885    3156   20307   105443   4.82
1986-1989       86      0.16231  0.15012  0.50   18730    2812   17324    85136   4.55
1986-1989       87      0.17758  0.16310  0.50   15918    2596   14620    67812   4.26
1986-1989       88      0.19675  0.17913  0.50   13322    2386   12129    53193   3.99
1986-1989       89      0.21851  0.19698  0.50   10935    2154    9858    41064   3.76
1986-1989       90      0.24608  0.21912  0.50    8781    1924    7819    31206   3.55
1986-1989       91      0.25629  0.22718  0.50    6857    1558    6078    23386   3.41
1986-1989       92      0.23907  0.21355  0.50    5299    1132    4734    17308   3.27
1986-1989       93      0.28519  0.24960  0.50    4168    1040    3648    12575   3.02
1986-1989       94      0.30547  0.26500  0.50    3127     829    2713     8927   2.85
1986-1989       95      0.32654  0.28071  0.50    2299     645    1976     6214   2.70
1986-1989       96      0.34832  0.29666  0.50    1653     490    1408     4238   2.56
1986-1989       97      0.37076  0.31278  0.50    1163     364     981     2830   2.43
1986-1989       98      0.39378  0.32900  0.50     799     263     668     1849   2.31
1986-1989       99      0.41727  0.34524  0.50     536     185     444     1181   2.20
1986-1989      100      0.44115  0.36143  0.50     351     127     288      738   2.10
1986-1989      101      0.46530  0.37748  0.50     224      85     182      450   2.01
1986-1989      102      0.48961  0.39332  0.50     140      55     112      268   1.92
1986-1989      103      0.51398  0.40889  0.50      85      35      67      156   1.84
1986-1989      104      0.53827  0.42413  0.50      50      21      39       88   1.77
1986-1989      105      0.56239  0.43896  0.50      29      13      22       49   1.70
1986-1989      106      0.58622  0.45334  0.50      16       7      13       27   1.64
1986-1989      107      0.60964  0.46722  0.50       9       4       7       14   1.59
1986-1989      108      0.63258  0.48058  0.50       5       2       4        7   1.54
1986-1989      109      0.65493  0.49337  0.50       2       1       2        4   1.50
1986-1989      110+     0.67661  1.00000  1.48       1       1       2        2   1.48
1990-1994        0      0.00516  0.00514  0.14  100000     514   99558  7523190  75.23
1990-1994        1      0.00049  0.00049  0.50   99486      49   99462  7423633  74.62
1990-1994        2      0.00028  0.00028  0.50   99437      28   99423  7324171  73.66
1990-1994        3      0.00022  0.00022  0.50   99409      22   99398  7224748  72.68
1990-1994        4      0.00019  0.00019  0.50   99387      19   99378  7125349  71.69
1990-1994        5      0.00010  0.00010  0.50   99368      10   99363  7025972  70.71
1990-1994        6      0.00011  0.00011  0.50   99358      11   99352  6926609  69.71
1990-1994        7      0.00013  0.00013  0.50   99346      13   99340  6827257  68.72
1990-1994        8      0.00017  0.00017  0.50   99333      17   99324  6727918  67.73
1990-1994        9      0.00013  0.00013  0.50   99316      13   99309  6628593  66.74
1990-1994       10      0.00013  0.00013  0.50   99303      13   99296  6529284  65.75
1990-1994       11      0.00018  0.00018  0.50   99290      18   99281  6429987  64.76
1990-1994       12      0.00019  0.00019  0.50   99272      19   99263  6330706  63.77
1990-1994       13      0.00025  0.00025  0.50   99253      25   99241  6231444  62.78
1990-1994       14      0.00026  0.00026  0.50   99228      25   99216  6132203  61.80
1990-1994       15      0.00025  0.00025  0.50   99203      25   99191  6032987  60.81
1990-1994       16      0.00029  0.00029  0.50   99178      29   99164  5933796  59.83
1990-1994       17      0.00038  0.00038  0.50   99150      37   99131  5834632  58.85
1990-1994       18      0.00051  0.00051  0.50   99112      50   99087  5735501  57.87
1990-1994       19      0.00058  0.00058  0.50   99062      58   99033  5636415  56.90
1990-1994       20      0.00061  0.00061  0.50   99004      61   98974  5537381  55.93
1990-1994       21      0.00061  0.00061  0.50   98943      60   98913  5438408  54.96
1990-1994       22      0.00066  0.00066  0.50   98883      66   98851  5339494  54.00
1990-1994       23      0.00063  0.00063  0.50   98818      62   98787  5240644  53.03
1990-1994       24      0.00060  0.00060  0.50   98756      59   98726  5141857  52.07
1990-1994       25      0.00082  0.00082  0.50   98696      81   98656  5043131  51.10
1990-1994       26      0.00071  0.00071  0.50   98616      70   98581  4944475  50.14
1990-1994       27      0.00074  0.00074  0.50   98545      73   98509  4845895  49.17
1990-1994       28      0.00077  0.00077  0.50   98472      76   98434  4747386  48.21
1990-1994       29      0.00074  0.00074  0.50   98396      73   98360  4648951  47.25
1990-1994       30      0.00083  0.00083  0.50   98323      81   98282  4550592  46.28
1990-1994       31      0.00072  0.00072  0.50   98242      71   98206  4452309  45.32
1990-1994       32      0.00082  0.00082  0.50   98171      80   98131  4354103  44.35
1990-1994       33      0.00088  0.00088  0.50   98091      86   98048  4255972  43.39
1990-1994       34      0.00107  0.00107  0.50   98005     105   97952  4157925  42.43
1990-1994       35      0.00112  0.00112  0.50   97900     109   97845  4059972  41.47
1990-1994       36      0.00115  0.00115  0.50   97790     113   97734  3962127  40.52
1990-1994       37      0.00133  0.00133  0.50   97677     130   97613  3864394  39.56
1990-1994       38      0.00142  0.00142  0.50   97548     139   97479  3766781  38.61
1990-1994       39      0.00147  0.00147  0.50   97409     143   97338  3669302  37.67
1990-1994       40      0.00171  0.00171  0.50   97266     166   97183  3571964  36.72
1990-1994       41      0.00180  0.00180  0.50   97100     175   97012  3474782  35.79
1990-1994       42      0.00205  0.00205  0.50   96925     199   96825  3377770  34.85
1990-1994       43      0.00222  0.00222  0.50   96726     215   96619  3280944  33.92
1990-1994       44      0.00231  0.00231  0.50   96511     223   96400  3184326  32.99
1990-1994       45      0.00261  0.00261  0.50   96288     251   96162  3087926  32.07
1990-1994       46      0.00284  0.00283  0.50   96037     272   95901  2991764  31.15
1990-1994       47      0.00334  0.00333  0.50   95765     319   95605  2895863  30.24
1990-1994       48      0.00349  0.00348  0.50   95446     332   95280  2800258  29.34
1990-1994       49      0.00426  0.00425  0.50   95114     404   94912  2704978  28.44
1990-1994       50      0.00496  0.00495  0.50   94710     469   94475  2610066  27.56
1990-1994       51      0.00485  0.00484  0.50   94241     456   94013  2515591  26.69
1990-1994       52      0.00555  0.00554  0.50   93784     519   93525  2421578  25.82
1990-1994       53      0.00644  0.00642  0.50   93265     599   92966  2328054  24.96
1990-1994       54      0.00678  0.00675  0.50   92666     626   92354  2235088  24.12
1990-1994       55      0.00743  0.00740  0.50   92041     681   91700  2142734  23.28
1990-1994       56      0.00804  0.00800  0.50   91359     731   90994  2051034  22.45
1990-1994       57      0.00916  0.00911  0.50   90628     826   90215  1960041  21.63
1990-1994       58      0.01014  0.01008  0.50   89802     906   89349  1869826  20.82
1990-1994       59      0.01114  0.01108  0.50   88896     985   88404  1780476  20.03
1990-1994       60      0.01300  0.01291  0.50   87911    1135   87344  1692072  19.25
1990-1994       61      0.01398  0.01388  0.50   86776    1204   86174  1604729  18.49
1990-1994       62      0.01585  0.01572  0.50   85572    1346   84899  1518555  17.75
1990-1994       63      0.01677  0.01663  0.50   84226    1401   83526  1433655  17.02
1990-1994       64      0.01830  0.01813  0.50   82826    1502   82075  1350129  16.30
1990-1994       65      0.02008  0.01988  0.50   81324    1617   80516  1268055  15.59
1990-1994       66      0.02226  0.02202  0.50   79707    1755   78830  1187539  14.90
1990-1994       67      0.02413  0.02384  0.50   77952    1858   77023  1108709  14.22
1990-1994       68      0.02781  0.02743  0.50   76094    2087   75051  1031686  13.56
1990-1994       69      0.03069  0.03023  0.50   74007    2237   72888   956635  12.93
1990-1994       70      0.03485  0.03425  0.50   71770    2458   70541   883747  12.31
1990-1994       71      0.03863  0.03790  0.50   69312    2627   67998   813206  11.73
1990-1994       72      0.03998  0.03919  0.50   66685    2614   65378   745208  11.18
1990-1994       73      0.04246  0.04158  0.50   64071    2664   62739   679830  10.61
1990-1994       74      0.04803  0.04690  0.50   61407    2880   59967   617091  10.05
1990-1994       75      0.05146  0.05017  0.50   58527    2937   57059   557123   9.52
1990-1994       76      0.05634  0.05479  0.50   55591    3046   54068   500065   9.00
1990-1994       77      0.06028  0.05852  0.50   52545    3075   51007   445997   8.49
1990-1994       78      0.06463  0.06261  0.50   49470    3097   47921   394990   7.98
1990-1994       79      0.07265  0.07010  0.50   46372    3251   44747   347069   7.48
1990-1994       80      0.08590  0.08236  0.50   43122    3551   41346   302322   7.01
1990-1994       81      0.10178  0.09686  0.50   39570    3833   37654   260976   6.60
1990-1994       82      0.10847  0.10289  0.50   35737    3677   33899   223322   6.25
1990-1994       83      0.11868  0.11203  0.50   32060    3592   30264   189423   5.91
1990-1994       84      0.12479  0.11746  0.50   28469    3344   26797   159159   5.59
1990-1994       85      0.13756  0.12871  0.50   25125    3234   23508   132362   5.27
1990-1994       86      0.15481  0.14368  0.50   21891    3145   20318   108854   4.97
1990-1994       87      0.15970  0.14789  0.50   18745    2772   17359    88536   4.72
1990-1994       88      0.16245  0.15025  0.50   15973    2400   14773    71177   4.46
1990-1994       89      0.19141  0.17469  0.50   13573    2371   12388    56404   4.16
1990-1994       90      0.19291  0.17594  0.50   11202    1971   10217    44016   3.93
1990-1994       91      0.20900  0.18922  0.50    9231    1747    8358    33799   3.66
1990-1994       92      0.23628  0.21132  0.50    7485    1582    6694    25441   3.40
1990-1994       93      0.28210  0.24723  0.50    5903    1459    5173    18748   3.18
1990-1994       94      0.29093  0.25398  0.50    4444    1129    3879    13574   3.05
1990-1994       95      0.29659  0.25829  0.50    3315     856    2887     9695   2.92
1990-1994       96      0.31725  0.27382  0.50    2459     673    2122     6808   2.77
1990-1994       97      0.33865  0.28961  0.50    1785     517    1527     4686   2.62
1990-1994       98      0.36073  0.30561  0.50    1268     388    1075     3159   2.49
1990-1994       99      0.38342  0.32174  0.50     881     283     739     2085   2.37
1990-1994      100      0.40663  0.33792  0.50     597     202     496     1345   2.25
1990-1994      101      0.43026  0.35408  0.50     396     140     325      849   2.15
1990-1994      102      0.45421  0.37015  0.50     255      95     208      524   2.05
1990-1994      103      0.47838  0.38604  0.50     161      62     130      315   1.96
1990-1994      104      0.50265  0.40169  0.50      99      40      79      186   1.88
1990-1994      105      0.52690  0.41704  0.50      59      25      47      107   1.80
1990-1994      106      0.55103  0.43201  0.50      34      15      27       60   1.73
1990-1994      107      0.57493  0.44656  0.50      20       9      15       33   1.67
1990-1994      108      0.59847  0.46063  0.50      11       5       8       18   1.62
1990-1994      109      0.62157  0.47420  0.50       6       3       4        9   1.58
1990-1994      110+     0.64414  1.00000  1.55       3       3       5        5   1.55
1995-1999        0      0.00381  0.00380  0.14  100000     380   99674  7692053  76.92
1995-1999        1      0.00044  0.00044  0.50   99620      44   99598  7592380  76.21
1995-1999        2      0.00026  0.00026  0.50   99576      26   99563  7492782  75.25
1995-1999        3      0.00018  0.00018  0.50   99550      18   99541  7393219  74.27
1995-1999        4      0.00020  0.00020  0.50   99532      20   99522  7293677  73.28
1995-1999        5      0.00015  0.00015  0.50   99512      15   99504  7194155  72.29
1995-1999        6      0.00012  0.00012  0.50   99497      12   99491  7094651  71.31
1995-1999        7      0.00009  0.00009  0.50   99484       9   99480  6995160  70.31
1995-1999        8      0.00013  0.00013  0.50   99476      13   99469  6895680  69.32
1995-1999        9      0.00011  0.00011  0.50   99463      11   99457  6796211  68.33
1995-1999       10      0.00021  0.00021  0.50   99452      21   99441  6696754  67.34
1995-1999       11      0.00012  0.00012  0.50   99431      12   99425  6597313  66.35
1995-1999       12      0.00010  0.00010  0.50   99419       9   99414  6497888  65.36
1995-1999       13      0.00014  0.00014  0.50   99410      14   99403  6398473  64.36
1995-1999       14      0.00016  0.00016  0.50   99396      16   99388  6299071  63.37
1995-1999       15      0.00021  0.00021  0.50   99380      21   99369  6199683  62.38
1995-1999       16      0.00031  0.00031  0.50   99359      31   99343  6100314  61.40
1995-1999       17      0.00029  0.00029  0.50   99328      28   99314  6000970  60.42
1995-1999       18      0.00045  0.00045  0.50   99299      44   99277  5901657  59.43
1995-1999       19      0.00048  0.00048  0.50   99255      48   99231  5802380  58.46
1995-1999       20      0.00058  0.00058  0.50   99207      57   99179  5703148  57.49
1995-1999       21      0.00062  0.00062  0.50   99150      61   99120  5603970  56.52
1995-1999       22      0.00072  0.00072  0.50   99089      71   99054  5504850  55.55
1995-1999       23      0.00070  0.00070  0.50   99018      69   98983  5405796  54.59
1995-1999       24      0.00070  0.00070  0.50   98949      69   98914  5306813  53.63
1995-1999       25      0.00071  0.00071  0.50   98880      71   98844  5207899  52.67
1995-1999       26      0.00074  0.00074  0.50   98809      73   98773  5109054  51.71
1995-1999       27      0.00067  0.00067  0.50   98736      66   98703  5010282  50.74
1995-1999       28      0.00076  0.00075  0.50   98670      74   98633  4911578  49.78
1995-1999       29      0.00061  0.00061  0.50   98596      60   98565  4812946  48.82
1995-1999       30      0.00078  0.00078  0.50   98535      77   98497  4714380  47.84
1995-1999       31      0.00071  0.00071  0.50   98458      70   98423  4615883  46.88
1995-1999       32      0.00080  0.00080  0.50   98388      79   98348  4517461  45.91
1995-1999       33      0.00081  0.00081  0.50   98308      80   98269  4419113  44.95
1995-1999       34      0.00082  0.00082  0.50   98229      80   98189  4320844  43.99
1995-1999       35      0.00090  0.00090  0.50   98148      88   98104  4222655  43.02
1995-1999       36      0.00111  0.00111  0.50   98060     109   98006  4124551  42.06
1995-1999       37      0.00112  0.00112  0.50   97952     110   97897  4026545  41.11
1995-1999       38      0.00113  0.00113  0.50   97842     110   97787  3928648  40.15
1995-1999       39      0.00127  0.00127  0.50   97732     124   97670  3830861  39.20
1995-1999       40      0.00155  0.00155  0.50   97608     151   97532  3733192  38.25
1995-1999       41      0.00170  0.00170  0.50   97456     166   97373  3635660  37.31
1995-1999       42      0.00182  0.00182  0.50   97291     177   97202  3538286  36.37
1995-1999       43      0.00185  0.00184  0.50   97114     179   97024  3441084  35.43
1995-1999       44      0.00208  0.00208  0.50   96935     202   96834  3344060  34.50
1995-1999       45      0.00235  0.00235  0.50   96733     227   96619  3247226  33.57
1995-1999       46      0.00260  0.00259  0.50   96506     250   96380  3150607  32.65
1995-1999       47      0.00272  0.00271  0.50   96255     261   96125  3054227  31.73
1995-1999       48      0.00301  0.00301  0.50   95994     289   95850  2958102  30.82
1995-1999       49      0.00312  0.00311  0.50   95706     298   95557  2862252  29.91
1995-1999       50      0.00371  0.00370  0.50   95408     353   95231  2766695  29.00
1995-1999       51      0.00401  0.00401  0.50   95054     381   94864  2671465  28.10
1995-1999       52      0.00466  0.00465  0.50   94674     440   94453  2576601  27.22
1995-1999       53      0.00497  0.00496  0.50   94233     468   94000  2482147  26.34
1995-1999       54      0.00614  0.00612  0.50   93766     574   93479  2388148  25.47
1995-1999       55      0.00659  0.00657  0.50   93192     612   92886  2294669  24.62
1995-1999       56      0.00709  0.00706  0.50   92580     654   92253  2201783  23.78
1995-1999       57      0.00768  0.00765  0.50   91926     703   91574  2109530  22.95
1995-1999       58      0.00829  0.00825  0.50   91223     753   90846  2017956  22.12
1995-1999       59      0.00891  0.00887  0.50   90470     802   90069  1927110  21.30
1995-1999       60      0.01018  0.01013  0.50   89667     908   89213  1837041  20.49
1995-1999       61      0.01139  0.01132  0.50   88759    1005   88257  1747828  19.69
1995-1999       62      0.01306  0.01297  0.50   87755    1139   87185  1659571  18.91
1995-1999       63      0.01407  0.01397  0.50   86616    1210   86011  1572386  18.15
1995-1999       64      0.01553  0.01541  0.50   85406    1316   84748  1486375  17.40
1995-1999       65      0.01685  0.01671  0.50   84090    1405   83388  1401627  16.67
1995-1999       66      0.01825  0.01808  0.50   82685    1495   81938  1318239  15.94
1995-1999       67      0.02102  0.02080  0.50   81190    1689   80346  1236302  15.23
1995-1999       68      0.02267  0.02242  0.50   79501    1782   78610  1155956  14.54
1995-1999       69      0.02539  0.02507  0.50   77719    1948   76745  1077346  13.86
1995-1999       70      0.02768  0.02731  0.50   75770    2069   74736  1000601  13.21
1995-1999       71      0.02972  0.02928  0.50   73701    2158   72622   925866  12.56
1995-1999       72      0.03323  0.03269  0.50   71543    2339   70374   853243  11.93
1995-1999       73      0.03827  0.03755  0.50   69205    2599   67905   782869  11.31
1995-1999       74      0.04008  0.03929  0.50   66606    2617   65297   714964  10.73
1995-1999       75      0.04456  0.04359  0.50   63989    2789   62594   649667  10.15
1995-1999       76      0.04660  0.04554  0.50   61200    2787   59806   587072   9.59
1995-1999       77      0.05356  0.05216  0.50   58413    3047   56889   527266   9.03
1995-1999       78      0.05937  0.05766  0.50   55366    3192   53770   470377   8.50
1995-1999       79      0.06455  0.06253  0.50   52173    3262   50542   416607   7.99
1995-1999       80      0.08106  0.07791  0.50   48911    3810   47006   366065   7.48
1995-1999       81      0.09861  0.09398  0.50   45100    4238   42981   319060   7.07
1995-1999       82      0.09739  0.09287  0.50   40862    3795   38965   276079   6.76
1995-1999       83      0.10578  0.10047  0.50   37067    3724   35205   237114   6.40
1995-1999       84      0.10715  0.10170  0.50   33343    3391   31648   201909   6.06
1995-1999       85      0.11828  0.11168  0.50   29952    3345   28280   170261   5.68
1995-1999       86      0.13460  0.12611  0.50   26607    3355   24929   141982   5.34
1995-1999       87      0.13869  0.12970  0.50   23252    3016   21744   117052   5.03
1995-1999       88      0.16561  0.15294  0.50   20236    3095   18689    95308   4.71
1995-1999       89      0.18178  0.16664  0.50   17141    2856   15713    76620   4.47
1995-1999       90      0.17845  0.16383  0.50   14285    2340   13115    60907   4.26
1995-1999       91      0.20560  0.18643  0.50   11944    2227   10831    47792   4.00
1995-1999       92      0.23074  0.20688  0.50    9718    2010    8712    36961   3.80
1995-1999       93      0.22640  0.20338  0.50    7707    1568    6924    28249   3.67
1995-1999       94      0.23495  0.21025  0.50    6140    1291    5494    21325   3.47
1995-1999       95      0.26113  0.23097  0.50    4849    1120    4289    15831   3.26
1995-1999       96      0.27903  0.24487  0.50    3729     913    3272    11542   3.10
1995-1999       97      0.29767  0.25911  0.50    2816     730    2451     8270   2.94
1995-1999       98      0.31700  0.27363  0.50    2086     571    1801     5819   2.79
1995-1999       99      0.33699  0.28840  0.50    1515     437    1297     4018   2.65
1995-1999      100      0.35758  0.30335  0.50    1078     327     915     2721   2.52
1995-1999      101      0.37871  0.31842  0.50     751     239     632     1806   2.40
1995-1999      102      0.40031  0.33355  0.50     512     171     427     1175   2.29
1995-1999      103      0.42230  0.34868  0.50     341     119     282      748   2.19
1995-1999      104      0.44461  0.36375  0.50     222      81     182      466   2.10
1995-1999      105      0.46714  0.37869  0.50     141      54     115      285   2.01
1995-1999      106      0.48980  0.39345  0.50      88      35      71      170   1.93
1995-1999      107      0.51251  0.40797  0.50      53      22      42       99   1.86
1995-1999      108      0.53517  0.42220  0.50      32      13      25       57   1.80
1995-1999      109      0.55768  0.43608  0.50      18       8      14       32   1.75
1995-1999      110+     0.57996  1.00000  1.72      10      10      18       18   1.72
2000-2004        0      0.00313  0.00312  0.14  100000     312   99732  7822087  78.22
2000-2004        1      0.00040  0.00040  0.50   99688      40   99668  7722355  77.47
2000-2004        2      0.00025  0.00025  0.50   99648      25   99635  7622687  76.50
2000-2004        3      0.00015  0.00015  0.50   99623      15   99615  7523052  75.52
2000-2004        4      0.00013  0.00013  0.50   99608      13   99602  7423437  74.53
2000-2004        5      0.00009  0.00009  0.50   99595       9   99590  7323835  73.54
2000-2004        6      0.00009  0.00009  0.50   99586       9   99581  7224245  72.54
2000-2004        7      0.00013  0.00013  0.50   99576      13   99570  7124664  71.55
2000-2004        8      0.00012  0.00012  0.50   99564      12   99558  7025094  70.56
2000-2004        9      0.00012  0.00012  0.50   99552      11   99546  6925536  69.57
2000-2004       10      0.00011  0.00011  0.50   99541      11   99535  6825989  68.57
2000-2004       11      0.00013  0.00013  0.50   99530      13   99523  6726454  67.58
2000-2004       12      0.00014  0.00014  0.50   99517      14   99510  6626931  66.59
2000-2004       13      0.00016  0.00016  0.50   99502      16   99494  6527422  65.60
2000-2004       14      0.00011  0.00011  0.50   99486      11   99481  6427927  64.61
2000-2004       15      0.00015  0.00015  0.50   99476      15   99468  6328446  63.62
2000-2004       16      0.00024  0.00024  0.50   99461      24   99449  6228978  62.63
2000-2004       17      0.00023  0.00023  0.50   99437      23   99425  6129529  61.64
2000-2004       18      0.00024  0.00024  0.50   99414      24   99402  6030104  60.66
2000-2004       19      0.00036  0.00036  0.50   99390      36   99372  5930702  59.67
2000-2004       20      0.00043  0.00043  0.50   99355      43   99333  5831329  58.69
2000-2004       21      0.00049  0.00049  0.50   99312      49   99287  5731996  57.72
2000-2004       22      0.00054  0.00054  0.50   99263      53   99236  5632709  56.75
2000-2004       23      0.00050  0.00050  0.50   99210      49   99185  5533473  55.78
2000-2004       24      0.00063  0.00063  0.50   99160      62   99129  5434288  54.80
2000-2004       25      0.00063  0.00063  0.50   99098      63   99067  5335159  53.84
2000-2004       26      0.00073  0.00073  0.50   99035      73   98999  5236092  52.87
2000-2004       27      0.00083  0.00083  0.50   98963      82   98922  5137093  51.91
2000-2004       28      0.00077  0.00077  0.50   98881      76   98842  5038171  50.95
2000-2004       29      0.00086  0.00086  0.50   98804      85   98761  4939329  49.99
2000-2004       30      0.00077  0.00077  0.50   98719      76   98681  4840567  49.03
2000-2004       31      0.00086  0.00086  0.50   98643      85   98601  4741887  48.07
2000-2004       32      0.00071  0.00071  0.50   98558      70   98523  4643286  47.11
2000-2004       33      0.00082  0.00081  0.50   98488      80   98448  4544763  46.15
2000-2004       34      0.00070  0.00070  0.50   98408      68   98374  4446314  45.18
2000-2004       35      0.00090  0.00090  0.50   98340      89   98295  4347941  44.21
2000-2004       36      0.00109  0.00109  0.50   98251     107   98197  4249645  43.25
2000-2004       37      0.00098  0.00098  0.50   98144      96   98096  4151448  42.30
2000-2004       38      0.00104  0.00104  0.50   98048     102   97997  4053352  41.34
2000-2004       39      0.00116  0.00116  0.50   97945     113   97889  3955355  40.38
2000-2004       40      0.00122  0.00122  0.50   97832     119   97773  3857466  39.43
2000-2004       41      0.00127  0.00127  0.50   97713     124   97651  3759694  38.48
2000-2004       42      0.00150  0.00150  0.50   97589     147   97515  3662043  37.53
2000-2004       43      0.00170  0.00170  0.50   97442     166   97359  3564528  36.58
2000-2004       44      0.00182  0.00182  0.50   97276     177   97187  3467169  35.64
2000-2004       45      0.00213  0.00213  0.50   97099     207   96996  3369981  34.71
2000-2004       46      0.00238  0.00238  0.50   96892     231   96777  3272986  33.78
2000-2004       47      0.00246  0.00246  0.50   96662     237   96543  3176209  32.86
2000-2004       48      0.00288  0.00287  0.50   96424     277   96286  3079666  31.94
2000-2004       49      0.00302  0.00302  0.50   96147     290   96002  2983380  31.03
2000-2004       50      0.00340  0.00339  0.50   95857     325   95695  2887378  30.12
2000-2004       51      0.00380  0.00379  0.50   95532     362   95351  2791683  29.22
2000-2004       52      0.00389  0.00388  0.50   95169     370   94985  2696332  28.33
2000-2004       53      0.00431  0.00430  0.50   94800     408   94596  2601348  27.44
2000-2004       54      0.00476  0.00475  0.50   94392     449   94168  2506752  26.56
2000-2004       55      0.00520  0.00519  0.50   93943     487   93700  2412584  25.68
2000-2004       56      0.00616  0.00614  0.50   93456     574   93169  2318884  24.81
2000-2004       57      0.00663  0.00660  0.50   92883     613   92576  2225714  23.96
2000-2004       58      0.00692  0.00690  0.50   92269     636   91951  2133139  23.12
2000-2004       59      0.00858  0.00854  0.50   91633     783   91241  2041188  22.28
2000-2004       60      0.00929  0.00924  0.50   90850     840   90430  1949946  21.46
2000-2004       61      0.01029  0.01024  0.50   90010     922   89549  1859516  20.66
2000-2004       62      0.01052  0.01046  0.50   89089     932   88622  1769967  19.87
2000-2004       63      0.01184  0.01177  0.50   88156    1037   87638  1681345  19.07
2000-2004       64      0.01298  0.01290  0.50   87119    1124   86557  1593707  18.29
2000-2004       65      0.01463  0.01452  0.50   85995    1249   85371  1507150  17.53
2000-2004       66      0.01512  0.01501  0.50   84746    1272   84110  1421779  16.78
2000-2004       67      0.01686  0.01672  0.50   83474    1395   82777  1337668  16.02
2000-2004       68      0.01931  0.01913  0.50   82079    1570   81294  1254892  15.29
2000-2004       69      0.02175  0.02151  0.50   80509    1732   79643  1173598  14.58
2000-2004       70      0.02437  0.02408  0.50   78777    1897   77829  1093955  13.89
2000-2004       71      0.02639  0.02605  0.50   76880    2002   75879  1016126  13.22
2000-2004       72      0.03009  0.02965  0.50   74878    2220   73768   940247  12.56
2000-2004       73      0.03235  0.03184  0.50   72658    2313   71501   866480  11.93
2000-2004       74      0.03595  0.03532  0.50   70345    2484   69102   794978  11.30
2000-2004       75      0.04126  0.04042  0.50   67860    2743   66489   725876  10.70
2000-2004       76      0.04392  0.04297  0.50   65117    2798   63718   659388  10.13
2000-2004       77      0.04873  0.04757  0.50   62319    2964   60836   595670   9.56
2000-2004       78      0.05584  0.05432  0.50   59354    3224   57742   534833   9.01
2000-2004       79      0.06062  0.05884  0.50   56130    3303   54479   477091   8.50
2000-2004       80      0.06879  0.06650  0.50   52827    3513   51071   422613   8.00
2000-2004       81      0.07733  0.07445  0.50   49314    3671   47479   371542   7.53
2000-2004       82      0.08800  0.08429  0.50   45643    3847   43719   324063   7.10
2000-2004       83      0.09409  0.08987  0.50   41796    3756   39918   280344   6.71
2000-2004       84      0.10042  0.09562  0.50   38040    3637   36221   240426   6.32
2000-2004       85      0.10894  0.10331  0.50   34402    3554   32625   204205   5.94
2000-2004       86      0.12647  0.11895  0.50   30848    3669   29014   171580   5.56
2000-2004       87      0.13568  0.12706  0.50   27179    3453   25452   142566   5.25
2000-2004       88      0.15178  0.14107  0.50   23726    3347   22052   117114   4.94
2000-2004       89      0.16382  0.15142  0.50   20379    3086   18836    95062   4.66
2000-2004       90      0.17381  0.15991  0.50   17293    2765   15910    76226   4.41
2000-2004       91      0.18298  0.16765  0.50   14528    2435   13310    60316   4.15
2000-2004       92      0.20128  0.18288  0.50   12092    2211   10986    47006   3.89
2000-2004       93      0.22615  0.20318  0.50    9881    2008    8877    36020   3.65
2000-2004       94      0.23528  0.21051  0.50    7873    1657    7044    27143   3.45
2000-2004       95      0.25960  0.22977  0.50    6216    1428    5502    20098   3.23
2000-2004       96      0.27967  0.24536  0.50    4788    1175    4200    14597   3.05
2000-2004       97      0.30067  0.26137  0.50    3613     944    3141    10396   2.88
2000-2004       98      0.32253  0.27774  0.50    2669     741    2298     7256   2.72
2000-2004       99      0.34520  0.29439  0.50    1927     567    1644     4958   2.57
2000-2004      100      0.36860  0.31124  0.50    1360     423    1148     3314   2.44
2000-2004      101      0.39263  0.32820  0.50     937     307     783     2166   2.31
2000-2004      102      0.41720  0.34519  0.50     629     217     521     1383   2.20
2000-2004      103      0.44218  0.36212  0.50     412     149     337      862   2.09
2000-2004      104      0.46746  0.37890  0.50     263     100     213      524   2.00
2000-2004      105      0.49291  0.39545  0.50     163      65     131      311   1.91
2000-2004      106      0.51839  0.41168  0.50      99      41      78      180   1.83
2000-2004      107      0.54378  0.42754  0.50      58      25      46      102   1.76
2000-2004      108      0.56894  0.44294  0.50      33      15      26       56   1.70
2000-2004      109      0.59376  0.45783  0.50      19       8      14       31   1.65
2000-2004      110+     0.61810  1.00000  1.62      10      10      16       16   1.62
2005-2009        0      0.00319  0.00318  0.14  100000     318   99727  7922939  79.23
2005-2009        1      0.00028  0.00028  0.50   99682      28   99667  7823211  78.48
2005-2009        2      0.00022  0.00022  0.50   99653      22   99642  7723544  77.50
2005-2009        3      0.00018  0.00018  0.50   99631      18   99622  7623902  76.52
2005-2009        4      0.00008  0.00008  0.50   99613       8   99609  7524280  75.54
2005-2009        5      0.00013  0.00013  0.50   99605      13   99598  7424671  74.54
2005-2009        6      0.00010  0.00010  0.50   99591      10   99586  7325073  73.55
2005-2009        7      0.00013  0.00013  0.50   99581      13   99574  7225487  72.56
2005-2009        8      0.00008  0.00008  0.50   99568       8   99564  7125913  71.57
2005-2009        9      0.00010  0.00010  0.50   99560      10   99555  7026349  70.57
2005-2009       10      0.00009  0.00009  0.50   99550       9   99546  6926794  69.58
2005-2009       11      0.00009  0.00009  0.50   99541       9   99537  6827248  68.59
2005-2009       12      0.00009  0.00009  0.50   99532       9   99528  6727711  67.59
2005-2009       13      0.00011  0.00011  0.50   99523      11   99518  6628183  66.60
2005-2009       14      0.00013  0.00013  0.50   99513      13   99506  6528665  65.61
2005-2009       15      0.00016  0.00016  0.50   99500      16   99492  6429159  64.61
2005-2009       16      0.00017  0.00017  0.50   99484      16   99476  6329667  63.62
2005-2009       17      0.00018  0.00018  0.50   99468      18   99459  6230191  62.64
2005-2009       18      0.00021  0.00021  0.50   99450      21   99439  6130732  61.65
2005-2009       19      0.00032  0.00032  0.50   99429      32   99413  6031292  60.66
2005-2009       20      0.00028  0.00028  0.50   99397      28   99383  5931879  59.68
2005-2009       21      0.00047  0.00047  0.50   99370      47   99346  5832496  58.70
2005-2009       22      0.00038  0.00038  0.50   99323      37   99304  5733149  57.72
2005-2009       23      0.00044  0.00044  0.50   99286      44   99264  5633845  56.74
2005-2009       24      0.00042  0.00042  0.50   99242      41   99221  5534581  55.77
2005-2009       25      0.00051  0.00051  0.50   99200      50   99175  5435360  54.79
2005-2009       26      0.00054  0.00054  0.50   99150      54   99123  5336185  53.82
2005-2009       27      0.00057  0.00057  0.50   99096      56   99068  5237062  52.85
2005-2009       28      0.00058  0.00058  0.50   99040      57   99011  5137994  51.88
2005-2009       29      0.00071  0.00071  0.50   98982      70   98947  5038983  50.91
2005-2009       30      0.00073  0.00072  0.50   98912      72   98876  4940036  49.94
2005-2009       31      0.00076  0.00076  0.50   98840      75   98803  4841160  48.98
2005-2009       32      0.00074  0.00074  0.50   98765      73   98728  4742358  48.02
2005-2009       33      0.00075  0.00075  0.50   98692      74   98655  4643629  47.05
2005-2009       34      0.00092  0.00092  0.50   98618      91   98572  4544975  46.09
2005-2009       35      0.00090  0.00090  0.50   98527      88   98483  4446402  45.13
2005-2009       36      0.00088  0.00088  0.50   98439      87   98396  4347920  44.17
2005-2009       37      0.00100  0.00100  0.50   98352      98   98303  4249524  43.21
2005-2009       38      0.00114  0.00114  0.50   98254     112   98198  4151221  42.25
2005-2009       39      0.00109  0.00109  0.50   98142     107   98089  4053023  41.30
2005-2009       40      0.00118  0.00117  0.50   98035     115   97978  3954934  40.34
2005-2009       41      0.00127  0.00127  0.50   97920     125   97858  3856956  39.39
2005-2009       42      0.00128  0.00128  0.50   97796     125   97733  3759098  38.44
2005-2009       43      0.00136  0.00136  0.50   97670     132   97604  3661365  37.49
2005-2009       44      0.00156  0.00156  0.50   97538     152   97462  3563761  36.54
2005-2009       45      0.00171  0.00171  0.50   97386     167   97302  3466299  35.59
2005-2009       46      0.00200  0.00200  0.50   97219     194   97122  3368997  34.65
2005-2009       47      0.00213  0.00213  0.50   97025     207   96921  3271875  33.72
2005-2009       48      0.00248  0.00248  0.50   96818     240   96698  3174953  32.79
2005-2009       49      0.00266  0.00266  0.50   96578     257   96450  3078255  31.87
2005-2009       50      0.00317  0.00317  0.50   96322     305   96169  2981805  30.96
2005-2009       51      0.00336  0.00335  0.50   96016     322   95855  2885636  30.05
2005-2009       52      0.00343  0.00342  0.50   95694     328   95531  2789781  29.15
2005-2009       53      0.00408  0.00407  0.50   95367     388   95173  2694250  28.25
2005-2009       54      0.00422  0.00421  0.50   94979     400   94779  2599077  27.36
2005-2009       55      0.00515  0.00514  0.50   94578     486   94335  2504299  26.48
2005-2009       56      0.00522  0.00521  0.50   94093     490   93848  2409963  25.61
2005-2009       57      0.00600  0.00599  0.50   93603     560   93323  2316116  24.74
2005-2009       58      0.00646  0.00644  0.50   93042     599   92743  2222793  23.89
2005-2009       59      0.00679  0.00676  0.50   92443     625   92131  2130050  23.04
2005-2009       60      0.00754  0.00751  0.50   91818     690   91473  2037920  22.20
2005-2009       61      0.00885  0.00881  0.50   91129     803   90727  1946446  21.36
2005-2009       62      0.00945  0.00941  0.50   90326     850   89901  1855719  20.54
2005-2009       63      0.01065  0.01060  0.50   89476     948   89002  1765818  19.74
2005-2009       64      0.01172  0.01165  0.50   88527    1031   88012  1676817  18.94
2005-2009       65      0.01357  0.01347  0.50   87496    1179   86907  1588805  18.16
2005-2009       66      0.01452  0.01441  0.50   86317    1244   85695  1501898  17.40
2005-2009       67      0.01562  0.01550  0.50   85073    1318   84414  1416203  16.65
2005-2009       68      0.01692  0.01677  0.50   83755    1405   83052  1331789  15.90
2005-2009       69      0.01913  0.01895  0.50   82350    1560   81570  1248737  15.16
2005-2009       70      0.02152  0.02130  0.50   80790    1720   79930  1167167  14.45
2005-2009       71      0.02415  0.02386  0.50   79069    1886   78126  1087237  13.75
2005-2009       72      0.02670  0.02635  0.50   77183    2033   76166  1009111  13.07
2005-2009       73      0.02837  0.02797  0.50   75149    2102   74098   932945  12.41
2005-2009       74      0.03237  0.03185  0.50   73047    2327   71884   858847  11.76
2005-2009       75      0.03662  0.03596  0.50   70721    2543   69449   786962  11.13
2005-2009       76      0.04096  0.04014  0.50   68178    2737   66810   717513  10.52
2005-2009       77      0.04405  0.04310  0.50   65441    2820   64031   650704   9.94
2005-2009       78      0.04975  0.04854  0.50   62621    3040   61101   586673   9.37
2005-2009       79      0.05672  0.05516  0.50   59581    3287   57938   525571   8.82
2005-2009       80      0.06362  0.06166  0.50   56295    3471   54559   467634   8.31
2005-2009       81      0.06946  0.06713  0.50   52824    3546   51050   413075   7.82
2005-2009       82      0.07555  0.07280  0.50   49277    3587   47484   362024   7.35
2005-2009       83      0.08652  0.08293  0.50   45690    3789   43795   314540   6.88
2005-2009       84      0.09581  0.09143  0.50   41901    3831   39985   270745   6.46
2005-2009       85      0.10439  0.09921  0.50   38070    3777   36181   230759   6.06
2005-2009       86      0.11645  0.11005  0.50   34293    3774   32406   194578   5.67
2005-2009       87      0.13343  0.12508  0.50   30519    3817   28610   162172   5.31
2005-2009       88      0.14350  0.13389  0.50   26702    3575   24914   133561   5.00
2005-2009       89      0.14947  0.13908  0.50   23127    3216   21518   108647   4.70
2005-2009       90      0.17155  0.15800  0.50   19910    3146   18337    87129   4.38
2005-2009       91      0.19359  0.17651  0.50   16764    2959   15285    68791   4.10
2005-2009       92      0.19818  0.18031  0.50   13805    2489   12561    53506   3.88
2005-2009       93      0.21558  0.19460  0.50   11316    2202   10215    40946   3.62
2005-2009       94      0.24293  0.21662  0.50    9114    1974    8127    30731   3.37
2005-2009       95      0.26292  0.23238  0.50    7140    1659    6310    22604   3.17
2005-2009       96      0.28501  0.24946  0.50    5481    1367    4797    16294   2.97
2005-2009       97      0.30817  0.26702  0.50    4113    1098    3564    11497   2.79
2005-2009       98      0.33234  0.28498  0.50    3015     859    2585     7932   2.63
2005-2009       99      0.35742  0.30323  0.50    2156     654    1829     5347   2.48
2005-2009      100      0.38331  0.32167  0.50    1502     483    1261     3518   2.34
2005-2009      101      0.40989  0.34017  0.50    1019     347     846     2258   2.22
2005-2009      102      0.43699  0.35863  0.50     672     241     552     1412   2.10
2005-2009      103      0.46448  0.37694  0.50     431     163     350      860   1.99
2005-2009      104      0.49219  0.39499  0.50     269     106     216      510   1.90
2005-2009      105      0.51995  0.41266  0.50     163      67     129      295   1.81
2005-2009      106      0.54758  0.42988  0.50      95      41      75      166   1.73
2005-2009      107      0.57492  0.44655  0.50      54      24      42       91   1.67
2005-2009      108      0.60181  0.46261  0.50      30      14      23       48   1.61
2005-2009      109      0.62810  0.47799  0.50      16       8      12       25   1.56
2005-2009      110+     0.65366  1.00000  1.53       8       8      13       13   1.53
2010-2014        0      0.00273  0.00272  0.14  100000     272   99767  8054244  80.54
2010-2014        1      0.00028  0.00028  0.50   99728      28   99714  7954477  79.76
2010-2014        2      0.00022  0.00022  0.50   99700      22   99689  7854764  78.78
2010-2014        3      0.00013  0.00013  0.50   99678      13   99671  7755075  77.80
2010-2014        4      0.00015  0.00015  0.50   99664      15   99657  7655404  76.81
2010-2014        5      0.00014  0.00014  0.50   99650      14   99643  7555747  75.82
2010-2014        6      0.00008  0.00008  0.50   99636       8   99632  7456104  74.83
2010-2014        7      0.00011  0.00011  0.50   99628      11   99623  7356472  73.84
2010-2014        8      0.00006  0.00006  0.50   99617       6   99614  7256849  72.85
2010-2014        9      0.00007  0.00007  0.50   99612       7   99608  7157235  71.85
2010-2014       10      0.00010  0.00010  0.50   99605      10   99600  7057627  70.86
2010-2014       11      0.00012  0.00012  0.50   99595      12   99589  6958027  69.86
2010-2014       12      0.00006  0.00006  0.50   99583       6   99580  6858439  68.87
2010-2014       13      0.00015  0.00015  0.50   99576      14   99569  6758859  67.88
2010-2014       14      0.00015  0.00015  0.50   99562      15   99555  6659290  66.89
2010-2014       15      0.00019  0.00019  0.50   99547      19   99537  6559735  65.90
2010-2014       16      0.00015  0.00015  0.50   99528      15   99520  6460198  64.91
2010-2014       17      0.00017  0.00017  0.50   99513      17   99504  6360678  63.92
2010-2014       18      0.00024  0.00024  0.50   99496      24   99484  6261173  62.93
2010-2014       19      0.00027  0.00027  0.50   99472      26   99458  6161690  61.94
2010-2014       20      0.00029  0.00029  0.50   99445      29   99431  6062232  60.96
2010-2014       21      0.00032  0.00032  0.50   99416      32   99400  5962801  59.98
2010-2014       22      0.00031  0.00031  0.50   99384      31   99369  5863401  59.00
2010-2014       23      0.00034  0.00034  0.50   99354      33   99337  5764031  58.02
2010-2014       24      0.00043  0.00043  0.50   99320      43   99299  5664694  57.03
2010-2014       25      0.00037  0.00037  0.50   99277      37   99259  5565396  56.06
2010-2014       26      0.00041  0.00041  0.50   99240      41   99220  5466137  55.08
2010-2014       27      0.00048  0.00048  0.50   99199      47   99176  5366917  54.10
2010-2014       28      0.00042  0.00042  0.50   99152      42   99131  5267742  53.13
2010-2014       29      0.00051  0.00051  0.50   99110      51   99085  5168611  52.15
2010-2014       30      0.00056  0.00056  0.50   99059      56   99032  5069526  51.18
2010-2014       31      0.00053  0.00053  0.50   99004      52   98978  4970495  50.21
2010-2014       32      0.00063  0.00063  0.50   98952      62   98921  4871517  49.23
2010-2014       33      0.00067  0.00067  0.50   98889      66   98856  4772596  48.26
2010-2014       34      0.00073  0.00073  0.50   98823      72   98787  4673740  47.29
2010-2014       35      0.00077  0.00077  0.50   98751      76   98713  4574953  46.33
2010-2014       36      0.00081  0.00081  0.50   98675      80   98636  4476239  45.36
2010-2014       37      0.00092  0.00092  0.50   98596      91   98550  4377604  44.40
2010-2014       38      0.00095  0.00095  0.50   98505      93   98459  4279053  43.44
2010-2014       39      0.00114  0.00114  0.50   98412     112   98356  4180595  42.48
2010-2014       40      0.00114  0.00114  0.50   98300     112   98244  4082239  41.53
2010-2014       41      0.00123  0.00123  0.50   98188     121   98127  3983995  40.58
2010-2014       42      0.00129  0.00129  0.50   98067     127   98004  3885868  39.62
2010-2014       43      0.00135  0.00134  0.50   97940     132   97874  3787864  38.68
2010-2014       44      0.00153  0.00153  0.50   97809     149   97734  3689990  37.73
2010-2014       45      0.00175  0.00175  0.50   97659     171   97574  3592256  36.78
2010-2014       46      0.00186  0.00185  0.50   97489     181   97398  3494682  35.85
2010-2014       47      0.00187  0.00187  0.50   97308     182   97217  3397284  34.91
2010-2014       48      0.00221  0.00221  0.50   97126     214   97019  3300067  33.98
2010-2014       49      0.00259  0.00259  0.50   96912     251   96786  3203048  33.05
2010-2014       50      0.00261  0.00260  0.50   96661     252   96535  3106262  32.14
2010-2014       51      0.00312  0.00311  0.50   96409     300   96259  3009727  31.22
2010-2014       52      0.00314  0.00314  0.50   96109     301   95958  2913468  30.31
2010-2014       53      0.00346  0.00345  0.50   95808     331   95642  2817509  29.41
2010-2014       54      0.00402  0.00401  0.50   95477     383   95286  2721867  28.51
2010-2014       55      0.00434  0.00433  0.50   95094     412   94888  2626581  27.62
2010-2014       56      0.00496  0.00495  0.50   94682     469   94448  2531693  26.74
2010-2014       57      0.00541  0.00540  0.50   94214     509   93960  2437245  25.87
2010-2014       58      0.00575  0.00574  0.50   93705     538   93436  2343285  25.01
2010-2014       59      0.00666  0.00664  0.50   93168     619   92858  2249849  24.15
2010-2014       60      0.00729  0.00726  0.50   92549     672   92213  2156991  23.31
2010-2014       61      0.00777  0.00774  0.50   91877     711   91522  2064778  22.47
2010-2014       62      0.00853  0.00849  0.50   91166     774   90779  1973256  21.64
2010-2014       63      0.00948  0.00944  0.50   90392     853   89965  1882477  20.83
2010-2014       64      0.01015  0.01010  0.50   89539     904   89087  1792512  20.02
2010-2014       65      0.01043  0.01038  0.50   88635     920   88175  1703425  19.22
2010-2014       66      0.01224  0.01216  0.50   87715    1067   87182  1615250  18.41
2010-2014       67      0.01360  0.01351  0.50   86648    1171   86063  1528068  17.64
2010-2014       68      0.01540  0.01529  0.50   85478    1307   84824  1442005  16.87
2010-2014       69      0.01689  0.01675  0.50   84171    1410   83466  1357181  16.12
2010-2014       70      0.01881  0.01864  0.50   82761    1543   81990  1273715  15.39
2010-2014       71      0.02164  0.02140  0.50   81219    1738   80349  1191725  14.67
2010-2014       72      0.02266  0.02241  0.50   79480    1781   78590  1111375  13.98
2010-2014       73      0.02491  0.02460  0.50   77699    1912   76743  1032786  13.29
2010-2014       74      0.02752  0.02715  0.50   75787    2057   74759   956043  12.61
2010-2014       75      0.03018  0.02973  0.50   73730    2192   72634   881284  11.95
2010-2014       76      0.03473  0.03413  0.50   71538    2442   70317   808650  11.30
2010-2014       77      0.03839  0.03767  0.50   69096    2603   67795   738333  10.69
2010-2014       78      0.04176  0.04090  0.50   66493    2720   65133   670538  10.08
2010-2014       79      0.04858  0.04743  0.50   63773    3025   62261   605404   9.49
2010-2014       80      0.05169  0.05038  0.50   60749    3061   59218   543143   8.94
2010-2014       81      0.06079  0.05899  0.50   57688    3403   55986   483925   8.39
2010-2014       82      0.06459  0.06257  0.50   54285    3397   52586   427939   7.88
2010-2014       83      0.07197  0.06947  0.50   50888    3535   49121   375352   7.38
2010-2014       84      0.08019  0.07710  0.50   47353    3651   45527   326232   6.89
2010-2014       85      0.08879  0.08502  0.50   43702    3716   41844   280704   6.42
2010-2014       86      0.10416  0.09901  0.50   39986    3959   38007   238860   5.97
2010-2014       87      0.11436  0.10817  0.50   36027    3897   34079   200853   5.57
2010-2014       88      0.12766  0.12000  0.50   32130    3856   30203   166774   5.19
2010-2014       89      0.14234  0.13288  0.50   28275    3757   26396   136572   4.83
2010-2014       90      0.15421  0.14317  0.50   24518    3510   22762   110176   4.49
2010-2014       91      0.18240  0.16715  0.50   21007    3511   19252    87413   4.16
2010-2014       92      0.19724  0.17954  0.50   17496    3141   15925    68161   3.90
2010-2014       93      0.22086  0.19890  0.50   14355    2855   12927    52236   3.64
2010-2014       94      0.22896  0.20544  0.50   11500    2362   10318    39309   3.42
2010-2014       95      0.25732  0.22799  0.50    9137    2083    8096    28990   3.17
2010-2014       96      0.28157  0.24682  0.50    7054    1741    6184    20895   2.96
2010-2014       97      0.30716  0.26626  0.50    5313    1415    4606    14711   2.77
2010-2014       98      0.33399  0.28620  0.50    3898    1116    3340    10106   2.59
2010-2014       99      0.36194  0.30648  0.50    2783     853    2356     6765   2.43
2010-2014      100      0.39086  0.32696  0.50    1930     631    1614     4409   2.28
2010-2014      101      0.42057  0.34749  0.50    1299     451    1073     2795   2.15
2010-2014      102      0.45086  0.36792  0.50     847     312     692     1721   2.03
2010-2014      103      0.48152  0.38809  0.50     536     208     432     1030   1.92
2010-2014      104      0.51232  0.40785  0.50     328     134     261      598   1.82
2010-2014      105      0.54303  0.42708  0.50     194      83     153      337   1.74
2010-2014      106      0.57342  0.44565  0.50     111      50      86      184   1.66
2010-2014      107      0.60326  0.46346  0.50      62      29      47       98   1.59
2010-2014      108      0.63235  0.48045  0.50      33      16      25       51   1.53
2010-2014      109      0.66051  0.49653  0.50      17       9      13       26   1.48
2010-2014      110+     0.68758  1.00000  1.45       9       9      13       13   1.45
2015-2019        0      0.00185  0.00185  0.15  100000     185   99842  8175967  81.76
2015-2019        1      0.00018  0.00018  0.50   99815      18   99806  8076125  80.91
2015-2019        2      0.00015  0.00015  0.50   99797      15   99790  7976319  79.93
2015-2019        3      0.00017  0.00017  0.50   99782      17   99773  7876529  78.94
2015-2019        4      0.00008  0.00008  0.50   99765       8   99761  7776755  77.95
2015-2019        5      0.00005  0.00005  0.50   99757       5   99754  7676995  76.96
2015-2019        6      0.00011  0.00011  0.50   99752      11   99747  7577240  75.96
2015-2019        7      0.00006  0.00006  0.50   99741       6   99738  7477493  74.97
2015-2019        8      0.00008  0.00008  0.50   99735       8   99731  7377755  73.97
2015-2019        9      0.00008  0.00008  0.50   99727       8   99723  7278024  72.98
2015-2019       10      0.00005  0.00005  0.50   99719       5   99717  7178301  71.98
2015-2019       11      0.00006  0.00006  0.50   99714       6   99711  7078584  70.99
2015-2019       12      0.00012  0.00012  0.50   99708      12   99702  6978873  69.99
2015-2019       13      0.00012  0.00012  0.50   99696      12   99690  6879171  69.00
2015-2019       14      0.00013  0.00013  0.50   99684      13   99678  6779481  68.01
2015-2019       15      0.00018  0.00018  0.50   99671      18   99662  6679803  67.02
2015-2019       16      0.00014  0.00014  0.50   99653      14   99646  6580142  66.03
2015-2019       17      0.00023  0.00023  0.50   99639      23   99627  6480496  65.04
2015-2019       18      0.00027  0.00027  0.50   99616      27   99603  6380868  64.05
2015-2019       19      0.00022  0.00022  0.50   99590      22   99579  6281265  63.07
2015-2019       20      0.00030  0.00030  0.50   99568      30   99552  6181687  62.09
2015-2019       21      0.00030  0.00030  0.50   99537      30   99522  6082134  61.10
2015-2019       22      0.00036  0.00036  0.50   99507      36   99490  5982612  60.12
2015-2019       23      0.00035  0.00035  0.50   99472      35   99454  5883122  59.14
2015-2019       24      0.00035  0.00035  0.50   99437      35   99419  5783668  58.16
2015-2019       25      0.00041  0.00041  0.50   99402      40   99382  5684249  57.18
2015-2019       26      0.00042  0.00042  0.50   99362      42   99341  5584867  56.21
2015-2019       27      0.00040  0.00040  0.50   99320      40   99300  5485526  55.23
2015-2019       28      0.00045  0.00045  0.50   99280      45   99258  5386225  54.25
2015-2019       29      0.00047  0.00047  0.50   99235      46   99212  5286968  53.28
2015-2019       30      0.00046  0.00046  0.50   99189      45   99166  5187755  52.30
2015-2019       31      0.00056  0.00055  0.50   99144      55   99116  5088589  51.33
2015-2019       32      0.00054  0.00054  0.50   99089      54   99062  4989473  50.35
2015-2019       33      0.00055  0.00055  0.50   99035      55   99008  4890411  49.38
2015-2019       34      0.00066  0.00066  0.50   98980      65   98948  4791403  48.41
2015-2019       35      0.00063  0.00063  0.50   98915      62   98884  4692456  47.44
2015-2019       36      0.00075  0.00075  0.50   98853      74   98816  4593572  46.47
2015-2019       37      0.00076  0.00076  0.50   98779      75   98741  4494756  45.50
2015-2019       38      0.00089  0.00089  0.50   98704      88   98660  4396014  44.54
2015-2019       39      0.00097  0.00097  0.50   98616      95   98568  4297354  43.58
2015-2019       40      0.00110  0.00110  0.50   98520     109   98466  4198787  42.62
2015-2019       41      0.00126  0.00126  0.50   98412     124   98350  4100321  41.66
2015-2019       42      0.00138  0.00137  0.50   98288     135   98220  4001971  40.72
2015-2019       43      0.00157  0.00157  0.50   98153     154   98076  3903751  39.77
2015-2019       44      0.00160  0.00160  0.50   97999     157   97921  3805675  38.83
2015-2019       45      0.00160  0.00160  0.50   97842     157   97764  3707755  37.90
2015-2019       46      0.00173  0.00173  0.50   97685     169   97601  3609991  36.96
2015-2019       47      0.00194  0.00194  0.50   97516     189   97422  3512390  36.02
2015-2019       48      0.00223  0.00223  0.50   97328     217   97219  3414968  35.09
2015-2019       49      0.00237  0.00237  0.50   97110     230   96995  3317749  34.16
2015-2019       50      0.00256  0.00256  0.50   96880     248   96756  3220753  33.24
2015-2019       51      0.00287  0.00287  0.50   96633     277   96494  3123997  32.33
2015-2019       52      0.00311  0.00310  0.50   96355     299   96206  3027503  31.42
2015-2019       53      0.00354  0.00353  0.50   96056     339   95887  2931297  30.52
2015-2019       54      0.00375  0.00374  0.50   95717     358   95538  2835410  29.62
2015-2019       55      0.00395  0.00395  0.50   95359     376   95171  2739873  28.73
2015-2019       56      0.00428  0.00427  0.50   94983     406   94780  2644702  27.84
2015-2019       57      0.00506  0.00504  0.50   94577     477   94339  2549922  26.96
2015-2019       58      0.00558  0.00557  0.50   94100     524   93838  2455583  26.10
2015-2019       59      0.00605  0.00603  0.50   93576     564   93294  2361745  25.24
2015-2019       60      0.00683  0.00680  0.50   93012     633   92696  2268450  24.39
2015-2019       61      0.00707  0.00704  0.50   92380     651   92054  2175754  23.55
2015-2019       62      0.00793  0.00789  0.50   91729     724   91367  2083700  22.72
2015-2019       63      0.00873  0.00869  0.50   91005     791   90609  1992333  21.89
2015-2019       64      0.00945  0.00940  0.50   90214     848   89789  1901724  21.08
2015-2019       65      0.01050  0.01045  0.50   89365     934   88898  1811935  20.28
2015-2019       66      0.01148  0.01142  0.50   88432    1010   87927  1723036  19.48
2015-2019       67      0.01214  0.01207  0.50   87422    1055   86894  1635110  18.70
2015-2019       68      0.01358  0.01349  0.50   86367    1165   85784  1548215  17.93
2015-2019       69      0.01436  0.01426  0.50   85202    1215   84594  1462431  17.16
2015-2019       70      0.01589  0.01577  0.50   83987    1324   83325  1377837  16.41
2015-2019       71      0.01758  0.01742  0.50   82663    1440   81942  1294512  15.66
2015-2019       72      0.02033  0.02012  0.50   81222    1634   80405  1212570  14.93
2015-2019       73      0.02286  0.02260  0.50   79588    1799   78689  1132164  14.23
2015-2019       74      0.02609  0.02575  0.50   77789    2003   76788  1053476  13.54
2015-2019       75      0.02830  0.02790  0.50   75786    2115   74728   976688  12.89
2015-2019       76      0.03082  0.03035  0.50   73671    2236   72553   901960  12.24
2015-2019       77      0.03277  0.03224  0.50   71435    2303   70284   829407  11.61
2015-2019       78      0.03726  0.03658  0.50   69132    2529   67867   759123  10.98
2015-2019       79      0.04143  0.04058  0.50   66603    2703   65251   691256  10.38
2015-2019       80      0.04707  0.04598  0.50   63900    2938   62431   626004   9.80
2015-2019       81      0.05044  0.04920  0.50   60962    2999   59462   563573   9.24
2015-2019       82      0.05848  0.05682  0.50   57962    3293   56316   504111   8.70
2015-2019       83      0.06336  0.06141  0.50   54669    3357   52990   447796   8.19
2015-2019       84      0.07053  0.06813  0.50   51312    3496   49564   394806   7.69
2015-2019       85      0.07856  0.07559  0.50   47816    3615   46009   345242   7.22
2015-2019       86      0.08723  0.08358  0.50   44201    3694   42354   299233   6.77
2015-2019       87      0.09413  0.08990  0.50   40507    3641   38686   256879   6.34
2015-2019       88      0.10447  0.09928  0.50   36866    3660   35036   218192   5.92
2015-2019       89      0.11694  0.11048  0.50   33205    3669   31371   183157   5.52
2015-2019       90      0.12887  0.12107  0.50   29537    3576   27749   151786   5.14
2015-2019       91      0.14608  0.13614  0.50   25961    3534   24194   124037   4.78
2015-2019       92      0.16155  0.14948  0.50   22427    3352   20750    99843   4.45
2015-2019       93      0.18898  0.17267  0.50   19074    3294   17428    79092   4.15
2015-2019       94      0.19850  0.18058  0.50   15781    2850   14356    61665   3.91
2015-2019       95      0.21513  0.19424  0.50   12931    2512   11675    47309   3.66
2015-2019       96      0.23549  0.21068  0.50   10419    2195    9322    35634   3.42
2015-2019       97      0.25714  0.22784  0.50    8224    1874    7287    26312   3.20
2015-2019       98      0.28005  0.24565  0.50    6350    1560    5570    19025   3.00
2015-2019       99      0.30417  0.26401  0.50    4790    1265    4158    13454   2.81
2015-2019      100      0.32941  0.28283  0.50    3526     997    3027     9296   2.64
2015-2019      101      0.35567  0.30197  0.50    2529     764    2147     6269   2.48
2015-2019      102      0.38284  0.32133  0.50    1765     567    1481     4122   2.34
2015-2019      103      0.41076  0.34077  0.50    1198     408     994     2641   2.20
2015-2019      104      0.43926  0.36016  0.50     790     284     647     1647   2.09
2015-2019      105      0.46817  0.37937  0.50     505     192     409     1000   1.98
2015-2019      106      0.49730  0.39827  0.50     314     125     251      590   1.88
2015-2019      107      0.52644  0.41675  0.50     189      79     149      339   1.80
2015-2019      108      0.55541  0.43469  0.50     110      48      86      190   1.73
2015-2019      109      0.58400  0.45201  0.50      62      28      48      104   1.67
2015-2019      110+     0.61204  1.00000  1.63      34      34      56       56   1.63
