Israel, Total Population, Life tables (period 1x5), Males	Last modified: 31 Oct 2018;  Methods Protocol: v6 (2017)

  Year          Age         mx       qx    ax      lx      dx      Lx       Tx     ex
1983-1984        0      0.01385  0.01369  0.12  100000    1369   98798  7321136  73.21
1983-1984        1      0.00097  0.00097  0.50   98631      96   98584  7222338  73.23
1983-1984        2      0.00072  0.00072  0.50   98536      71   98500  7123754  72.30
1983-1984        3      0.00055  0.00055  0.50   98465      55   98437  7025254  71.35
1983-1984        4      0.00048  0.00048  0.50   98410      48   98386  6926817  70.39
1983-1984        5      0.00031  0.00031  0.50   98363      30   98347  6828430  69.42
1983-1984        6      0.00031  0.00031  0.50   98332      31   98317  6730083  68.44
1983-1984        7      0.00035  0.00035  0.50   98301      35   98284  6631766  67.46
1983-1984        8      0.00023  0.00023  0.50   98267      23   98255  6533482  66.49
1983-1984        9      0.00018  0.00018  0.50   98244      18   98235  6435227  65.50
1983-1984       10      0.00022  0.00022  0.50   98226      22   98215  6336992  64.51
1983-1984       11      0.00031  0.00031  0.50   98204      30   98189  6238777  63.53
1983-1984       12      0.00022  0.00022  0.50   98174      22   98163  6140588  62.55
1983-1984       13      0.00036  0.00036  0.50   98152      35   98134  6042425  61.56
1983-1984       14      0.00041  0.00041  0.50   98117      40   98097  5944291  60.58
1983-1984       15      0.00047  0.00047  0.50   98077      46   98053  5846194  59.61
1983-1984       16      0.00043  0.00043  0.50   98030      42   98009  5748141  58.64
1983-1984       17      0.00063  0.00063  0.50   97988      62   97957  5650132  57.66
1983-1984       18      0.00099  0.00099  0.50   97927      97   97878  5552174  56.70
1983-1984       19      0.00119  0.00119  0.50   97830     116   97771  5454296  55.75
1983-1984       20      0.00121  0.00121  0.50   97713     118   97654  5356525  54.82
1983-1984       21      0.00105  0.00105  0.50   97595     103   97543  5258870  53.88
1983-1984       22      0.00104  0.00104  0.50   97492     101   97441  5161327  52.94
1983-1984       23      0.00104  0.00104  0.50   97391     101   97340  5063886  52.00
1983-1984       24      0.00103  0.00103  0.50   97290     100   97239  4966545  51.05
1983-1984       25      0.00094  0.00094  0.50   97189      91   97144  4869306  50.10
1983-1984       26      0.00088  0.00088  0.50   97098      86   97055  4772162  49.15
1983-1984       27      0.00078  0.00078  0.50   97012      75   96975  4675107  48.19
1983-1984       28      0.00101  0.00101  0.50   96937      98   96888  4578132  47.23
1983-1984       29      0.00089  0.00089  0.50   96839      86   96796  4481244  46.28
1983-1984       30      0.00099  0.00099  0.50   96753      96   96705  4384448  45.32
1983-1984       31      0.00115  0.00115  0.50   96657     111   96602  4287743  44.36
1983-1984       32      0.00092  0.00092  0.50   96546      89   96502  4191141  43.41
1983-1984       33      0.00099  0.00099  0.50   96457      95   96410  4094639  42.45
1983-1984       34      0.00106  0.00106  0.50   96362     103   96311  3998229  41.49
1983-1984       35      0.00130  0.00130  0.50   96260     125   96198  3901918  40.54
1983-1984       36      0.00121  0.00121  0.50   96135     117   96077  3805720  39.59
1983-1984       37      0.00120  0.00120  0.50   96019     115   95961  3709643  38.63
1983-1984       38      0.00151  0.00151  0.50   95904     145   95831  3613682  37.68
1983-1984       39      0.00153  0.00153  0.50   95759     146   95686  3517851  36.74
1983-1984       40      0.00165  0.00165  0.50   95612     158   95534  3422166  35.79
1983-1984       41      0.00178  0.00178  0.50   95455     170   95370  3326632  34.85
1983-1984       42      0.00154  0.00154  0.50   95285     147   95211  3231262  33.91
1983-1984       43      0.00234  0.00234  0.50   95138     223   95027  3136051  32.96
1983-1984       44      0.00265  0.00264  0.50   94915     251   94790  3041025  32.04
1983-1984       45      0.00305  0.00304  0.50   94665     288   94521  2946235  31.12
1983-1984       46      0.00277  0.00277  0.50   94377     261   94246  2851714  30.22
1983-1984       47      0.00397  0.00396  0.50   94115     372   93929  2757468  29.30
1983-1984       48      0.00463  0.00462  0.50   93743     433   93526  2663539  28.41
1983-1984       49      0.00494  0.00493  0.50   93310     460   93080  2570012  27.54
1983-1984       50      0.00504  0.00502  0.50   92849     466   92616  2476933  26.68
1983-1984       51      0.00572  0.00570  0.50   92383     527   92120  2384317  25.81
1983-1984       52      0.00681  0.00679  0.50   91856     623   91545  2292197  24.95
1983-1984       53      0.00742  0.00739  0.50   91233     674   90896  2200652  24.12
1983-1984       54      0.00833  0.00829  0.50   90559     751   90184  2109756  23.30
1983-1984       55      0.00980  0.00975  0.50   89808     876   89370  2019573  22.49
1983-1984       56      0.01057  0.01052  0.50   88932     935   88465  1930203  21.70
1983-1984       57      0.01111  0.01105  0.50   87997     972   87511  1841738  20.93
1983-1984       58      0.01212  0.01205  0.50   87025    1048   86501  1754227  20.16
1983-1984       59      0.01320  0.01311  0.50   85977    1127   85413  1667726  19.40
1983-1984       60      0.01383  0.01374  0.50   84850    1166   84267  1582313  18.65
1983-1984       61      0.01669  0.01655  0.50   83684    1385   82991  1498046  17.90
1983-1984       62      0.01717  0.01702  0.50   82299    1401   81598  1415055  17.19
1983-1984       63      0.01819  0.01803  0.50   80898    1459   80169  1333456  16.48
1983-1984       64      0.01916  0.01898  0.50   79439    1507   78686  1253288  15.78
1983-1984       65      0.02298  0.02272  0.50   77932    1771   77047  1174602  15.07
1983-1984       66      0.02254  0.02228  0.50   76161    1697   75313  1097555  14.41
1983-1984       67      0.02650  0.02615  0.50   74464    1948   73490  1022243  13.73
1983-1984       68      0.02919  0.02877  0.50   72516    2086   71473   948753  13.08
1983-1984       69      0.03237  0.03186  0.50   70430    2244   69308   877279  12.46
1983-1984       70      0.03720  0.03652  0.50   68186    2490   66941   807971  11.85
1983-1984       71      0.04042  0.03962  0.50   65696    2603   64395   741030  11.28
1983-1984       72      0.04266  0.04177  0.50   63093    2635   61776   676635  10.72
1983-1984       73      0.04876  0.04760  0.50   60458    2878   59019   614859  10.17
1983-1984       74      0.05730  0.05570  0.50   57581    3207   55977   555840   9.65
1983-1984       75      0.05902  0.05732  0.50   54373    3117   52815   499863   9.19
1983-1984       76      0.06637  0.06423  0.50   51256    3292   49610   447048   8.72
1983-1984       77      0.07241  0.06988  0.50   47964    3352   46288   397438   8.29
1983-1984       78      0.07843  0.07547  0.50   44612    3367   42929   351150   7.87
1983-1984       79      0.08968  0.08583  0.50   41246    3540   39475   308221   7.47
1983-1984       80      0.09028  0.08638  0.50   37705    3257   36077   268746   7.13
1983-1984       81      0.09207  0.08802  0.50   34448    3032   32932   232669   6.75
1983-1984       82      0.09581  0.09143  0.50   31416    2872   29980   199737   6.36
1983-1984       83      0.12521  0.11783  0.50   28544    3363   26862   169757   5.95
1983-1984       84      0.13644  0.12773  0.50   25181    3216   23572   142894   5.67
1983-1984       85      0.12663  0.11909  0.50   21964    2616   20656   119322   5.43
1983-1984       86      0.14926  0.13889  0.50   19349    2687   18005    98665   5.10
1983-1984       87      0.14321  0.13364  0.50   16661    2227   15548    80661   4.84
1983-1984       88      0.18276  0.16745  0.50   14435    2417   13226    65113   4.51
1983-1984       89      0.17888  0.16419  0.50   12017    1973   11031    51887   4.32
1983-1984       90      0.21434  0.19359  0.50   10044    1944    9072    40856   4.07
1983-1984       91      0.21176  0.19148  0.50    8100    1551    7324    31784   3.92
1983-1984       92      0.20577  0.18657  0.50    6549    1222    5938    24459   3.73
1983-1984       93      0.21984  0.19807  0.50    5327    1055    4799    18522   3.48
1983-1984       94      0.27287  0.24011  0.50    4272    1026    3759    13722   3.21
1983-1984       95      0.28125  0.24658  0.50    3246     800    2846     9963   3.07
1983-1984       96      0.30033  0.26112  0.50    2446     639    2126     7117   2.91
1983-1984       97      0.32012  0.27595  0.50    1807     499    1558     4991   2.76
1983-1984       98      0.34058  0.29103  0.50    1308     381    1118     3433   2.62
1983-1984       99      0.36166  0.30628  0.50     928     284     786     2315   2.50
1983-1984      100      0.38328  0.32164  0.50     644     207     540     1529   2.38
1983-1984      101      0.40537  0.33706  0.50     437     147     363      989   2.27
1983-1984      102      0.42785  0.35245  0.50     289     102     238      626   2.16
1983-1984      103      0.45064  0.36777  0.50     187      69     153      388   2.07
1983-1984      104      0.47363  0.38294  0.50     118      45      96      235   1.98
1983-1984      105      0.49674  0.39791  0.50      73      29      59      139   1.90
1983-1984      106      0.51986  0.41261  0.50      44      18      35       81   1.83
1983-1984      107      0.54289  0.42699  0.50      26      11      20       46   1.77
1983-1984      108      0.56574  0.44100  0.50      15       7      12       25   1.71
1983-1984      109      0.58832  0.45460  0.50       8       4       6       14   1.67
1983-1984      110+     0.61053  1.00000  1.64       5       5       7        7   1.64
1985-1989        0      0.01177  0.01165  0.13  100000    1165   98982  7395386  73.95
1985-1989        1      0.00084  0.00084  0.50   98835      83   98794  7296404  73.82
1985-1989        2      0.00055  0.00055  0.50   98752      54   98725  7197611  72.89
1985-1989        3      0.00044  0.00044  0.50   98698      44   98676  7098885  71.93
1985-1989        4      0.00034  0.00034  0.50   98655      33   98638  7000209  70.96
1985-1989        5      0.00032  0.00032  0.50   98621      31   98606  6901571  69.98
1985-1989        6      0.00029  0.00029  0.50   98590      29   98576  6802965  69.00
1985-1989        7      0.00030  0.00030  0.50   98562      29   98547  6704389  68.02
1985-1989        8      0.00025  0.00025  0.50   98532      25   98520  6605843  67.04
1985-1989        9      0.00024  0.00024  0.50   98507      24   98495  6507323  66.06
1985-1989       10      0.00022  0.00022  0.50   98484      22   98473  6408827  65.08
1985-1989       11      0.00025  0.00025  0.50   98462      25   98450  6310354  64.09
1985-1989       12      0.00020  0.00020  0.50   98437      20   98427  6211905  63.11
1985-1989       13      0.00025  0.00025  0.50   98417      25   98405  6113478  62.12
1985-1989       14      0.00023  0.00023  0.50   98392      23   98381  6015073  61.13
1985-1989       15      0.00037  0.00037  0.50   98369      37   98351  5916692  60.15
1985-1989       16      0.00053  0.00053  0.50   98333      52   98307  5818341  59.17
1985-1989       17      0.00052  0.00052  0.50   98281      51   98255  5720035  58.20
1985-1989       18      0.00098  0.00098  0.50   98230      96   98181  5621779  57.23
1985-1989       19      0.00111  0.00111  0.50   98133     109   98079  5523598  56.29
1985-1989       20      0.00112  0.00112  0.50   98025     109   97970  5425519  55.35
1985-1989       21      0.00088  0.00088  0.50   97915      86   97872  5327550  54.41
1985-1989       22      0.00076  0.00076  0.50   97830      74   97792  5229677  53.46
1985-1989       23      0.00074  0.00074  0.50   97755      73   97719  5131885  52.50
1985-1989       24      0.00078  0.00078  0.50   97683      76   97644  5034166  51.54
1985-1989       25      0.00088  0.00088  0.50   97606      86   97564  4936521  50.58
1985-1989       26      0.00092  0.00092  0.50   97521      90   97476  4838958  49.62
1985-1989       27      0.00088  0.00088  0.50   97431      85   97388  4741482  48.67
1985-1989       28      0.00085  0.00084  0.50   97345      82   97304  4644094  47.71
1985-1989       29      0.00084  0.00084  0.50   97263      81   97222  4546790  46.75
1985-1989       30      0.00084  0.00084  0.50   97182      82   97141  4449567  45.79
1985-1989       31      0.00104  0.00103  0.50   97100     100   97049  4352427  44.82
1985-1989       32      0.00101  0.00101  0.50   96999      98   96950  4255377  43.87
1985-1989       33      0.00103  0.00103  0.50   96901     100   96851  4158427  42.91
1985-1989       34      0.00110  0.00110  0.50   96801     107   96748  4061576  41.96
1985-1989       35      0.00101  0.00101  0.50   96694      98   96646  3964828  41.00
1985-1989       36      0.00118  0.00118  0.50   96597     114   96540  3868182  40.04
1985-1989       37      0.00117  0.00117  0.50   96482     113   96426  3771643  39.09
1985-1989       38      0.00141  0.00141  0.50   96370     136   96302  3675217  38.14
1985-1989       39      0.00130  0.00130  0.50   96234     125   96171  3578915  37.19
1985-1989       40      0.00158  0.00158  0.50   96109     152   96033  3482744  36.24
1985-1989       41      0.00193  0.00193  0.50   95957     185   95864  3386711  35.29
1985-1989       42      0.00207  0.00207  0.50   95772     198   95673  3290846  34.36
1985-1989       43      0.00205  0.00205  0.50   95574     196   95476  3195174  33.43
1985-1989       44      0.00217  0.00217  0.50   95378     207   95274  3099698  32.50
1985-1989       45      0.00284  0.00284  0.50   95171     270   95036  3004424  31.57
1985-1989       46      0.00321  0.00321  0.50   94901     304   94749  2909388  30.66
1985-1989       47      0.00330  0.00329  0.50   94597     312   94441  2814639  29.75
1985-1989       48      0.00394  0.00394  0.50   94285     371   94100  2720198  28.85
1985-1989       49      0.00421  0.00420  0.50   93914     395   93717  2626099  27.96
1985-1989       50      0.00491  0.00490  0.50   93520     458   93291  2532382  27.08
1985-1989       51      0.00519  0.00518  0.50   93062     482   92821  2439091  26.21
1985-1989       52      0.00561  0.00560  0.50   92580     518   92321  2346271  25.34
1985-1989       53      0.00693  0.00691  0.50   92062     636   91744  2253950  24.48
1985-1989       54      0.00744  0.00742  0.50   91426     678   91087  2162206  23.65
1985-1989       55      0.00852  0.00848  0.50   90748     770   90363  2071119  22.82
1985-1989       56      0.00878  0.00874  0.50   89978     786   89585  1980756  22.01
1985-1989       57      0.01052  0.01046  0.50   89192     933   88725  1891171  21.20
1985-1989       58      0.01177  0.01170  0.50   88258    1033   87742  1802446  20.42
1985-1989       59      0.01354  0.01345  0.50   87226    1173   86639  1714704  19.66
1985-1989       60      0.01424  0.01414  0.50   86053    1217   85445  1628065  18.92
1985-1989       61      0.01567  0.01555  0.50   84836    1319   84177  1542621  18.18
1985-1989       62      0.01665  0.01651  0.50   83517    1379   82827  1458444  17.46
1985-1989       63      0.01840  0.01824  0.50   82138    1498   81389  1375617  16.75
1985-1989       64      0.02058  0.02037  0.50   80640    1643   79819  1294228  16.05
1985-1989       65      0.02107  0.02085  0.50   78997    1647   78174  1214409  15.37
1985-1989       66      0.02491  0.02460  0.50   77350    1903   76399  1136235  14.69
1985-1989       67      0.02598  0.02565  0.50   75448    1935   74480  1059836  14.05
1985-1989       68      0.02891  0.02849  0.50   73512    2095   72465   985357  13.40
1985-1989       69      0.03043  0.02997  0.50   71418    2140   70348   912891  12.78
1985-1989       70      0.03452  0.03393  0.50   69277    2351   68102   842544  12.16
1985-1989       71      0.03794  0.03723  0.50   66927    2492   65681   774442  11.57
1985-1989       72      0.04083  0.04001  0.50   64435    2578   63146   708761  11.00
1985-1989       73      0.04740  0.04630  0.50   61857    2864   60425   645615  10.44
1985-1989       74      0.04972  0.04852  0.50   58993    2862   57562   585191   9.92
1985-1989       75      0.05661  0.05505  0.50   56131    3090   54586   527629   9.40
1985-1989       76      0.05964  0.05791  0.50   53041    3072   51505   473044   8.92
1985-1989       77      0.06823  0.06598  0.50   49969    3297   48321   421539   8.44
1985-1989       78      0.07535  0.07262  0.50   46672    3389   44978   373218   8.00
1985-1989       79      0.08613  0.08257  0.50   43283    3574   41496   328241   7.58
1985-1989       80      0.08599  0.08245  0.50   39709    3274   38072   286745   7.22
1985-1989       81      0.09303  0.08889  0.50   36435    3239   34816   248672   6.83
1985-1989       82      0.09998  0.09522  0.50   33196    3161   31616   213856   6.44
1985-1989       83      0.11482  0.10859  0.50   30035    3261   28405   182241   6.07
1985-1989       84      0.11763  0.11109  0.50   26774    2974   25287   153836   5.75
1985-1989       85      0.13421  0.12577  0.50   23799    2993   22303   128549   5.40
1985-1989       86      0.14229  0.13284  0.50   20806    2764   19424   106246   5.11
1985-1989       87      0.15818  0.14659  0.50   18042    2645   16720    86822   4.81
1985-1989       88      0.16763  0.15467  0.50   15398    2382   14207    70102   4.55
1985-1989       89      0.19083  0.17421  0.50   13016    2268   11882    55895   4.29
1985-1989       90      0.19208  0.17525  0.50   10748    1884    9807    44013   4.09
1985-1989       91      0.21287  0.19239  0.50    8865    1706    8012    34207   3.86
1985-1989       92      0.22413  0.20155  0.50    7159    1443    6438    26195   3.66
1985-1989       93      0.23147  0.20746  0.50    5716    1186    5123    19757   3.46
1985-1989       94      0.23795  0.21265  0.50    4530     963    4049    14633   3.23
1985-1989       95      0.29057  0.25371  0.50    3567     905    3115    10585   2.97
1985-1989       96      0.31138  0.26943  0.50    2662     717    2303     7470   2.81
1985-1989       97      0.33298  0.28545  0.50    1945     555    1667     5167   2.66
1985-1989       98      0.35530  0.30170  0.50    1390     419    1180     3500   2.52
1985-1989       99      0.37827  0.31811  0.50     970     309     816     2320   2.39
1985-1989      100      0.40181  0.33459  0.50     662     221     551     1503   2.27
1985-1989      101      0.42580  0.35106  0.50     440     155     363      952   2.16
1985-1989      102      0.45015  0.36744  0.50     286     105     233      589   2.06
1985-1989      103      0.47474  0.38367  0.50     181      69     146      356   1.97
1985-1989      104      0.49945  0.39965  0.50     111      45      89      210   1.89
1985-1989      105      0.52416  0.41532  0.50      67      28      53      121   1.81
1985-1989      106      0.54876  0.43061  0.50      39      17      31       68   1.74
1985-1989      107      0.57312  0.44547  0.50      22      10      17       37   1.68
1985-1989      108      0.59713  0.45984  0.50      12       6      10       20   1.62
1985-1989      109      0.62069  0.47368  0.50       7       3       5       11   1.58
1985-1989      110+     0.64369  1.00000  1.55       4       4       5        5   1.55
1990-1994        0      0.00935  0.00927  0.13  100000     927   99194  7530012  75.30
1990-1994        1      0.00073  0.00073  0.50   99073      72   99037  7430818  75.00
1990-1994        2      0.00038  0.00038  0.50   99000      37   98982  7331782  74.06
1990-1994        3      0.00036  0.00036  0.50   98963      35   98945  7232800  73.09
1990-1994        4      0.00032  0.00032  0.50   98928      31   98912  7133855  72.11
1990-1994        5      0.00023  0.00023  0.50   98896      23   98885  7034942  71.13
1990-1994        6      0.00016  0.00016  0.50   98874      16   98866  6936057  70.15
1990-1994        7      0.00026  0.00026  0.50   98858      26   98845  6837191  69.16
1990-1994        8      0.00019  0.00019  0.50   98832      18   98823  6738346  68.18
1990-1994        9      0.00018  0.00018  0.50   98814      18   98805  6639523  67.19
1990-1994       10      0.00017  0.00017  0.50   98796      17   98788  6540718  66.20
1990-1994       11      0.00015  0.00015  0.50   98779      15   98772  6441930  65.22
1990-1994       12      0.00019  0.00019  0.50   98764      19   98755  6343158  64.23
1990-1994       13      0.00019  0.00019  0.50   98746      18   98736  6244403  63.24
1990-1994       14      0.00023  0.00023  0.50   98727      23   98716  6145667  62.25
1990-1994       15      0.00030  0.00030  0.50   98704      29   98689  6046952  61.26
1990-1994       16      0.00046  0.00046  0.50   98675      45   98652  5948262  60.28
1990-1994       17      0.00057  0.00057  0.50   98630      56   98601  5849610  59.31
1990-1994       18      0.00078  0.00078  0.50   98573      77   98535  5751009  58.34
1990-1994       19      0.00090  0.00090  0.50   98496      88   98452  5652474  57.39
1990-1994       20      0.00103  0.00103  0.50   98408     101   98357  5554022  56.44
1990-1994       21      0.00094  0.00094  0.50   98307      92   98261  5455665  55.50
1990-1994       22      0.00089  0.00089  0.50   98215      87   98171  5357404  54.55
1990-1994       23      0.00086  0.00086  0.50   98127      85   98085  5259233  53.60
1990-1994       24      0.00085  0.00085  0.50   98043      83   98001  5161148  52.64
1990-1994       25      0.00080  0.00080  0.50   97959      78   97920  5063147  51.69
1990-1994       26      0.00090  0.00090  0.50   97881      89   97837  4965227  50.73
1990-1994       27      0.00084  0.00084  0.50   97793      82   97752  4867390  49.77
1990-1994       28      0.00087  0.00087  0.50   97711      85   97668  4769638  48.81
1990-1994       29      0.00074  0.00074  0.50   97625      72   97589  4671970  47.86
1990-1994       30      0.00089  0.00089  0.50   97553      87   97509  4574381  46.89
1990-1994       31      0.00098  0.00098  0.50   97466      96   97418  4476872  45.93
1990-1994       32      0.00094  0.00094  0.50   97370      92   97324  4379454  44.98
1990-1994       33      0.00091  0.00091  0.50   97278      88   97234  4282130  44.02
1990-1994       34      0.00090  0.00090  0.50   97190      88   97146  4184896  43.06
1990-1994       35      0.00103  0.00103  0.50   97102     100   97052  4087750  42.10
1990-1994       36      0.00121  0.00121  0.50   97002     118   96943  3990698  41.14
1990-1994       37      0.00127  0.00127  0.50   96884     123   96823  3893755  40.19
1990-1994       38      0.00122  0.00121  0.50   96761     118   96702  3796933  39.24
1990-1994       39      0.00115  0.00114  0.50   96643     111   96588  3700230  38.29
1990-1994       40      0.00158  0.00158  0.50   96533     152   96457  3603642  37.33
1990-1994       41      0.00154  0.00154  0.50   96380     148   96306  3507186  36.39
1990-1994       42      0.00169  0.00169  0.50   96232     163   96151  3410879  35.44
1990-1994       43      0.00196  0.00196  0.50   96069     189   95975  3314729  34.50
1990-1994       44      0.00213  0.00213  0.50   95881     204   95779  3218754  33.57
1990-1994       45      0.00220  0.00220  0.50   95677     210   95572  3122975  32.64
1990-1994       46      0.00284  0.00284  0.50   95467     271   95331  3027403  31.71
1990-1994       47      0.00311  0.00310  0.50   95195     295   95048  2932072  30.80
1990-1994       48      0.00311  0.00310  0.50   94900     294   94753  2837024  29.89
1990-1994       49      0.00338  0.00338  0.50   94606     319   94446  2742272  28.99
1990-1994       50      0.00412  0.00411  0.50   94286     388   94092  2647826  28.08
1990-1994       51      0.00418  0.00417  0.50   93899     391   93703  2553733  27.20
1990-1994       52      0.00481  0.00480  0.50   93507     449   93283  2460030  26.31
1990-1994       53      0.00543  0.00542  0.50   93058     504   92806  2366748  25.43
1990-1994       54      0.00623  0.00621  0.50   92554     575   92266  2273942  24.57
1990-1994       55      0.00693  0.00690  0.50   91979     635   91662  2181676  23.72
1990-1994       56      0.00832  0.00829  0.50   91344     757   90966  2090014  22.88
1990-1994       57      0.00896  0.00892  0.50   90587     808   90183  1999048  22.07
1990-1994       58      0.00987  0.00982  0.50   89779     882   89338  1908865  21.26
1990-1994       59      0.01084  0.01078  0.50   88897     958   88418  1819527  20.47
1990-1994       60      0.01277  0.01269  0.50   87939    1116   87381  1731109  19.69
1990-1994       61      0.01330  0.01322  0.50   86823    1147   86250  1643727  18.93
1990-1994       62      0.01566  0.01553  0.50   85676    1331   85011  1557478  18.18
1990-1994       63      0.01621  0.01608  0.50   84345    1356   83667  1472467  17.46
1990-1994       64      0.01789  0.01773  0.50   82989    1472   82253  1388800  16.73
1990-1994       65      0.02036  0.02015  0.50   81517    1643   80696  1306547  16.03
1990-1994       66      0.02173  0.02149  0.50   79874    1717   79016  1225851  15.35
1990-1994       67      0.02451  0.02421  0.50   78158    1892   77212  1146835  14.67
1990-1994       68      0.02523  0.02492  0.50   76266    1900   75315  1069623  14.02
1990-1994       69      0.02929  0.02887  0.50   74365    2147   73292   994308  13.37
1990-1994       70      0.03144  0.03095  0.50   72218    2235   71101   921016  12.75
1990-1994       71      0.03479  0.03420  0.50   69983    2393   68787   849915  12.14
1990-1994       72      0.03751  0.03682  0.50   67590    2489   66346   781129  11.56
1990-1994       73      0.04096  0.04014  0.50   65101    2613   63795   714783  10.98
1990-1994       74      0.04344  0.04252  0.50   62488    2657   61160   650988  10.42
1990-1994       75      0.04979  0.04858  0.50   59831    2906   58378   589828   9.86
1990-1994       76      0.05616  0.05463  0.50   56925    3110   55370   531450   9.34
1990-1994       77      0.06038  0.05861  0.50   53815    3154   52238   476080   8.85
1990-1994       78      0.06645  0.06431  0.50   50661    3258   49032   423842   8.37
1990-1994       79      0.07434  0.07167  0.50   47403    3398   45704   374810   7.91
1990-1994       80      0.08070  0.07757  0.50   44005    3413   42299   329106   7.48
1990-1994       81      0.08778  0.08408  0.50   40592    3413   38885   286807   7.07
1990-1994       82      0.09254  0.08844  0.50   37179    3288   35535   247922   6.67
1990-1994       83      0.10313  0.09808  0.50   33891    3324   32229   212387   6.27
1990-1994       84      0.11335  0.10727  0.50   30567    3279   28927   180159   5.89
1990-1994       85      0.12911  0.12128  0.50   27288    3310   25633   151231   5.54
1990-1994       86      0.13450  0.12603  0.50   23978    3022   22467   125598   5.24
1990-1994       87      0.14990  0.13945  0.50   20956    2922   19495   103131   4.92
1990-1994       88      0.16578  0.15309  0.50   18034    2761   16654    83636   4.64
1990-1994       89      0.17634  0.16205  0.50   15273    2475   14036    66982   4.39
1990-1994       90      0.18532  0.16960  0.50   12798    2171   11713    52946   4.14
1990-1994       91      0.20290  0.18421  0.50   10628    1958    9649    41233   3.88
1990-1994       92      0.22319  0.20079  0.50    8670    1741    7800    31584   3.64
1990-1994       93      0.22661  0.20355  0.50    6929    1410    6224    23785   3.43
1990-1994       94      0.25785  0.22840  0.50    5519    1260    4888    17561   3.18
1990-1994       95      0.28761  0.25145  0.50    4258    1071    3723    12672   2.98
1990-1994       96      0.30930  0.26787  0.50    3188     854    2761     8950   2.81
1990-1994       97      0.33187  0.28464  0.50    2334     664    2002     6189   2.65
1990-1994       98      0.35524  0.30166  0.50    1669     504    1418     4187   2.51
1990-1994       99      0.37932  0.31885  0.50    1166     372     980     2770   2.38
1990-1994      100      0.40401  0.33611  0.50     794     267     661     1790   2.25
1990-1994      101      0.42920  0.35336  0.50     527     186     434     1129   2.14
1990-1994      102      0.45475  0.37051  0.50     341     126     278      695   2.04
1990-1994      103      0.48055  0.38746  0.50     215      83     173      417   1.95
1990-1994      104      0.50645  0.40412  0.50     131      53     105      244   1.86
1990-1994      105      0.53232  0.42042  0.50      78      33      62      140   1.78
1990-1994      106      0.55802  0.43629  0.50      45      20      35       78   1.71
1990-1994      107      0.58341  0.45166  0.50      26      12      20       42   1.65
1990-1994      108      0.60836  0.46647  0.50      14       7      11       22   1.59
1990-1994      109      0.63276  0.48068  0.50       7       4       6       12   1.55
1990-1994      110+     0.65650  1.00000  1.52       4       4       6        6   1.52
1995-1999        0      0.00674  0.00671  0.14  100000     671   99421  7611262  76.11
1995-1999        1      0.00065  0.00065  0.50   99329      65   99297  7511841  75.63
1995-1999        2      0.00043  0.00043  0.50   99265      42   99244  7412544  74.67
1995-1999        3      0.00033  0.00033  0.50   99222      33   99206  7313300  73.71
1995-1999        4      0.00030  0.00030  0.50   99190      29   99175  7214094  72.73
1995-1999        5      0.00023  0.00023  0.50   99160      23   99149  7114919  71.75
1995-1999        6      0.00018  0.00018  0.50   99137      18   99129  7015770  70.77
1995-1999        7      0.00015  0.00015  0.50   99120      15   99112  6916642  69.78
1995-1999        8      0.00015  0.00015  0.50   99105      15   99098  6817529  68.79
1995-1999        9      0.00017  0.00017  0.50   99090      17   99082  6718432  67.80
1995-1999       10      0.00020  0.00020  0.50   99074      20   99064  6619350  66.81
1995-1999       11      0.00016  0.00016  0.50   99054      16   99046  6520286  65.83
1995-1999       12      0.00021  0.00021  0.50   99038      21   99028  6421240  64.84
1995-1999       13      0.00023  0.00023  0.50   99017      23   99006  6322212  63.85
1995-1999       14      0.00029  0.00029  0.50   98994      29   98980  6223207  62.86
1995-1999       15      0.00026  0.00026  0.50   98966      25   98953  6124226  61.88
1995-1999       16      0.00038  0.00038  0.50   98941      38   98922  6025273  60.90
1995-1999       17      0.00043  0.00043  0.50   98903      43   98881  5926352  59.92
1995-1999       18      0.00076  0.00076  0.50   98860      75   98823  5827470  58.95
1995-1999       19      0.00094  0.00094  0.50   98785      92   98739  5728648  57.99
1995-1999       20      0.00119  0.00119  0.50   98693     117   98634  5629909  57.04
1995-1999       21      0.00098  0.00098  0.50   98575      96   98527  5531275  56.11
1995-1999       22      0.00099  0.00099  0.50   98479      98   98430  5432747  55.17
1995-1999       23      0.00095  0.00095  0.50   98382      93   98335  5334317  54.22
1995-1999       24      0.00078  0.00078  0.50   98289      76   98250  5235982  53.27
1995-1999       25      0.00088  0.00088  0.50   98212      86   98169  5137732  52.31
1995-1999       26      0.00086  0.00086  0.50   98126      84   98084  5039563  51.36
1995-1999       27      0.00082  0.00082  0.50   98041      80   98001  4941479  50.40
1995-1999       28      0.00090  0.00090  0.50   97961      88   97917  4843478  49.44
1995-1999       29      0.00081  0.00080  0.50   97873      79   97834  4745560  48.49
1995-1999       30      0.00085  0.00085  0.50   97795      83   97753  4647726  47.53
1995-1999       31      0.00086  0.00086  0.50   97712      84   97670  4549973  46.57
1995-1999       32      0.00105  0.00105  0.50   97627     102   97576  4452304  45.61
1995-1999       33      0.00097  0.00097  0.50   97525      95   97478  4354727  44.65
1995-1999       34      0.00118  0.00118  0.50   97430     115   97373  4257249  43.70
1995-1999       35      0.00107  0.00107  0.50   97316     104   97263  4159876  42.75
1995-1999       36      0.00131  0.00130  0.50   97211     127   97148  4062613  41.79
1995-1999       37      0.00122  0.00122  0.50   97084     118   97025  3965465  40.85
1995-1999       38      0.00136  0.00136  0.50   96966     132   96900  3868440  39.89
1995-1999       39      0.00154  0.00153  0.50   96835     149   96760  3771539  38.95
1995-1999       40      0.00150  0.00150  0.50   96686     145   96613  3674779  38.01
1995-1999       41      0.00172  0.00172  0.50   96541     166   96458  3578166  37.06
1995-1999       42      0.00184  0.00184  0.50   96375     177   96287  3481708  36.13
1995-1999       43      0.00186  0.00186  0.50   96198     179   96109  3385421  35.19
1995-1999       44      0.00207  0.00207  0.50   96019     198   95920  3289313  34.26
1995-1999       45      0.00237  0.00236  0.50   95821     227   95707  3193393  33.33
1995-1999       46      0.00238  0.00237  0.50   95594     227   95481  3097685  32.40
1995-1999       47      0.00274  0.00274  0.50   95367     261   95237  3002204  31.48
1995-1999       48      0.00301  0.00301  0.50   95106     286   94963  2906968  30.57
1995-1999       49      0.00347  0.00346  0.50   94820     328   94656  2812004  29.66
1995-1999       50      0.00381  0.00380  0.50   94492     359   94312  2717348  28.76
1995-1999       51      0.00407  0.00406  0.50   94133     382   93941  2623036  27.87
1995-1999       52      0.00465  0.00464  0.50   93750     435   93533  2529095  26.98
1995-1999       53      0.00526  0.00524  0.50   93316     489   93071  2435562  26.10
1995-1999       54      0.00581  0.00580  0.50   92826     538   92557  2342491  25.24
1995-1999       55      0.00639  0.00637  0.50   92288     588   91994  2249934  24.38
1995-1999       56      0.00706  0.00703  0.50   91700     645   91377  2157940  23.53
1995-1999       57      0.00789  0.00786  0.50   91055     716   90697  2066563  22.70
1995-1999       58      0.00877  0.00874  0.50   90339     789   89945  1975865  21.87
1995-1999       59      0.00950  0.00946  0.50   89550     847   89127  1885921  21.06
1995-1999       60      0.01057  0.01051  0.50   88703     932   88237  1796794  20.26
1995-1999       61      0.01190  0.01183  0.50   87771    1038   87252  1708557  19.47
1995-1999       62      0.01336  0.01327  0.50   86733    1151   86157  1621305  18.69
1995-1999       63      0.01514  0.01503  0.50   85582    1286   84939  1535148  17.94
1995-1999       64      0.01655  0.01641  0.50   84296    1383   83604  1450209  17.20
1995-1999       65      0.01841  0.01824  0.50   82912    1513   82156  1366605  16.48
1995-1999       66      0.02012  0.01992  0.50   81400    1622   80589  1284449  15.78
1995-1999       67      0.02191  0.02167  0.50   79778    1729   78914  1203861  15.09
1995-1999       68      0.02460  0.02430  0.50   78049    1897   77101  1124947  14.41
1995-1999       69      0.02719  0.02683  0.50   76153    2043   75131  1047846  13.76
1995-1999       70      0.02911  0.02869  0.50   74109    2126   73046   972715  13.13
1995-1999       71      0.03150  0.03101  0.50   71983    2232   70867   899669  12.50
1995-1999       72      0.03507  0.03447  0.50   69751    2404   68549   828802  11.88
1995-1999       73      0.03718  0.03650  0.50   67347    2458   66118   760253  11.29
1995-1999       74      0.04049  0.03969  0.50   64888    2575   63601   694135  10.70
1995-1999       75      0.04526  0.04426  0.50   62313    2758   60934   630534  10.12
1995-1999       76      0.05116  0.04988  0.50   59556    2971   58070   569600   9.56
1995-1999       77      0.05699  0.05541  0.50   56585    3135   55017   511530   9.04
1995-1999       78      0.06191  0.06005  0.50   53449    3210   51845   456513   8.54
1995-1999       79      0.06793  0.06570  0.50   50240    3301   48589   404668   8.05
1995-1999       80      0.07224  0.06972  0.50   46939    3273   45303   356079   7.59
1995-1999       81      0.08006  0.07697  0.50   43666    3361   41986   310776   7.12
1995-1999       82      0.09019  0.08629  0.50   40305    3478   38566   268790   6.67
1995-1999       83      0.10486  0.09963  0.50   36827    3669   34993   230224   6.25
1995-1999       84      0.11069  0.10489  0.50   33158    3478   31419   195231   5.89
1995-1999       85      0.12724  0.11963  0.50   29680    3551   27905   163812   5.52
1995-1999       86      0.13663  0.12790  0.50   26129    3342   24459   135908   5.20
1995-1999       87      0.15553  0.14431  0.50   22788    3288   21143   111449   4.89
1995-1999       88      0.16681  0.15397  0.50   19499    3002   17998    90306   4.63
1995-1999       89      0.17867  0.16402  0.50   16497    2706   15144    72308   4.38
1995-1999       90      0.18487  0.16923  0.50   13791    2334   12624    57164   4.14
1995-1999       91      0.20791  0.18833  0.50   11457    2158   10378    44539   3.89
1995-1999       92      0.21892  0.19732  0.50    9299    1835    8382    34161   3.67
1995-1999       93      0.22858  0.20513  0.50    7464    1531    6699    25779   3.45
1995-1999       94      0.24971  0.22199  0.50    5933    1317    5275    19080   3.22
1995-1999       95      0.28515  0.24957  0.50    4616    1152    4040    13805   2.99
1995-1999       96      0.30710  0.26622  0.50    3464     922    3003     9765   2.82
1995-1999       97      0.32995  0.28323  0.50    2542     720    2182     6762   2.66
1995-1999       98      0.35364  0.30050  0.50    1822     548    1548     4580   2.51
1995-1999       99      0.37807  0.31796  0.50    1274     405    1072     3032   2.38
1995-1999      100      0.40313  0.33551  0.50     869     292     723     1960   2.26
1995-1999      101      0.42871  0.35304  0.50     578     204     476     1237   2.14
1995-1999      102      0.45468  0.37046  0.50     374     138     304      761   2.04
1995-1999      103      0.48089  0.38768  0.50     235      91     190      457   1.94
1995-1999      104      0.50722  0.40460  0.50     144      58     115      267   1.86
1995-1999      105      0.53350  0.42115  0.50      86      36      68      152   1.78
1995-1999      106      0.55959  0.43725  0.50      50      22      39       85   1.71
1995-1999      107      0.58536  0.45283  0.50      28      13      22       46   1.64
1995-1999      108      0.61068  0.46783  0.50      15       7      12       24   1.59
1995-1999      109      0.63541  0.48221  0.50       8       4       6       13   1.54
1995-1999      110+     0.65944  1.00000  1.52       4       4       6        6   1.52
2000-2004        0      0.00544  0.00541  0.14  100000     541   99534  7725416  77.25
2000-2004        1      0.00057  0.00057  0.50   99459      57   99431  7625882  76.67
2000-2004        2      0.00033  0.00033  0.50   99402      33   99386  7526451  75.72
2000-2004        3      0.00025  0.00025  0.50   99369      25   99357  7427066  74.74
2000-2004        4      0.00021  0.00021  0.50   99344      21   99334  7327709  73.76
2000-2004        5      0.00017  0.00017  0.50   99324      17   99315  7228375  72.78
2000-2004        6      0.00015  0.00015  0.50   99306      15   99299  7129060  71.79
2000-2004        7      0.00019  0.00019  0.50   99291      19   99282  7029761  70.80
2000-2004        8      0.00019  0.00019  0.50   99273      19   99263  6930479  69.81
2000-2004        9      0.00012  0.00012  0.50   99254      11   99248  6831215  68.83
2000-2004       10      0.00020  0.00020  0.50   99243      20   99233  6731967  67.83
2000-2004       11      0.00015  0.00015  0.50   99223      15   99215  6632734  66.85
2000-2004       12      0.00019  0.00019  0.50   99208      19   99199  6533519  65.86
2000-2004       13      0.00018  0.00018  0.50   99189      18   99181  6434320  64.87
2000-2004       14      0.00019  0.00019  0.50   99172      19   99162  6335140  63.88
2000-2004       15      0.00031  0.00031  0.50   99153      31   99137  6235977  62.89
2000-2004       16      0.00035  0.00035  0.50   99122      35   99105  6136840  61.91
2000-2004       17      0.00057  0.00057  0.50   99087      57   99059  6037735  60.93
2000-2004       18      0.00073  0.00073  0.50   99030      72   98994  5938677  59.97
2000-2004       19      0.00110  0.00110  0.50   98958     109   98904  5839682  59.01
2000-2004       20      0.00113  0.00113  0.50   98850     111   98794  5740778  58.08
2000-2004       21      0.00106  0.00106  0.50   98738     104   98686  5641985  57.14
2000-2004       22      0.00103  0.00103  0.50   98634     102   98583  5543298  56.20
2000-2004       23      0.00087  0.00087  0.50   98532      86   98489  5444715  55.26
2000-2004       24      0.00089  0.00089  0.50   98446      87   98403  5346226  54.31
2000-2004       25      0.00081  0.00081  0.50   98359      79   98319  5247824  53.35
2000-2004       26      0.00084  0.00084  0.50   98279      82   98238  5149504  52.40
2000-2004       27      0.00078  0.00078  0.50   98197      77   98159  5051266  51.44
2000-2004       28      0.00090  0.00089  0.50   98120      88   98077  4953107  50.48
2000-2004       29      0.00104  0.00104  0.50   98033     102   97982  4855031  49.52
2000-2004       30      0.00077  0.00077  0.50   97931      76   97893  4757049  48.58
2000-2004       31      0.00083  0.00083  0.50   97856      81   97815  4659155  47.61
2000-2004       32      0.00087  0.00087  0.50   97774      85   97732  4561341  46.65
2000-2004       33      0.00105  0.00105  0.50   97690     103   97638  4463609  45.69
2000-2004       34      0.00102  0.00102  0.50   97587     100   97537  4365970  44.74
2000-2004       35      0.00117  0.00117  0.50   97487     114   97430  4268433  43.78
2000-2004       36      0.00114  0.00114  0.50   97373     111   97317  4171003  42.84
2000-2004       37      0.00120  0.00120  0.50   97262     116   97204  4073686  41.88
2000-2004       38      0.00141  0.00141  0.50   97146     137   97077  3976482  40.93
2000-2004       39      0.00158  0.00157  0.50   97009     153   96932  3879405  39.99
2000-2004       40      0.00162  0.00162  0.50   96856     157   96778  3782472  39.05
2000-2004       41      0.00170  0.00170  0.50   96699     165   96617  3685695  38.12
2000-2004       42      0.00190  0.00189  0.50   96535     183   96443  3589078  37.18
2000-2004       43      0.00196  0.00196  0.50   96352     189   96257  3492635  36.25
2000-2004       44      0.00217  0.00217  0.50   96163     209   96058  3396377  35.32
2000-2004       45      0.00234  0.00234  0.50   95954     224   95842  3300319  34.39
2000-2004       46      0.00258  0.00258  0.50   95730     247   95606  3204477  33.47
2000-2004       47      0.00259  0.00258  0.50   95483     247   95360  3108871  32.56
2000-2004       48      0.00289  0.00289  0.50   95236     275   95099  3013511  31.64
2000-2004       49      0.00302  0.00301  0.50   94961     286   94818  2918413  30.73
2000-2004       50      0.00331  0.00331  0.50   94675     313   94518  2823595  29.82
2000-2004       51      0.00385  0.00384  0.50   94362     362   94181  2729076  28.92
2000-2004       52      0.00402  0.00401  0.50   93999     377   93811  2634896  28.03
2000-2004       53      0.00468  0.00467  0.50   93623     437   93404  2541085  27.14
2000-2004       54      0.00506  0.00505  0.50   93186     470   92950  2447681  26.27
2000-2004       55      0.00541  0.00540  0.50   92715     500   92465  2354730  25.40
2000-2004       56      0.00624  0.00622  0.50   92215     574   91928  2262265  24.53
2000-2004       57      0.00689  0.00687  0.50   91641     629   91326  2170337  23.68
2000-2004       58      0.00703  0.00700  0.50   91012     637   90693  2079011  22.84
2000-2004       59      0.00866  0.00862  0.50   90375     779   89985  1988318  22.00
2000-2004       60      0.00931  0.00927  0.50   89595     830   89180  1898333  21.19
2000-2004       61      0.00989  0.00984  0.50   88765     874   88328  1809153  20.38
2000-2004       62      0.01108  0.01102  0.50   87891     969   87407  1720825  19.58
2000-2004       63      0.01207  0.01199  0.50   86922    1043   86401  1633418  18.79
2000-2004       64      0.01418  0.01408  0.50   85880    1209   85275  1547017  18.01
2000-2004       65      0.01570  0.01557  0.50   84670    1319   84011  1461742  17.26
2000-2004       66      0.01642  0.01628  0.50   83352    1357   82673  1377731  16.53
2000-2004       67      0.01885  0.01868  0.50   81995    1531   81229  1295058  15.79
2000-2004       68      0.02190  0.02166  0.50   80463    1743   79592  1213829  15.09
2000-2004       69      0.02354  0.02326  0.50   78720    1831   77805  1134237  14.41
2000-2004       70      0.02620  0.02586  0.50   76889    1989   75895  1056433  13.74
2000-2004       71      0.02765  0.02727  0.50   74900    2043   73879   980538  13.09
2000-2004       72      0.03164  0.03114  0.50   72858    2269   71723   906659  12.44
2000-2004       73      0.03449  0.03391  0.50   70589    2393   69392   834935  11.83
2000-2004       74      0.03867  0.03794  0.50   68195    2587   66902   765543  11.23
2000-2004       75      0.04180  0.04094  0.50   65608    2686   64265   698642  10.65
2000-2004       76      0.04784  0.04672  0.50   62922    2940   61452   634377  10.08
2000-2004       77      0.05146  0.05017  0.50   59982    3009   58478   572924   9.55
2000-2004       78      0.05456  0.05311  0.50   56973    3026   55460   514446   9.03
2000-2004       79      0.06042  0.05865  0.50   53947    3164   52365   458986   8.51
2000-2004       80      0.06484  0.06281  0.50   50783    3190   49189   406621   8.01
2000-2004       81      0.07367  0.07105  0.50   47594    3381   45903   357432   7.51
2000-2004       82      0.08059  0.07747  0.50   44212    3425   42500   311529   7.05
2000-2004       83      0.08687  0.08326  0.50   40787    3396   39089   269030   6.60
2000-2004       84      0.09984  0.09509  0.50   37391    3556   35614   229940   6.15
2000-2004       85      0.10477  0.09955  0.50   33836    3368   32152   194327   5.74
2000-2004       86      0.12414  0.11689  0.50   30467    3561   28687   162175   5.32
2000-2004       87      0.14038  0.13117  0.50   26906    3529   25142   133488   4.96
2000-2004       88      0.15116  0.14054  0.50   23377    3285   21734   108347   4.63
2000-2004       89      0.17665  0.16231  0.50   20092    3261   18461    86613   4.31
2000-2004       90      0.18997  0.17349  0.50   16830    2920   15371    68152   4.05
2000-2004       91      0.21283  0.19236  0.50   13911    2676   12573    52781   3.79
2000-2004       92      0.23180  0.20772  0.50   11235    2334   10068    40209   3.58
2000-2004       93      0.23927  0.21371  0.50    8901    1902    7950    30141   3.39
2000-2004       94      0.26348  0.23281  0.50    6999    1629    6184    22191   3.17
2000-2004       95      0.28254  0.24757  0.50    5369    1329    4705    16007   2.98
2000-2004       96      0.30638  0.26568  0.50    4040    1073    3503    11302   2.80
2000-2004       97      0.33129  0.28421  0.50    2967     843    2545     7799   2.63
2000-2004       98      0.35719  0.30307  0.50    2124     644    1802     5253   2.47
2000-2004       99      0.38395  0.32212  0.50    1480     477    1242     3452   2.33
2000-2004      100      0.41144  0.34124  0.50    1003     342     832     2210   2.20
2000-2004      101      0.43948  0.36031  0.50     661     238     542     1378   2.09
2000-2004      102      0.46792  0.37920  0.50     423     160     343      836   1.98
2000-2004      103      0.49657  0.39780  0.50     262     104     210      494   1.88
2000-2004      104      0.52524  0.41599  0.50     158      66     125      283   1.79
2000-2004      105      0.55375  0.43367  0.50      92      40      72      158   1.71
2000-2004      106      0.58190  0.45075  0.50      52      24      40       86   1.64
2000-2004      107      0.60954  0.46716  0.50      29      13      22       45   1.58
2000-2004      108      0.63648  0.48283  0.50      15       7      12       23   1.52
2000-2004      109      0.66260  0.49771  0.50       8       4       6       12   1.48
2000-2004      110+     0.68776  1.00000  1.45       4       4       6        6   1.45
2005-2009        0      0.00439  0.00437  0.14  100000     437   99624  7882753  78.83
2005-2009        1      0.00048  0.00048  0.50   99563      47   99539  7783128  78.17
2005-2009        2      0.00029  0.00029  0.50   99515      29   99501  7683589  77.21
2005-2009        3      0.00022  0.00022  0.50   99486      22   99475  7584089  76.23
2005-2009        4      0.00018  0.00018  0.50   99464      18   99455  7484614  75.25
2005-2009        5      0.00016  0.00016  0.50   99446      16   99438  7385159  74.26
2005-2009        6      0.00014  0.00014  0.50   99430      14   99423  7285720  73.27
2005-2009        7      0.00016  0.00016  0.50   99416      16   99408  7186297  72.29
2005-2009        8      0.00012  0.00012  0.50   99400      12   99394  7086889  71.30
2005-2009        9      0.00013  0.00013  0.50   99388      13   99382  6987495  70.31
2005-2009       10      0.00012  0.00012  0.50   99375      12   99369  6888113  69.31
2005-2009       11      0.00011  0.00011  0.50   99363      11   99358  6788744  68.32
2005-2009       12      0.00014  0.00014  0.50   99352      14   99345  6689387  67.33
2005-2009       13      0.00013  0.00013  0.50   99338      13   99331  6590042  66.34
2005-2009       14      0.00022  0.00022  0.50   99325      22   99313  6490711  65.35
2005-2009       15      0.00029  0.00029  0.50   99302      28   99288  6391397  64.36
2005-2009       16      0.00031  0.00031  0.50   99274      30   99259  6292109  63.38
2005-2009       17      0.00039  0.00039  0.50   99244      39   99224  6192850  62.40
2005-2009       18      0.00055  0.00055  0.50   99205      55   99177  6093626  61.42
2005-2009       19      0.00063  0.00063  0.50   99150      63   99118  5994449  60.46
2005-2009       20      0.00078  0.00078  0.50   99087      77   99048  5895331  59.50
2005-2009       21      0.00065  0.00065  0.50   99010      65   98977  5796283  58.54
2005-2009       22      0.00082  0.00082  0.50   98945      81   98904  5697306  57.58
2005-2009       23      0.00076  0.00076  0.50   98864      75   98826  5598401  56.63
2005-2009       24      0.00066  0.00066  0.50   98789      66   98756  5499575  55.67
2005-2009       25      0.00065  0.00065  0.50   98723      64   98691  5400819  54.71
2005-2009       26      0.00063  0.00063  0.50   98659      62   98628  5302128  53.74
2005-2009       27      0.00060  0.00060  0.50   98597      59   98567  5203500  52.78
2005-2009       28      0.00059  0.00059  0.50   98538      58   98509  5104933  51.81
2005-2009       29      0.00073  0.00073  0.50   98480      72   98444  5006425  50.84
2005-2009       30      0.00077  0.00077  0.50   98408      75   98370  4907981  49.87
2005-2009       31      0.00064  0.00064  0.50   98332      63   98300  4809611  48.91
2005-2009       32      0.00073  0.00073  0.50   98269      72   98233  4711310  47.94
2005-2009       33      0.00077  0.00077  0.50   98197      76   98159  4613078  46.98
2005-2009       34      0.00090  0.00090  0.50   98121      88   98077  4514918  46.01
2005-2009       35      0.00081  0.00081  0.50   98033      80   97993  4416842  45.05
2005-2009       36      0.00097  0.00097  0.50   97953      95   97906  4318849  44.09
2005-2009       37      0.00098  0.00098  0.50   97858      96   97810  4220943  43.13
2005-2009       38      0.00094  0.00094  0.50   97762      92   97716  4123133  42.18
2005-2009       39      0.00113  0.00113  0.50   97671     111   97615  4025417  41.21
2005-2009       40      0.00119  0.00119  0.50   97560     116   97502  3927801  40.26
2005-2009       41      0.00143  0.00143  0.50   97444     139   97374  3830300  39.31
2005-2009       42      0.00156  0.00156  0.50   97305     151   97229  3732926  38.36
2005-2009       43      0.00160  0.00160  0.50   97153     156   97075  3635697  37.42
2005-2009       44      0.00194  0.00194  0.50   96997     188   96903  3538621  36.48
2005-2009       45      0.00205  0.00205  0.50   96809     199   96710  3441718  35.55
2005-2009       46      0.00231  0.00231  0.50   96611     223   96499  3345008  34.62
2005-2009       47      0.00242  0.00242  0.50   96388     233   96271  3248509  33.70
2005-2009       48      0.00275  0.00275  0.50   96154     264   96022  3152238  32.78
2005-2009       49      0.00294  0.00294  0.50   95890     282   95749  3056215  31.87
2005-2009       50      0.00325  0.00324  0.50   95609     310   95454  2960466  30.96
2005-2009       51      0.00368  0.00367  0.50   95299     350   95124  2865012  30.06
2005-2009       52      0.00407  0.00407  0.50   94949     386   94756  2769889  29.17
2005-2009       53      0.00440  0.00439  0.50   94563     415   94355  2675133  28.29
2005-2009       54      0.00461  0.00460  0.50   94148     433   93931  2580777  27.41
2005-2009       55      0.00534  0.00532  0.50   93714     499   93465  2486846  26.54
2005-2009       56      0.00567  0.00565  0.50   93215     527   92952  2393381  25.68
2005-2009       57      0.00592  0.00590  0.50   92689     547   92415  2300429  24.82
2005-2009       58      0.00656  0.00653  0.50   92142     602   91840  2208014  23.96
2005-2009       59      0.00693  0.00690  0.50   91539     632   91223  2116174  23.12
2005-2009       60      0.00803  0.00800  0.50   90907     727   90544  2024950  22.27
2005-2009       61      0.00878  0.00874  0.50   90180     788   89786  1934406  21.45
2005-2009       62      0.00923  0.00919  0.50   89392     822   88981  1844620  20.64
2005-2009       63      0.01072  0.01066  0.50   88570     944   88098  1755639  19.82
2005-2009       64      0.01155  0.01149  0.50   87626    1007   87123  1667541  19.03
2005-2009       65      0.01325  0.01316  0.50   86619    1140   86050  1580419  18.25
2005-2009       66      0.01453  0.01443  0.50   85480    1233   84863  1494369  17.48
2005-2009       67      0.01666  0.01652  0.50   84247    1392   83551  1409506  16.73
2005-2009       68      0.01763  0.01748  0.50   82855    1448   82130  1325955  16.00
2005-2009       69      0.01905  0.01888  0.50   81406    1537   80638  1243825  15.28
2005-2009       70      0.02156  0.02133  0.50   79870    1704   79018  1163187  14.56
2005-2009       71      0.02349  0.02321  0.50   78166    1814   77259  1084169  13.87
2005-2009       72      0.02552  0.02520  0.50   76352    1924   75390  1006910  13.19
2005-2009       73      0.02933  0.02890  0.50   74428    2151   73352   931520  12.52
2005-2009       74      0.03441  0.03383  0.50   72277    2445   71054   858168  11.87
2005-2009       75      0.03697  0.03630  0.50   69832    2535   68564   787113  11.27
2005-2009       76      0.04037  0.03957  0.50   67297    2663   65966   718549  10.68
2005-2009       77      0.04496  0.04397  0.50   64634    2842   63213   652584  10.10
2005-2009       78      0.04957  0.04837  0.50   61792    2989   60298   589370   9.54
2005-2009       79      0.05630  0.05476  0.50   58803    3220   57193   529072   9.00
2005-2009       80      0.05977  0.05803  0.50   55583    3226   53970   471879   8.49
2005-2009       81      0.06813  0.06589  0.50   52357    3450   50633   417909   7.98
2005-2009       82      0.07155  0.06908  0.50   48908    3378   47219   367276   7.51
2005-2009       83      0.07991  0.07684  0.50   45529    3499   43780   320058   7.03
2005-2009       84      0.08807  0.08436  0.50   42031    3546   40258   276278   6.57
2005-2009       85      0.10331  0.09824  0.50   38485    3781   36595   236020   6.13
2005-2009       86      0.10878  0.10317  0.50   34705    3581   32914   199425   5.75
2005-2009       87      0.12613  0.11865  0.50   31124    3693   29278   166511   5.35
2005-2009       88      0.12792  0.12023  0.50   27431    3298   25782   137233   5.00
2005-2009       89      0.14923  0.13887  0.50   24133    3351   22458   111451   4.62
2005-2009       90      0.16619  0.15344  0.50   20782    3189   19187    88993   4.28
2005-2009       91      0.18995  0.17347  0.50   17593    3052   16067    69806   3.97
2005-2009       92      0.21024  0.19024  0.50   14541    2766   13158    53739   3.70
2005-2009       93      0.22787  0.20456  0.50   11775    2409   10570    40581   3.45
2005-2009       94      0.26531  0.23424  0.50    9366    2194    8269    30010   3.20
2005-2009       95      0.27399  0.24098  0.50    7172    1728    6308    21741   3.03
2005-2009       96      0.29876  0.25993  0.50    5444    1415    4736    15433   2.83
2005-2009       97      0.32477  0.27940  0.50    4029    1126    3466    10697   2.66
2005-2009       98      0.35190  0.29925  0.50    2903     869    2469     7231   2.49
2005-2009       99      0.38002  0.31934  0.50    2034     650    1710     4762   2.34
2005-2009      100      0.40897  0.33954  0.50    1385     470    1150     3052   2.20
2005-2009      101      0.43857  0.35969  0.50     915     329     750     1903   2.08
2005-2009      102      0.46861  0.37966  0.50     586     222     474     1153   1.97
2005-2009      103      0.49888  0.39928  0.50     363     145     291      678   1.87
2005-2009      104      0.52916  0.41845  0.50     218      91     173      388   1.78
2005-2009      105      0.55923  0.43703  0.50     127      55      99      215   1.69
2005-2009      106      0.58886  0.45492  0.50      71      33      55      116   1.62
2005-2009      107      0.61787  0.47204  0.50      39      18      30       61   1.56
2005-2009      108      0.64606  0.48832  0.50      21      10      16       31   1.50
2005-2009      109      0.67327  0.50371  0.50      11       5       8       15   1.46
2005-2009      110+     0.69936  1.00000  1.43       5       5       7        7   1.43
2010-2014        0      0.00365  0.00364  0.14  100000     364   99688  8001833  80.02
2010-2014        1      0.00032  0.00032  0.50   99636      32   99620  7902145  79.31
2010-2014        2      0.00022  0.00022  0.50   99604      22   99593  7802525  78.34
2010-2014        3      0.00017  0.00017  0.50   99582      17   99574  7702932  77.35
2010-2014        4      0.00016  0.00016  0.50   99565      15   99558  7603358  76.37
2010-2014        5      0.00013  0.00013  0.50   99550      13   99544  7503800  75.38
2010-2014        6      0.00011  0.00011  0.50   99537      11   99532  7404257  74.39
2010-2014        7      0.00008  0.00008  0.50   99527       8   99523  7304725  73.39
2010-2014        8      0.00013  0.00013  0.50   99519      13   99512  7205202  72.40
2010-2014        9      0.00010  0.00010  0.50   99506      10   99501  7105690  71.41
2010-2014       10      0.00009  0.00009  0.50   99495       9   99491  7006189  70.42
2010-2014       11      0.00012  0.00012  0.50   99486      12   99481  6906698  69.42
2010-2014       12      0.00013  0.00013  0.50   99475      13   99468  6807217  68.43
2010-2014       13      0.00016  0.00016  0.50   99462      16   99454  6707749  67.44
2010-2014       14      0.00020  0.00020  0.50   99446      19   99436  6608295  66.45
2010-2014       15      0.00025  0.00025  0.50   99426      24   99414  6508859  65.46
2010-2014       16      0.00027  0.00027  0.50   99402      27   99389  6409445  64.48
2010-2014       17      0.00032  0.00032  0.50   99375      31   99359  6310056  63.50
2010-2014       18      0.00045  0.00045  0.50   99344      44   99321  6210697  62.52
2010-2014       19      0.00045  0.00045  0.50   99299      45   99277  6111375  61.55
2010-2014       20      0.00064  0.00064  0.50   99254      64   99223  6012098  60.57
2010-2014       21      0.00051  0.00051  0.50   99191      50   99166  5912876  59.61
2010-2014       22      0.00055  0.00055  0.50   99141      54   99114  5813710  58.64
2010-2014       23      0.00051  0.00051  0.50   99087      51   99061  5714596  57.67
2010-2014       24      0.00055  0.00055  0.50   99036      54   99009  5615535  56.70
2010-2014       25      0.00057  0.00057  0.50   98981      56   98953  5516526  55.73
2010-2014       26      0.00060  0.00060  0.50   98925      60   98896  5417573  54.76
2010-2014       27      0.00053  0.00053  0.50   98866      53   98839  5318677  53.80
2010-2014       28      0.00057  0.00056  0.50   98813      56   98785  5219838  52.83
2010-2014       29      0.00058  0.00058  0.50   98757      57   98729  5121053  51.86
2010-2014       30      0.00057  0.00057  0.50   98700      56   98672  5022325  50.88
2010-2014       31      0.00064  0.00064  0.50   98644      63   98612  4923653  49.91
2010-2014       32      0.00059  0.00059  0.50   98580      58   98552  4825041  48.95
2010-2014       33      0.00068  0.00068  0.50   98523      67   98489  4726489  47.97
2010-2014       34      0.00068  0.00068  0.50   98456      67   98423  4628000  47.01
2010-2014       35      0.00076  0.00076  0.50   98390      75   98352  4529577  46.04
2010-2014       36      0.00067  0.00067  0.50   98315      65   98282  4431225  45.07
2010-2014       37      0.00076  0.00076  0.50   98249      74   98212  4332943  44.10
2010-2014       38      0.00094  0.00094  0.50   98175      93   98129  4234730  43.13
2010-2014       39      0.00091  0.00091  0.50   98083      90   98038  4136601  42.17
2010-2014       40      0.00104  0.00104  0.50   97993     102   97942  4038563  41.21
2010-2014       41      0.00120  0.00119  0.50   97891     117   97833  3940621  40.26
2010-2014       42      0.00132  0.00132  0.50   97774     129   97710  3842789  39.30
2010-2014       43      0.00131  0.00131  0.50   97645     128   97581  3745079  38.35
2010-2014       44      0.00152  0.00151  0.50   97517     148   97443  3647498  37.40
2010-2014       45      0.00159  0.00159  0.50   97369     155   97292  3550055  36.46
2010-2014       46      0.00193  0.00193  0.50   97215     187   97121  3452763  35.52
2010-2014       47      0.00196  0.00196  0.50   97027     190   96932  3355642  34.58
2010-2014       48      0.00247  0.00246  0.50   96837     239   96718  3258710  33.65
2010-2014       49      0.00250  0.00249  0.50   96599     241   96478  3161992  32.73
2010-2014       50      0.00283  0.00282  0.50   96358     272   96222  3065513  31.81
2010-2014       51      0.00346  0.00346  0.50   96086     332   95920  2969291  30.90
2010-2014       52      0.00356  0.00355  0.50   95754     340   95584  2873372  30.01
2010-2014       53      0.00402  0.00401  0.50   95414     383   95222  2777788  29.11
2010-2014       54      0.00444  0.00443  0.50   95031     421   94820  2682566  28.23
2010-2014       55      0.00469  0.00468  0.50   94609     443   94388  2587746  27.35
2010-2014       56      0.00526  0.00525  0.50   94167     494   93919  2493358  26.48
2010-2014       57      0.00562  0.00560  0.50   93672     525   93410  2399438  25.62
2010-2014       58      0.00618  0.00616  0.50   93148     574   92861  2306028  24.76
2010-2014       59      0.00665  0.00663  0.50   92574     614   92267  2213168  23.91
2010-2014       60      0.00769  0.00767  0.50   91960     705   91607  2120901  23.06
2010-2014       61      0.00804  0.00801  0.50   91255     731   90889  2029294  22.24
2010-2014       62      0.00913  0.00909  0.50   90524     823   90113  1938404  21.41
2010-2014       63      0.00950  0.00946  0.50   89701     848   89277  1848292  20.61
2010-2014       64      0.01052  0.01047  0.50   88853     930   88388  1759015  19.80
2010-2014       65      0.01164  0.01157  0.50   87923    1017   87414  1670627  19.00
2010-2014       66      0.01310  0.01301  0.50   86905    1131   86340  1583214  18.22
2010-2014       67      0.01421  0.01411  0.50   85774    1210   85169  1496874  17.45
2010-2014       68      0.01529  0.01518  0.50   84564    1283   83922  1411705  16.69
2010-2014       69      0.01729  0.01714  0.50   83281    1428   82567  1327782  15.94
2010-2014       70      0.01871  0.01854  0.50   81853    1517   81094  1245216  15.21
2010-2014       71      0.02095  0.02073  0.50   80336    1665   79503  1164121  14.49
2010-2014       72      0.02368  0.02340  0.50   78670    1841   77750  1084618  13.79
2010-2014       73      0.02625  0.02591  0.50   76829    1991   75834  1006868  13.11
2010-2014       74      0.02910  0.02868  0.50   74839    2147   73766   931034  12.44
2010-2014       75      0.03070  0.03023  0.50   72692    2198   71593   857268  11.79
2010-2014       76      0.03498  0.03437  0.50   70495    2423   69283   785675  11.15
2010-2014       77      0.03988  0.03911  0.50   68071    2662   66740   716392  10.52
2010-2014       78      0.04503  0.04404  0.50   65410    2881   63969   649651   9.93
2010-2014       79      0.04870  0.04754  0.50   62529    2973   61043   585682   9.37
2010-2014       80      0.05576  0.05425  0.50   59556    3231   57941   524640   8.81
2010-2014       81      0.06310  0.06117  0.50   56325    3445   54603   466699   8.29
2010-2014       82      0.06906  0.06675  0.50   52880    3530   51115   412096   7.79
2010-2014       83      0.07827  0.07533  0.50   49350    3717   47491   360981   7.31
2010-2014       84      0.08527  0.08178  0.50   45633    3732   43767   313490   6.87
2010-2014       85      0.09517  0.09084  0.50   41901    3806   39998   269723   6.44
2010-2014       86      0.10449  0.09930  0.50   38094    3783   36203   229725   6.03
2010-2014       87      0.11670  0.11026  0.50   34312    3783   32420   193522   5.64
2010-2014       88      0.12608  0.11861  0.50   30528    3621   28718   161102   5.28
2010-2014       89      0.13755  0.12870  0.50   26907    3463   25176   132384   4.92
2010-2014       90      0.15973  0.14792  0.50   23445    3468   21711   107208   4.57
2010-2014       91      0.16936  0.15614  0.50   19977    3119   18417    85498   4.28
2010-2014       92      0.19081  0.17420  0.50   16858    2936   15389    67081   3.98
2010-2014       93      0.21799  0.19657  0.50   13921    2736   12553    51691   3.71
2010-2014       94      0.21253  0.19211  0.50   11185    2149   10110    39139   3.50
2010-2014       95      0.25513  0.22627  0.50    9036    2045    8014    29028   3.21
2010-2014       96      0.27823  0.24425  0.50    6991    1708    6138    21015   3.01
2010-2014       97      0.30257  0.26281  0.50    5284    1389    4589    14877   2.82
2010-2014       98      0.32807  0.28184  0.50    3895    1098    3346    10288   2.64
2010-2014       99      0.35463  0.30122  0.50    2797     843    2376     6942   2.48
2010-2014      100      0.38211  0.32082  0.50    1955     627    1641     4566   2.34
2010-2014      101      0.41037  0.34050  0.50    1328     452    1102     2925   2.20
2010-2014      102      0.43923  0.36014  0.50     876     315     718     1823   2.08
2010-2014      103      0.46851  0.37959  0.50     560     213     454     1105   1.97
2010-2014      104      0.49801  0.39873  0.50     348     139     278      651   1.87
2010-2014      105      0.52753  0.41742  0.50     209      87     165      373   1.78
2010-2014      106      0.55685  0.43557  0.50     122      53      95      208   1.70
2010-2014      107      0.58578  0.45308  0.50      69      31      53      112   1.63
2010-2014      108      0.61413  0.46985  0.50      38      18      29       59   1.57
2010-2014      109      0.64173  0.48584  0.50      20      10      15       30   1.53
2010-2014      110+     0.66842  1.00000  1.50      10      10      15       15   1.50
2015-2016        0      0.00336  0.00335  0.14  100000     335   99713  8038130  80.38
2015-2016        1      0.00033  0.00033  0.50   99665      33   99649  7938417  79.65
2015-2016        2      0.00019  0.00019  0.50   99632      19   99623  7838769  78.68
2015-2016        3      0.00016  0.00016  0.50   99613      16   99606  7739146  77.69
2015-2016        4      0.00009  0.00009  0.50   99598       9   99593  7639540  76.70
2015-2016        5      0.00014  0.00014  0.50   99589      14   99582  7539947  75.71
2015-2016        6      0.00010  0.00010  0.50   99575      10   99570  7440365  74.72
2015-2016        7      0.00012  0.00012  0.50   99565      12   99559  7340795  73.73
2015-2016        8      0.00016  0.00016  0.50   99553      16   99545  7241236  72.74
2015-2016        9      0.00010  0.00010  0.50   99537      10   99532  7141691  71.75
2015-2016       10      0.00009  0.00009  0.50   99527       9   99522  7042160  70.76
2015-2016       11      0.00011  0.00011  0.50   99518      11   99512  6942637  69.76
2015-2016       12      0.00011  0.00011  0.50   99507      11   99501  6843125  68.77
2015-2016       13      0.00012  0.00012  0.50   99496      12   99490  6743624  67.78
2015-2016       14      0.00020  0.00020  0.50   99484      19   99475  6644134  66.79
2015-2016       15      0.00025  0.00025  0.50   99465      25   99452  6544659  65.80
2015-2016       16      0.00024  0.00024  0.50   99440      24   99428  6445206  64.82
2015-2016       17      0.00024  0.00024  0.50   99416      24   99404  6345779  63.83
2015-2016       18      0.00050  0.00050  0.50   99392      49   99367  6246375  62.85
2015-2016       19      0.00053  0.00053  0.50   99342      53   99316  6147008  61.88
2015-2016       20      0.00047  0.00047  0.50   99289      47   99266  6047692  60.91
2015-2016       21      0.00054  0.00053  0.50   99242      53   99216  5948426  59.94
2015-2016       22      0.00040  0.00040  0.50   99189      40   99169  5849210  58.97
2015-2016       23      0.00059  0.00059  0.50   99150      58   99120  5750041  57.99
2015-2016       24      0.00052  0.00052  0.50   99091      52   99065  5650920  57.03
2015-2016       25      0.00047  0.00047  0.50   99040      46   99017  5551855  56.06
2015-2016       26      0.00059  0.00059  0.50   98993      58   98964  5452838  55.08
2015-2016       27      0.00047  0.00047  0.50   98935      46   98912  5353874  54.11
2015-2016       28      0.00053  0.00053  0.50   98889      53   98862  5254962  53.14
2015-2016       29      0.00057  0.00057  0.50   98836      56   98808  5156100  52.17
2015-2016       30      0.00054  0.00054  0.50   98780      54   98753  5057292  51.20
2015-2016       31      0.00050  0.00050  0.50   98726      49   98702  4958539  50.23
2015-2016       32      0.00061  0.00061  0.50   98677      60   98647  4859837  49.25
2015-2016       33      0.00062  0.00062  0.50   98616      61   98586  4761190  48.28
2015-2016       34      0.00079  0.00079  0.50   98556      77   98517  4662604  47.31
2015-2016       35      0.00064  0.00064  0.50   98478      63   98447  4564087  46.35
2015-2016       36      0.00072  0.00072  0.50   98415      71   98380  4465641  45.38
2015-2016       37      0.00077  0.00077  0.50   98344      76   98306  4367261  44.41
2015-2016       38      0.00065  0.00065  0.50   98269      64   98236  4268955  43.44
2015-2016       39      0.00080  0.00080  0.50   98204      78   98165  4170718  42.47
2015-2016       40      0.00102  0.00102  0.50   98126     100   98076  4072553  41.50
2015-2016       41      0.00098  0.00098  0.50   98026      96   97978  3974477  40.55
2015-2016       42      0.00124  0.00124  0.50   97930     121   97870  3876499  39.58
2015-2016       43      0.00124  0.00124  0.50   97809     121   97749  3778629  38.63
2015-2016       44      0.00156  0.00156  0.50   97688     152   97612  3680881  37.68
2015-2016       45      0.00157  0.00157  0.50   97536     153   97459  3583269  36.74
2015-2016       46      0.00179  0.00179  0.50   97382     174   97295  3485810  35.80
2015-2016       47      0.00192  0.00192  0.50   97208     186   97115  3388514  34.86
2015-2016       48      0.00206  0.00206  0.50   97022     200   96922  3291399  33.92
2015-2016       49      0.00233  0.00233  0.50   96822     225   96709  3194477  32.99
2015-2016       50      0.00260  0.00259  0.50   96597     250   96471  3097768  32.07
2015-2016       51      0.00328  0.00327  0.50   96346     315   96189  3001297  31.15
2015-2016       52      0.00340  0.00340  0.50   96031     326   95868  2905108  30.25
2015-2016       53      0.00416  0.00416  0.50   95705     398   95506  2809240  29.35
2015-2016       54      0.00472  0.00471  0.50   95307     449   95083  2713735  28.47
2015-2016       55      0.00507  0.00506  0.50   94858     480   94618  2618652  27.61
2015-2016       56      0.00487  0.00486  0.50   94378     459   94149  2524034  26.74
2015-2016       57      0.00534  0.00533  0.50   93919     500   93669  2429886  25.87
2015-2016       58      0.00593  0.00591  0.50   93419     552   93143  2336217  25.01
2015-2016       59      0.00598  0.00596  0.50   92867     554   92590  2243074  24.15
2015-2016       60      0.00748  0.00745  0.50   92313     688   91969  2150484  23.30
2015-2016       61      0.00750  0.00747  0.50   91625     685   91283  2058515  22.47
2015-2016       62      0.00799  0.00795  0.50   90940     723   90579  1967232  21.63
2015-2016       63      0.00956  0.00951  0.50   90217     858   89788  1876654  20.80
2015-2016       64      0.01038  0.01033  0.50   89359     923   88897  1786866  20.00
2015-2016       65      0.01148  0.01142  0.50   88436    1010   87931  1697969  19.20
2015-2016       66      0.01210  0.01203  0.50   87426    1052   86900  1610038  18.42
2015-2016       67      0.01329  0.01320  0.50   86374    1140   85804  1523137  17.63
2015-2016       68      0.01525  0.01513  0.50   85234    1290   84589  1437333  16.86
2015-2016       69      0.01651  0.01637  0.50   83944    1374   83257  1352744  16.11
2015-2016       70      0.01817  0.01801  0.50   82570    1487   81826  1269487  15.37
2015-2016       71      0.01980  0.01961  0.50   81083    1590   80288  1187661  14.65
2015-2016       72      0.02331  0.02305  0.50   79493    1832   78577  1107374  13.93
2015-2016       73      0.02639  0.02605  0.50   77661    2023   76649  1028797  13.25
2015-2016       74      0.02776  0.02738  0.50   75638    2071   74602   952148  12.59
2015-2016       75      0.03238  0.03187  0.50   73566    2344   72394   877546  11.93
2015-2016       76      0.03458  0.03399  0.50   71222    2421   70012   805151  11.30
2015-2016       77      0.03746  0.03677  0.50   68801    2530   67536   735140  10.68
2015-2016       78      0.04073  0.03992  0.50   66272    2645   64949   667603  10.07
2015-2016       79      0.04763  0.04652  0.50   63626    2960   62146   602654   9.47
2015-2016       80      0.05085  0.04959  0.50   60666    3008   59162   540508   8.91
2015-2016       81      0.05952  0.05780  0.50   57658    3333   55991   481346   8.35
2015-2016       82      0.06607  0.06396  0.50   54325    3475   52588   425355   7.83
2015-2016       83      0.07576  0.07299  0.50   50850    3712   48994   372767   7.33
2015-2016       84      0.07977  0.07671  0.50   47139    3616   45331   323772   6.87
2015-2016       85      0.09262  0.08852  0.50   43522    3852   41596   278442   6.40
2015-2016       86      0.10309  0.09804  0.50   39670    3889   37725   236846   5.97
2015-2016       87      0.12313  0.11599  0.50   35781    4150   33706   199120   5.57
2015-2016       88      0.13868  0.12969  0.50   31631    4102   29580   165415   5.23
2015-2016       89      0.13771  0.12884  0.50   27529    3547   25755   135835   4.93
2015-2016       90      0.15527  0.14409  0.50   23982    3455   22254   110080   4.59
2015-2016       91      0.16800  0.15498  0.50   20526    3181   18936    87826   4.28
2015-2016       92      0.19164  0.17488  0.50   17345    3033   15828    68890   3.97
2015-2016       93      0.20288  0.18420  0.50   14312    2636   12994    53062   3.71
2015-2016       94      0.22219  0.19997  0.50   11676    2335   10508    40068   3.43
2015-2016       95      0.25834  0.22879  0.50    9341    2137    8272    29560   3.16
2015-2016       96      0.28258  0.24759  0.50    7204    1784    6312    21288   2.96
2015-2016       97      0.30814  0.26700  0.50    5420    1447    4697    14976   2.76
2015-2016       98      0.33493  0.28689  0.50    3973    1140    3403    10279   2.59
2015-2016       99      0.36284  0.30712  0.50    2833     870    2398     6876   2.43
2015-2016      100      0.39169  0.32755  0.50    1963     643    1642     4478   2.28
2015-2016      101      0.42133  0.34802  0.50    1320     459    1090     2837   2.15
2015-2016      102      0.45154  0.36838  0.50     861     317     702     1746   2.03
2015-2016      103      0.48212  0.38847  0.50     544     211     438     1044   1.92
2015-2016      104      0.51283  0.40817  0.50     332     136     265      606   1.82
2015-2016      105      0.54344  0.42733  0.50     197      84     155      341   1.74
2015-2016      106      0.57373  0.44584  0.50     113      50      88      187   1.66
2015-2016      107      0.60348  0.46359  0.50      62      29      48       99   1.59
2015-2016      108      0.63248  0.48052  0.50      33      16      25       51   1.53
2015-2016      109      0.66055  0.49655  0.50      17       9      13       26   1.48
2015-2016      110+     0.68753  1.00000  1.45       9       9      13       13   1.45
