Taiwan, Exposure to risk (period 5x1), 	Last modified: 18 Sep 2023;  Methods Protocol: v6 (2017)

  Year          Age             Female            Male           Total
  1970           0            180000.00       191022.12       371022.12
  1970         1-4            753100.64       797638.05      1550738.69
  1970         5-9           1013665.45      1063708.74      2077374.19
  1970        10-14           959282.47      1009412.92      1968695.39
  1970        15-19           850833.81       898388.59      1749222.40
  1970        20-24           547833.99       571149.77      1118983.75
  1970        25-29           454908.85       463071.20       917980.06
  1970        30-34           442175.76       440373.89       882549.64
  1970        35-39           390690.88       458606.40       849297.28
  1970        40-44           336372.30       492131.79       828504.08
  1970        45-49           275338.78       398474.43       673813.21
  1970        50-54           206496.47       282105.42       488601.89
  1970        55-59           177305.98       226064.48       403370.45
  1970        60-64           134041.86       148581.99       282623.85
  1970        65-69            93465.04        90870.95       184335.99
  1970        70-74            62125.99        50764.20       112890.19
  1970        75-79            36820.94        23337.13        60158.07
  1970        80-84            18681.85        10475.89        29157.74
  1970        85-89             7801.86         3558.14        11360.00
  1970        90-94             2420.20          855.45         3275.64
  1970        95-99              557.75          144.19          701.94
  1970       100-104              87.92           14.61          102.53
  1970       105-109               6.69            0.00            6.69
  1970       110+                  0.00            0.00            0.00
  1971           0            177566.70       188983.55       366550.25
  1971         1-4            737117.60       780330.75      1517448.35
  1971         5-9           1004029.97      1055479.00      2059508.98
  1971        10-14           968621.62      1018120.16      1986741.78
  1971        15-19           878442.25       928868.90      1807311.16
  1971        20-24           624054.11       651936.38      1275990.49
  1971        25-29           441422.05       453113.77       894535.82
  1971        30-34           449570.82       451360.00       900930.83
  1971        35-39           399401.88       442771.08       842172.95
  1971        40-44           347783.68       497516.23       845299.91
  1971        45-49           284870.25       419007.99       703878.23
  1971        50-54           219029.46       303308.30       522337.77
  1971        55-59           180067.74       237038.75       417106.49
  1971        60-64           141909.52       156702.48       298612.00
  1971        65-69            98715.71        97726.91       196442.62
  1971        70-74            66285.05        54381.10       120666.15
  1971        75-79            38012.00        24983.62        62995.62
  1971        80-84            19136.59        10868.85        30005.43
  1971        85-89             8017.00         3735.63        11752.63
  1971        90-94             2432.64          906.36         3339.00
  1971        95-99              540.34          155.15          695.49
  1971       100-104              82.49           16.52           99.01
  1971       105-109               6.89            0.00            6.89
  1971       110+                  0.00            0.00            0.00
  1972           0            179102.55       189664.88       368767.43
  1972         1-4            729735.72       772689.35      1502425.08
  1972         5-9            982286.95      1036178.57      2018465.52
  1972        10-14           976426.71      1026839.86      2003266.57
  1972        15-19           891828.69       940027.55      1831856.24
  1972        20-24           697688.94       730744.15      1428433.10
  1972        25-29           442430.32       460023.99       902454.31
  1972        30-34           455494.15       463786.73       919280.88
  1972        35-39           405906.33       434338.83       840245.16
  1972        40-44           357019.73       495833.14       852852.87
  1972        45-49           292279.82       439165.29       731445.11
  1972        50-54           232603.13       327623.93       560227.06
  1972        55-59           184570.32       244971.98       429542.31
  1972        60-64           150881.99       170920.44       321802.42
  1972        65-69           104666.53       105565.59       210232.12
  1972        70-74            71480.51        58964.75       130445.26
  1972        75-79            38826.11        27060.66        65886.77
  1972        80-84            19705.52        11294.89        31000.41
  1972        85-89             8276.76         3940.30        12217.06
  1972        90-94             2428.22          966.68         3394.90
  1972        95-99              500.99          166.30          667.28
  1972       100-104              69.38           17.35           86.73
  1972       105-109               5.31            0.18            5.49
  1972       110+                  0.00            0.00            0.00
  1973           0            175268.88       186189.01       361457.88
  1973         1-4            727942.45       770946.58      1498889.03
  1973         5-9            958772.98      1012688.90      1971461.88
  1973        10-14           982401.79      1035978.37      2018380.17
  1973        15-19           905785.70       951226.84      1857012.53
  1973        20-24           754181.03       790152.64      1544333.67
  1973        25-29           459632.90       482380.84       942013.74
  1973        30-34           460672.03       475522.41       936194.43
  1973        35-39           413321.03       433884.94       847205.97
  1973        40-44           363759.48       485918.67       849678.15
  1973        45-49           303033.70       461229.17       764262.87
  1973        50-54           243597.83       350117.77       593715.59
  1973        55-59           189711.91       251037.14       440749.05
  1973        60-64           159341.96       188378.47       347720.43
  1973        65-69           111293.88       113346.45       224640.32
  1973        70-74            74694.64        63424.04       138118.68
  1973        75-79            41853.64        29711.05        71564.69
  1973        80-84            20358.22        11809.66        32167.88
  1973        85-89             8531.88         4129.46        12661.35
  1973        90-94             2422.25         1018.66         3440.90
  1973        95-99              449.11          166.00          615.11
  1973       100-104              51.29           14.34           65.63
  1973       105-109               2.63            0.15            2.77
  1973       110+                  0.00            0.00            0.00
  1974           0            166389.53       177766.93       344156.46
  1974         1-4            717276.90       760152.49      1477429.39
  1974         5-9            943406.34       997874.11      1941280.45
  1974        10-14           980640.99      1035964.68      2016605.67
  1974        15-19           920347.78       964620.07      1884967.84
  1974        20-24           798313.18       836156.30      1634469.48
  1974        25-29           493162.40       519793.76      1012956.16
  1974        30-34           462525.65       483620.28       946145.92
  1974        35-39           421891.94       440211.06       862103.00
  1974        40-44           369820.95       471919.39       841740.34
  1974        45-49           315676.61       481162.89       796839.50
  1974        50-54           254331.39       372963.50       627294.89
  1974        55-59           193968.77       260949.63       454918.39
  1974        60-64           167008.39       203354.56       370362.95
  1974        65-69           119175.32       121917.68       241093.00
  1974        70-74            77766.33        68223.40       145989.73
  1974        75-79            45537.66        32527.65        78065.32
  1974        80-84            21077.15        12454.34        33531.49
  1974        85-89             8701.96         4214.63        12916.59
  1974        90-94             2464.25         1057.16         3521.41
  1974        95-99              416.74          158.81          575.55
  1974       100-104              39.20           10.19           49.39
  1974       105-109               0.66            0.05            0.70
  1974       110+                  0.00            0.00            0.00
  1975           0            160638.54       171683.90       332322.44
  1975         1-4            706546.13       749298.44      1455844.57
  1975         5-9            933871.49       989139.80      1923011.28
  1975        10-14           976658.21      1031736.39      2008394.60
  1975        15-19           931755.69       976659.63      1908415.32
  1975        20-24           836674.95       875623.01      1712297.96
  1975        25-29           546320.64       576553.59      1122874.23
  1975        30-34           453145.43       477458.81       930604.25
  1975        35-39           431881.23       450467.12       882348.35
  1975        40-44           378325.91       455831.43       834157.34
  1975        45-49           327522.47       494271.55       821794.02
  1975        50-54           265227.61       394903.67       660131.28
  1975        55-59           200280.31       273561.03       473841.34
  1975        60-64           171930.20       214801.87       386732.07
  1975        65-69           125934.79       130327.92       256262.71
  1975        70-74            82249.18        73972.31       156221.48
  1975        75-79            48469.40        35172.03        83641.43
  1975        80-84            21999.69        13265.14        35264.83
  1975        85-89             8801.81         4291.58        13093.40
  1975        90-94             2530.39         1104.85         3635.24
  1975        95-99              432.31          168.88          601.18
  1975       100-104              40.62           11.24           51.86
  1975       105-109               0.14            0.00            0.14
  1975       110+                  0.00            0.00            0.00
  1976           0            173915.98       186301.69       360217.67
  1976         1-4            700570.17       742438.52      1443008.69
  1976         5-9            925056.41       980517.26      1905573.67
  1976        10-14           975943.76      1029695.45      2005639.21
  1976        15-19           941560.20       987961.90      1929522.10
  1976        20-24           865067.10       905537.55      1770604.65
  1976        25-29           619131.35       652072.67      1271204.02
  1976        30-34           439534.11       463999.87       903533.97
  1976        35-39           443021.32       461847.02       904868.33
  1976        40-44           386440.63       440509.63       826950.26
  1976        45-49           338525.57       497666.93       836192.50
  1976        50-54           275345.77       413249.68       688595.45
  1976        55-59           211439.56       292302.81       503742.37
  1976        60-64           174368.89       223751.05       398119.94
  1976        65-69           132223.01       137648.93       269871.95
  1976        70-74            87061.08        79526.09       166587.17
  1976        75-79            51703.62        38166.98        89870.60
  1976        80-84            23049.83        14165.71        37215.54
  1976        85-89             8955.21         4506.71        13461.92
  1976        90-94             2616.25         1178.52         3794.77
  1976        95-99              473.16          202.16          675.32
  1976       100-104              49.30           18.67           67.97
  1976       105-109               0.42            0.00            0.42
  1976       110+                  0.00            0.00            0.00
  1977           0            178984.80       192006.14       370990.94
  1977         1-4            712349.72       755946.89      1468296.61
  1977         5-9            917390.24       971133.92      1888524.16
  1977        10-14           966746.90      1019976.86      1986723.76
  1977        15-19           955581.64      1004428.99      1960010.63
  1977        20-24           880451.62       922105.97      1802557.59
  1977        25-29           690282.11       725585.59      1415867.69
  1977        30-34           439378.52       464144.48       903523.00
  1977        35-39           450685.12       470070.90       920756.02
  1977        40-44           394808.23       432127.43       826935.66
  1977        45-49           347729.81       491377.27       839107.08
  1977        50-54           284028.87       430157.62       714186.48
  1977        55-59           223906.40       313337.83       537244.23
  1977        60-64           176819.58       228531.70       405351.28
  1977        65-69           139600.31       149754.10       289354.41
  1977        70-74            91779.07        84943.10       176722.17
  1977        75-79            54994.80        41412.77        96407.57
  1977        80-84            24333.52        15189.15        39522.67
  1977        85-89             9253.98         4796.92        14050.90
  1977        90-94             2721.81         1253.06         3974.87
  1977        95-99              508.04          240.15          748.19
  1977       100-104              57.86           27.77           85.64
  1977       105-109               1.23            0.16            1.39
  1977       110+                  0.00            0.00            0.00
  1978           0            176700.79       190166.46       366867.25
  1978         1-4            733211.60       779724.73      1512936.33
  1978         5-9            907171.70       960571.14      1867742.84
  1978        10-14           950308.20      1004655.66      1954963.87
  1978        15-19           970050.01      1020799.61      1990849.61
  1978        20-24           896284.38       938640.37      1834924.76
  1978        25-29           744146.03       781174.44      1525320.47
  1978        30-34           455768.20       481660.27       937428.47
  1978        35-39           455282.08       476041.97       931324.05
  1978        40-44           404858.04       430949.07       835807.11
  1978        45-49           355148.27       477630.27       832778.54
  1978        50-54           295026.15       448607.85       743634.01
  1978        55-59           234435.53       331150.63       565586.16
  1978        60-64           180173.50       232142.55       412316.05
  1978        65-69           146686.73       164531.41       311218.14
  1978        70-74            96637.56        90266.12       186903.68
  1978        75-79            56995.33        44252.61       101247.94
  1978        80-84            26117.50        16523.38        42640.88
  1978        85-89             9717.87         5088.35        14806.23
  1978        90-94             2839.62         1328.26         4167.88
  1978        95-99              552.91          287.77          840.67
  1978       100-104              68.15           39.39          107.54
  1978       105-109               2.66            0.89            3.55
  1978       110+                  0.00            0.00            0.00
  1979           0            181455.50       195836.33       377291.83
  1979         1-4            752693.82       801142.01      1553835.83
  1979         5-9            893742.52       947543.88      1841286.40
  1979        10-14           939576.71       994751.09      1934327.80
  1979        15-19           976710.13      1028068.18      2004778.30
  1979        20-24           915989.05       958613.56      1874602.60
  1979        25-29           787991.08       825825.94      1613817.02
  1979        30-34           487406.88       515425.12      1002832.00
  1979        35-39           456881.15       479972.22       936853.37
  1979        40-44           415321.82       434021.73       849343.54
  1979        45-49           362946.08       460898.46       823844.54
  1979        50-54           308203.49       466273.30       774476.79
  1979        55-59           245236.78       349277.71       594514.49
  1979        60-64           183863.71       239323.69       423187.40
  1979        65-69           152867.11       176226.26       329093.37
  1979        70-74           102424.23        96757.37       199181.60
  1979        75-79            59177.17        47215.74       106392.91
  1979        80-84            28098.64        17993.74        46092.38
  1979        85-89            10289.05         5459.65        15748.71
  1979        90-94             2962.59         1393.35         4355.93
  1979        95-99              588.13          324.49          912.62
  1979       100-104              73.52           47.26          120.79
  1979       105-109               3.16            1.65            4.81
  1979       110+                  0.00            0.00            0.00
  1980           0            182025.67       195200.50       377226.17
  1980         1-4            772743.67       824634.91      1597378.58
  1980         5-9            883335.28       936378.75      1819714.03
  1980        10-14           932378.77       987774.15      1920152.92
  1980        15-19           976829.78      1027426.16      2004255.94
  1980        20-24           931390.83       974758.67      1906149.50
  1980        25-29           826911.96       865523.39      1692435.35
  1980        30-34           538445.67       569635.98      1108081.65
  1980        35-39           447889.03       472473.85       920362.88
  1980        40-44           427149.30       443462.83       870612.13
  1980        45-49           372764.11       444684.34       817448.45
  1980        50-54           320826.86       477778.74       798605.61
  1980        55-59           256696.38       370086.29       626782.67
  1980        60-64           190214.40       250276.83       440491.22
  1980        65-69           157592.12       186013.45       343605.56
  1980        70-74           108282.55       103371.30       211653.85
  1980        75-79            62973.05        51085.72       114058.77
  1980        80-84            30053.27        19440.31        49493.58
  1980        85-89            10920.88         5920.13        16841.01
  1980        90-94             3083.63         1472.52         4556.15
  1980        95-99              602.41          337.96          940.37
  1980       100-104              73.18           49.24          122.43
  1980       105-109               2.77            2.12            4.89
  1980       110+                  0.00            0.00            0.00
  1981           0            180914.33       193577.33       374491.67
  1981         1-4            780697.79       833458.16      1614155.95
  1981         5-9            890149.06       943539.84      1833688.90
  1981        10-14           922715.14       977966.83      1900681.97
  1981        15-19           975014.81      1024168.46      1999183.27
  1981        20-24           941183.32       985356.80      1926540.12
  1981        25-29           855111.66       894716.37      1749828.03
  1981        30-34           610618.71       644242.23      1254860.94
  1981        35-39           434830.72       459510.66       894341.38
  1981        40-44           438725.68       455055.42       893781.10
  1981        45-49           381028.50       430103.16       811131.66
  1981        50-54           332098.73       480242.73       812341.46
  1981        55-59           266680.58       389398.99       656079.57
  1981        60-64           201097.25       267995.31       469092.56
  1981        65-69           160328.91       194367.06       354695.97
  1981        70-74           114230.34       109694.56       223924.90
  1981        75-79            67030.98        55471.95       122502.93
  1981        80-84            32063.98        20980.65        53044.62
  1981        85-89            11542.43         6352.62        17895.05
  1981        90-94             3196.91         1559.29         4756.20
  1981        95-99              621.93          341.88          963.81
  1981       100-104              75.06           48.93          124.00
  1981       105-109               3.01            2.28            5.28
  1981       110+                  0.00            0.00            0.00
  1982           0            178057.67       191046.67       369104.33
  1982         1-4            786288.38       837868.94      1624157.32
  1982         5-9            908973.10       963129.86      1872102.96
  1982        10-14           914468.01       967438.56      1881906.57
  1982        15-19           965343.50      1014683.05      1980026.55
  1982        20-24           955348.43      1000387.05      1955735.48
  1982        25-29           872608.62       911786.76      1784395.38
  1982        30-34           681989.11       717508.73      1399497.84
  1982        35-39           435179.38       459839.46       895018.84
  1982        40-44           446071.35       462246.81       908318.16
  1982        45-49           389465.01       421542.83       811007.83
  1982        50-54           340903.99       474356.10       815260.09
  1982        55-59           275218.64       406330.57       681549.21
  1982        60-64           212897.33       287594.99       500492.32
  1982        65-69           162566.51       198875.41       361441.93
  1982        70-74           120382.69       120584.23       240966.91
  1982        75-79            70895.02        59962.21       130857.23
  1982        80-84            34053.25        22737.80        56791.05
  1982        85-89            12284.78         6835.19        19119.97
  1982        90-94             3346.82         1641.02         4987.84
  1982        95-99              642.62          348.37          990.99
  1982       100-104              74.28           46.54          120.82
  1982       105-109               3.08            2.01            5.09
  1982       110+                  0.00            0.00            0.00
  1983           0            173506.83       185708.67       359215.50
  1983         1-4            790555.77       841419.86      1631975.64
  1983         5-9            927831.62       983154.07      1910985.69
  1983        10-14           905893.43       957573.87      1863467.31
  1983        15-19           949604.19      1000052.31      1949656.51
  1983        20-24           968995.90      1016081.43      1985077.33
  1983        25-29           889114.43       927795.34      1816909.77
  1983        30-34           736326.75       772177.19      1508503.94
  1983        35-39           451951.49       476806.51       928758.00
  1983        40-44           450713.80       467496.16       918209.96
  1983        45-49           399299.40       419571.61       818871.00
  1983        50-54           348279.48       461284.03       809563.51
  1983        55-59           285955.58       424746.91       710702.48
  1983        60-64           222894.39       304245.12       527139.50
  1983        65-69           165359.04       202595.68       367954.73
  1983        70-74           126379.02       133296.49       259675.51
  1983        75-79            74733.18        63808.66       138541.83
  1983        80-84            35664.53        24488.69        60153.22
  1983        85-89            13248.78         7429.67        20678.45
  1983        90-94             3545.13         1747.56         5292.69
  1983        95-99              655.73          359.13         1014.85
  1983       100-104              70.01           45.11          115.11
  1983       105-109               2.37            1.92            4.29
  1983       110+                  0.00            0.00            0.00
  1984           0            166842.33       178942.00       345784.33
  1984         1-4            779042.48       828141.31      1607183.79
  1984         5-9            952374.52      1010117.51      1962492.03
  1984        10-14           893020.25       944278.16      1837298.41
  1984        15-19           939196.07       988976.07      1928172.14
  1984        20-24           974854.48      1023470.45      1998324.93
  1984        25-29           907499.31       946686.68      1854185.98
  1984        30-34           780563.13       815593.61      1596156.74
  1984        35-39           483552.67       509344.99       992897.65
  1984        40-44           452515.31       471306.17       923821.48
  1984        45-49           409444.41       422883.10       832327.51
  1984        50-54           356363.48       444705.45       801068.93
  1984        55-59           298502.62       442150.83       740653.46
  1984        60-64           233269.26       320990.67       554259.93
  1984        65-69           168910.40       209660.88       378571.28
  1984        70-74           132023.29       143603.45       275626.74
  1984        75-79            79252.59        68394.38       147646.98
  1984        80-84            37343.26        26360.87        63704.13
  1984        85-89            14311.96         8114.82        22426.77
  1984        90-94             3767.62         1883.58         5651.21
  1984        95-99              681.39          360.73         1042.12
  1984       100-104              70.20           42.97          113.17
  1984       105-109               1.96            1.69            3.65
  1984       110+                  0.00            0.00            0.00
  1985           0            156941.33       168256.33       325197.67
  1985         1-4            759253.57       807674.02      1566927.59
  1985         5-9            974760.74      1034823.29      2009584.03
  1985        10-14           882316.84       932721.25      1815038.09
  1985        15-19           931963.71       980842.94      1912806.65
  1985        20-24           975031.35      1023955.85      1998987.21
  1985        25-29           921876.43       962393.05      1884269.48
  1985        30-34           818606.08       854447.68      1673053.76
  1985        35-39           533778.25       561780.64      1095558.89
  1985        40-44           443924.97       464224.76       908149.73
  1985        45-49           421656.41       432032.27       853688.68
  1985        50-54           366226.09       428884.95       795111.04
  1985        55-59           311073.64       453249.64       764323.28
  1985        60-64           244469.83       341153.28       585623.12
  1985        65-69           175074.88       220110.61       395185.48
  1985        70-74           136416.99       151955.23       288372.22
  1985        75-79            84395.51        73920.84       158316.35
  1985        80-84            39695.75        28569.59        68265.33
  1985        85-89            15354.77         8867.94        24222.70
  1985        90-94             4019.10         2035.10         6054.21
  1985        95-99              717.56          366.29         1083.85
  1985       100-104              73.97           40.71          114.68
  1985       105-109               2.12            1.24            3.37
  1985       110+                  0.00            0.00            0.00
  1986           0            146284.50       156151.33       302435.83
  1986         1-4            733174.49       780882.88      1514057.37
  1986         5-9            980752.91      1041680.86      2022433.77
  1986        10-14           888910.93       940129.99      1829040.92
  1986        15-19           920757.38       970438.60      1891195.98
  1986        20-24           972341.66      1020686.46      1993028.12
  1986        25-29           929945.73       972064.99      1902010.73
  1986        30-34           844482.24       881297.74      1725779.98
  1986        35-39           601723.30       632563.98      1234287.28
  1986        40-44           432021.32       452153.18       884174.50
  1986        45-49           433325.23       443229.13       876554.36
  1986        50-54           374608.24       415498.82       790107.06
  1986        55-59           322426.84       455267.08       777693.92
  1986        60-64           254719.05       359375.46       614094.51
  1986        65-69           185440.33       235705.04       421145.36
  1986        70-74           138990.48       158638.39       297628.87
  1986        75-79            89167.05        78614.51       167781.56
  1986        80-84            42375.96        30818.49        73194.44
  1986        85-89            16451.40         9633.91        26085.31
  1986        90-94             4247.33         2167.65         6414.99
  1986        95-99              749.71          375.10         1124.80
  1986       100-104              77.30           38.09          115.40
  1986       105-109               2.51            0.89            3.40
  1986       110+                  0.00            0.00            0.00
  1987           0            139526.00       150261.67       289787.67
  1987         1-4            695516.74       740434.08      1435950.82
  1987         5-9            979271.10      1040320.63      2019591.73
  1987        10-14           906736.40       959180.10      1865916.49
  1987        15-19           911622.34       959923.61      1871545.95
  1987        20-24           962928.21      1010866.31      1973794.52
  1987        25-29           941471.82       985990.16      1927461.98
  1987        30-34           858010.46       895403.74      1753414.20
  1987        35-39           668696.82       701234.74      1369931.56
  1987        40-44           434119.26       453687.11       887806.37
  1987        45-49           441939.27       452457.89       894397.16
  1987        50-54           384373.12       409250.45       793623.57
  1987        55-59           332392.65       450498.91       782891.56
  1987        60-64           264324.15       375621.90       639946.05
  1987        65-69           197480.05       253827.70       451307.75
  1987        70-74           141801.59       163381.39       305182.98
  1987        75-79            94264.57        86516.74       180781.30
  1987        80-84            45193.59        33129.65        78323.24
  1987        85-89            17641.30        10463.26        28104.56
  1987        90-94             4518.41         2312.79         6831.19
  1987        95-99              792.46          382.22         1174.69
  1987       100-104              80.42           36.80          117.23
  1987       105-109               2.64            0.62            3.26
  1987       110+                  0.00            0.00            0.00
  1988           0            144262.00       156629.67       300891.67
  1988         1-4            657230.19       701178.92      1358409.11
  1988         5-9            974995.13      1036147.64      2011142.77
  1988        10-14           923796.80       978061.25      1901858.05
  1988        15-19           903975.74       949897.71      1853873.45
  1988        20-24           949070.61       996711.63      1945782.24
  1988        25-29           954959.88      1000729.49      1955689.37
  1988        30-34           873733.51       911830.63      1785564.14
  1988        35-39           722480.09       755228.02      1477708.11
  1988        40-44           450788.45       470444.72       921233.18
  1988        45-49           447503.25       459321.33       906824.57
  1988        50-54           395533.65       409105.95       804639.60
  1988        55-59           340774.64       439866.74       780641.38
  1988        60-64           275119.44       393718.35       668837.78
  1988        65-69           207489.11       269554.95       477044.05
  1988        70-74           145603.93       168064.04       313667.97
  1988        75-79            99661.13        96160.43       195821.56
  1988        80-84            48004.57        35448.94        83453.51
  1988        85-89            18541.50        11277.15        29818.65
  1988        90-94             4888.15         2492.86         7381.01
  1988        95-99              829.37          398.18         1227.55
  1988       100-104              80.81           38.94          119.74
  1988       105-109               2.39            0.80            3.19
  1988       110+                  0.00            0.00            0.00
  1989           0            146162.33       158460.83       304623.17
  1989         1-4            635304.35       680791.27      1316095.62
  1989         5-9            957038.36      1017329.24      1974367.60
  1989        10-14           946119.29      1003178.16      1949297.46
  1989        15-19           891378.56       935937.14      1827315.70
  1989        20-24           938804.61       986218.71      1925023.32
  1989        25-29           961035.31      1008341.28      1969376.59
  1989        30-34           892957.80       931590.16      1824547.96
  1989        35-39           766248.23       799227.31      1565475.53
  1989        40-44           480126.54       501345.27       981471.82
  1989        45-49           449571.15       463199.28       912770.43
  1989        50-54           405045.44       412287.69       817333.12
  1989        55-59           348448.17       424455.23       772903.40
  1989        60-64           287067.34       408926.26       695993.59
  1989        65-69           216899.49       284092.23       500991.71
  1989        70-74           149169.64       173934.05       323103.69
  1989        75-79           104277.18       103467.19       207744.37
  1989        80-84            51028.21        38064.05        89092.26
  1989        85-89            19408.62        12101.92        31510.53
  1989        90-94             5316.72         2703.04         8019.76
  1989        95-99              875.02          416.89         1291.91
  1989       100-104              79.89           38.20          118.10
  1989       105-109               1.98            0.72            2.69
  1989       110+                  0.00            0.00            0.00
  1990           0            148366.00       161182.00       309548.00
  1990         1-4            625220.98       670955.78      1296176.76
  1990         5-9            930670.18       988232.60      1918902.78
  1990        10-14           967833.06      1025898.85      1993731.91
  1990        15-19           879763.55       922722.79      1802486.35
  1990        20-24           930169.69       977315.40      1907485.09
  1990        25-29           961364.76      1010549.79      1971914.54
  1990        30-34           907267.83       948236.81      1855504.63
  1990        35-39           804297.23       838381.11      1642678.34
  1990        40-44           528568.53       552981.98      1081550.51
  1990        45-49           442541.35       456912.17       899453.52
  1990        50-54           416454.34       420882.95       837337.29
  1990        55-59           357314.24       408672.00       765986.25
  1990        60-64           298788.74       418398.42       717187.17
  1990        65-69           227658.06       301767.61       529425.67
  1990        70-74           154522.85       182140.71       336663.56
  1990        75-79           107760.37       109918.34       217678.71
  1990        80-84            54539.46        41127.73        95667.19
  1990        85-89            20732.44        13114.72        33847.16
  1990        90-94             5764.36         2931.69         8696.05
  1990        95-99              959.33          436.51         1395.84
  1990       100-104              86.08           36.10          122.18
  1990       105-109               2.14            0.31            2.44
  1990       110+                  0.00            0.00            0.00
  1991           0            150863.67       164795.33       315659.00
  1991         1-4            625449.34       673230.34      1298679.68
  1991         5-9            891506.19       946746.74      1838252.93
  1991        10-14           974993.81      1033306.73      2008300.54
  1991        15-19           884769.99       928266.82      1813036.82
  1991        20-24           918742.20       965244.54      1883986.74
  1991        25-29           959660.22      1007479.33      1967139.55
  1991        30-34           917551.30       959532.47      1877083.77
  1991        35-39           831782.81       867711.96      1699494.77
  1991        40-44           596268.25       623739.42      1220007.67
  1991        45-49           432071.18       446284.32       878355.50
  1991        50-54           428402.99       432088.28       860491.27
  1991        55-59           365048.43       395414.42       760462.85
  1991        60-64           309830.89       422019.61       731850.49
  1991        65-69           237940.27       319592.80       557533.07
  1991        70-74           164225.61       196244.81       360470.42
  1991        75-79           110443.03       116309.12       226752.14
  1991        80-84            58373.38        44886.99       103260.37
  1991        85-89            22378.56        14316.86        36695.42
  1991        90-94             6233.24         3200.84         9434.08
  1991        95-99             1034.52          471.85         1506.37
  1991       100-104              92.83           38.40          131.23
  1991       105-109               2.36            0.28            2.64
  1991       110+                  0.00            0.00            0.00
  1992           0            147390.50       160858.17       308248.67
  1992         1-4            632927.88       685431.34      1318359.22
  1992         5-9            847954.89       903416.45      1751371.35
  1992        10-14           978290.11      1038096.63      2016386.75
  1992        15-19           903115.06       949206.37      1852321.42
  1992        20-24           909549.70       956108.63      1865658.33
  1992        25-29           951480.60       998388.86      1949869.46
  1992        30-34           932654.12       974223.77      1906877.89
  1992        35-39           849691.14       885502.49      1735193.63
  1992        40-44           664171.60       693206.89      1357378.49
  1992        45-49           432669.79       447678.80       880348.59
  1992        50-54           436924.77       441022.43       877947.20
  1992        55-59           375119.50       390277.82       765397.32
  1992        60-64           319986.15       418536.01       738522.16
  1992        65-69           247260.05       335624.03       582884.08
  1992        70-74           175641.39       212542.07       388183.45
  1992        75-79           114122.90       121594.86       235717.76
  1992        80-84            62680.14        50055.11       112735.25
  1992        85-89            24282.59        15655.59        39938.18
  1992        90-94             6743.23         3523.75        10266.98
  1992        95-99             1113.20          512.20         1625.39
  1992       100-104              98.76           41.92          140.68
  1992       105-109               2.40            0.53            2.93
  1992       110+                  0.00            0.00            0.00
  1993           0            147736.67       159872.83       307609.50
  1993         1-4            630623.02       683949.72      1314572.74
  1993         5-9            816529.57       872737.02      1689266.59
  1993        10-14           974700.87      1034492.45      2009193.32
  1993        15-19           918637.74       966756.64      1885394.39
  1993        20-24           899648.03       946043.91      1845691.93
  1993        25-29           938182.02       984431.34      1922613.36
  1993        30-34           946070.06       988977.23      1935047.29
  1993        35-39           867163.31       902299.38      1769462.69
  1993        40-44           717170.63       746730.34      1463900.97
  1993        45-49           445998.27       461689.79       907688.06
  1993        50-54           441301.33       445405.24       886706.57
  1993        55-59           384986.66       389209.49       774196.16
  1993        60-64           327057.41       407598.23       734655.64
  1993        65-69           257371.51       352302.93       609674.44
  1993        70-74           184440.49       226263.88       410704.37
  1993        75-79           117471.58       125629.81       243101.39
  1993        80-84            66729.47        55768.55       122498.02
  1993        85-89            26054.32        16979.02        43033.34
  1993        90-94             7197.77         3853.43        11051.20
  1993        95-99             1236.81          552.56         1789.38
  1993       100-104             108.42           42.90          151.32
  1993       105-109               2.65            0.60            3.25
  1993       110+                  0.00            0.00            0.00
  1994           0            144105.33       156508.83       300614.17
  1994         1-4            626560.57       681070.80      1307631.37
  1994         5-9            792521.60       850148.47      1642670.08
  1994        10-14           957063.54      1016801.63      1973865.18
  1994        15-19           942860.17       994558.72      1937418.89
  1994        20-24           885271.88       930940.30      1816212.18
  1994        25-29           928715.60       973059.82      1901775.42
  1994        30-34           955457.09       997125.70      1952582.80
  1994        35-39           889283.54       922588.40      1811871.93
  1994        40-44           762815.69       790653.49      1553469.19
  1994        45-49           474360.82       490005.67       964366.49
  1994        50-54           441412.73       446043.30       887456.04
  1994        55-59           393681.98       389997.56       783679.55
  1994        60-64           333491.62       393424.64       726916.26
  1994        65-69           268155.80       367991.81       636147.62
  1994        70-74           192718.04       240224.25       432942.29
  1994        75-79           120433.49       131169.25       251602.74
  1994        80-84            70697.35        61126.34       131823.69
  1994        85-89            28076.19        18540.58        46616.77
  1994        90-94             7729.01         4201.07        11930.08
  1994        95-99             1371.06          605.44         1976.50
  1994       100-104             124.40           45.28          169.68
  1994       105-109               3.13            0.30            3.43
  1994       110+                  0.00            0.00            0.00
  1995           0            142931.83       155640.33       298572.17
  1995         1-4            620755.87       676924.76      1297680.63
  1995         5-9            773585.15       834865.74      1608450.89
  1995        10-14           929192.69       989136.82      1918329.50
  1995        15-19           966800.09      1021688.19      1988488.28
  1995        20-24           873258.74       916903.17      1790161.91
  1995        25-29           921712.23       964961.00      1886673.23
  1995        30-34           959427.18       999611.42      1959038.60
  1995        35-39           907368.67       939137.88      1846506.55
  1995        40-44           803009.29       829382.59      1632391.88
  1995        45-49           522142.18       538558.08      1060700.25
  1995        50-54           430464.23       435586.76       866051.00
  1995        55-59           404104.62       395612.01       799716.63
  1995        60-64           340946.74       377728.14       718674.88
  1995        65-69           278009.69       377479.95       655489.64
  1995        70-74           201172.89       256208.23       457381.12
  1995        75-79           124876.56       138636.20       263512.77
  1995        80-84            73733.34        65406.64       139139.98
  1995        85-89            30297.10        20223.93        50521.02
  1995        90-94             8376.44         4597.95        12974.38
  1995        95-99             1473.01          667.29         2140.30
  1995       100-104             140.00           51.65          191.65
  1995       105-109               3.69            0.32            4.01
  1995       110+                  0.00            0.00            0.00
  1996           0            145658.00       157975.83       303633.83
  1996         1-4            616496.27       670784.75      1287281.03
  1996         5-9            770652.72       837719.63      1608372.35
  1996        10-14           886179.69       944036.52      1830216.21
  1996        15-19           974039.37      1029938.41      2003977.78
  1996        20-24           879014.83       923195.55      1802210.38
  1996        25-29           911518.26       954566.19      1866084.45
  1996        30-34           958406.17       997968.96      1956375.13
  1996        35-39           917663.44       950155.18      1867818.62
  1996        40-44           830358.65       856839.22      1687197.86
  1996        45-49           590469.06       607616.17      1198085.23
  1996        50-54           416587.91       421142.74       837730.65
  1996        55-59           414599.00       404689.70       819288.70
  1996        60-64           348357.15       363942.33       712299.48
  1996        65-69           287428.38       380214.68       667643.06
  1996        70-74           209103.50       271291.75       480395.25
  1996        75-79           132802.15       149431.80       282233.95
  1996        80-84            75590.32        68354.15       143944.48
  1996        85-89            32711.36        22197.10        54908.47
  1996        90-94             9095.26         5046.33        14141.58
  1996        95-99             1589.32          728.45         2317.77
  1996       100-104             154.18           58.73          212.92
  1996       105-109               4.28            0.49            4.77
  1996       110+                  0.00            0.00            0.00
  1997           0            146413.00       159392.33       305805.33
  1997         1-4            618519.59       670901.85      1289421.44
  1997         5-9            774935.12       846264.73      1621199.85
  1997        10-14           837992.77       894189.43      1732182.20
  1997        15-19           974789.78      1031147.81      2005937.59
  1997        20-24           896263.39       941945.63      1838209.03
  1997        25-29           903082.00       943831.75      1846913.75
  1997        30-34           949949.02       988502.67      1938451.69
  1997        35-39           931425.16       965163.13      1896588.29
  1997        40-44           846366.83       872148.01      1718514.83
  1997        45-49           658322.64       675679.45      1334002.09
  1997        50-54           416785.36       421038.82       837824.18
  1997        55-59           422098.71       411635.92       833734.62
  1997        60-64           357258.33       356730.14       713988.47
  1997        65-69           296145.60       376127.70       672273.30
  1997        70-74           217353.41       284987.09       502340.51
  1997        75-79           142045.23       161843.72       303888.95
  1997        80-84            77883.52        71289.53       149173.05
  1997        85-89            35330.04        24913.25        60243.30
  1997        90-94             9870.62         5554.44        15425.06
  1997        95-99             1756.41          804.32         2560.73
  1997       100-104             183.87           67.85          251.72
  1997       105-109               6.36            1.07            7.43
  1997       110+                  0.00            0.00            0.00
  1998           0            134610.33       146596.67       281207.00
  1998         1-4            619571.27       671837.67      1291408.94
  1998         5-9            774163.57       846183.62      1620347.19
  1998        10-14           807715.51       864291.23      1672006.75
  1998        15-19           972268.61      1028501.07      2000769.69
  1998        20-24           915482.72       960456.22      1875938.94
  1998        25-29           896918.27       934847.91      1831766.18
  1998        30-34           937749.17       975799.81      1913548.97
  1998        35-39           947709.02       982207.30      1929916.33
  1998        40-44           864966.90       889507.86      1754474.76
  1998        45-49           712166.21       729284.88      1441451.09
  1998        50-54           433646.93       438247.82       871894.76
  1998        55-59           427800.65       417758.08       845558.73
  1998        60-64           368019.81       356654.92       724674.73
  1998        65-69           304252.75       366152.57       670405.32
  1998        70-74           228106.01       300520.36       528626.37
  1998        75-79           150478.16       173478.09       323956.25
  1998        80-84            80817.71        74825.88       155643.59
  1998        85-89            38059.57        28029.79        66089.35
  1998        90-94            10638.32         6076.31        16714.63
  1998        95-99             1931.07          894.50         2825.57
  1998       100-104             209.78           77.06          286.84
  1998       105-109               7.86            1.60            9.46
  1998       110+                  0.00            0.00            0.00
  1999           0            125634.50       137016.67       262651.17
  1999         1-4            606164.74       657898.81      1264063.55
  1999         5-9            773791.26       845688.75      1619480.01
  1999        10-14           785593.99       843375.58      1628969.57
  1999        15-19           954661.38      1010106.73      1964768.11
  1999        20-24           942301.31       987229.92      1929531.23
  1999        25-29           886458.92       922001.10      1808460.02
  1999        30-34           930296.06       966815.73      1897111.79
  1999        35-39           956561.95       990938.80      1947500.74
  1999        40-44           886129.01       909851.07      1795980.08
  1999        45-49           756711.91       772415.42      1529127.33
  1999        50-54           464977.09       469915.38       934892.47
  1999        55-59           429977.06       421444.92       851421.98
  1999        60-64           378635.18       360486.61       739121.79
  1999        65-69           312254.21       353395.44       665649.65
  1999        70-74           239785.00       314789.55       554574.55
  1999        75-79           159046.58       185002.27       344048.85
  1999        80-84            83887.64        78756.56       162644.20
  1999        85-89            40603.59        30887.35        71490.94
  1999        90-94            11490.95         6633.01        18123.96
  1999        95-99             2113.94          991.41         3105.35
  1999       100-104             220.24           82.31          302.55
  1999       105-109               8.50            1.48            9.98
  1999       110+                  0.00            0.00            0.00
  2000           0            134468.50       147167.17       281635.67
  2000         1-4            583042.65       633723.74      1216766.39
  2000         5-9            774967.41       845253.88      1620221.29
  2000        10-14           769760.08       830636.74      1600396.81
  2000        15-19           926528.52       981281.25      1907809.77
  2000        20-24           967280.34      1013009.46      1980289.80
  2000        25-29           877247.09       910237.14      1787484.22
  2000        30-34           925331.47       959785.35      1885116.82
  2000        35-39           958266.27       991525.74      1949792.01
  2000        40-44           902447.07       925611.65      1828058.72
  2000        45-49           795760.28       810400.54      1606160.82
  2000        50-54           515010.60       520387.81      1035398.41
  2000        55-59           420767.13       413644.11       834411.24
  2000        60-64           389985.03       368061.67       758046.71
  2000        65-69           321157.93       340140.12       661298.05
  2000        70-74           250631.40       323725.95       574357.36
  2000        75-79           167867.12       198479.00       366346.12
  2000        80-84            88466.15        84449.53       172915.68
  2000        85-89            42757.82        33367.74        76125.55
  2000        90-94            12543.61         7316.62        19860.22
  2000        95-99             2316.23         1115.42         3431.65
  2000       100-104             237.89           87.49          325.39
  2000       105-109              10.46            1.42           11.88
  2000       110+                  0.00            0.00            0.00
  2001           0            128915.17       140764.33       269679.50
  2001         1-4            568810.14       619644.04      1188454.18
  2001         5-9            774864.37       842200.01      1617064.38
  2001        10-14           770564.29       836864.87      1607429.16
  2001        15-19           884336.62       937519.27      1821855.89
  2001        20-24           975735.51      1021357.41      1997092.92
  2001        25-29           886147.71       917681.07      1803828.78
  2001        30-34           917848.31       950188.67      1868036.98
  2001        35-39           958238.67       989422.41      1947661.08
  2001        40-44           913422.08       936372.79      1849794.87
  2001        45-49           823694.77       838007.89      1661702.65
  2001        50-54           584204.67       589203.00      1173407.67
  2001        55-59           408057.34       401310.06       809367.40
  2001        60-64           401064.24       377766.33       778830.57
  2001        65-69           329090.81       328498.57       657589.38
  2001        70-74           260526.85       326542.69       587069.54
  2001        75-79           176382.38       212084.63       388467.01
  2001        80-84            95709.63        92924.08       188633.71
  2001        85-89            44557.72        35428.80        79986.52
  2001        90-94            13780.92         8214.31        21995.23
  2001        95-99             2526.04         1259.12         3785.16
  2001       100-104             260.52          100.09          360.62
  2001       105-109              11.51            2.23           13.74
  2001       110+                  0.00            0.00            0.00
  2002           0            115472.50       126180.67       241653.17
  2002         1-4            548987.33       598276.15      1147263.48
  2002         5-9            777269.32       842904.64      1620173.96
  2002        10-14           775539.08       845885.70      1621424.78
  2002        15-19           836337.10       888400.61      1724737.71
  2002        20-24           976112.62      1022522.90      1998635.52
  2002        25-29           905518.45       936958.39      1842476.84
  2002        30-34           911579.35       939873.65      1851453.01
  2002        35-39           950260.95       980048.76      1930309.71
  2002        40-44           927110.91       950625.29      1877736.20
  2002        45-49           839744.18       852812.04      1692556.22
  2002        50-54           651565.51       655615.39      1307180.91
  2002        55-59           408960.17       402416.39       811376.56
  2002        60-64           408881.36       385394.33       794275.69
  2002        65-69           337952.07       322879.71       660831.78
  2002        70-74           269158.42       323437.75       592596.18
  2002        75-79           184685.28       224299.43       408984.71
  2002        80-84           103781.40       102274.04       206055.44
  2002        85-89            46759.57        37685.67        84445.24
  2002        90-94            15205.53         9503.26        24708.79
  2002        95-99             2771.96         1406.47         4178.43
  2002       100-104             296.23          121.64          417.88
  2002       105-109              12.82            3.27           16.09
  2002       110+                  0.00            0.00            0.00
  2003           0            108166.33       119005.67       227172.00
  2003         1-4            527762.45       575536.14      1103298.60
  2003         5-9            763498.15       827716.74      1591214.88
  2003        10-14           773705.52       844973.99      1618679.50
  2003        15-19           805193.12       858396.16      1663589.28
  2003        20-24           971752.18      1019311.27      1991063.45
  2003        25-29           923365.74       955455.64      1878821.38
  2003        30-34           905053.03       929159.33      1834212.36
  2003        35-39           937011.28       965812.75      1902824.03
  2003        40-44           941808.79       965881.30      1907690.10
  2003        45-49           856910.37       868472.32      1725382.68
  2003        50-54           703709.43       706433.91      1410143.35
  2003        55-59           425211.05       418830.30       844041.35
  2003        60-64           414178.68       391247.58       805426.26
  2003        65-69           348231.44       323180.90       671412.34
  2003        70-74           276715.72       315197.25       591912.97
  2003        75-79           194147.02       237475.56       431622.58
  2003        80-84           110794.47       110731.76       221526.22
  2003        85-89            49270.89        40295.16        89566.05
  2003        90-94            16746.07        11022.40        27768.47
  2003        95-99             3039.99         1585.95         4625.95
  2003       100-104             340.32          137.16          477.47
  2003       105-109              15.43            3.23           18.66
  2003       110+                  0.00            0.00            0.00
  2004           0            100898.17       111392.83       212291.00
  2004         1-4            508872.13       555855.96      1064728.10
  2004         5-9            738990.53       802042.23      1541032.76
  2004        10-14           772638.22       843763.04      1616401.26
  2004        15-19           782336.75       837021.34      1619358.09
  2004        20-24           952345.89      1000324.79      1952670.68
  2004        25-29           948102.09       981935.61      1930037.70
  2004        30-34           894112.43       914890.52      1809002.95
  2004        35-39           929100.86       955704.62      1884805.48
  2004        40-44           949443.04       973436.30      1922879.34
  2004        45-49           876751.55       887410.45      1764162.00
  2004        50-54           747028.05       747456.31      1494484.36
  2004        55-59           456030.90       449003.49       905034.39
  2004        60-64           416334.55       394902.46       811237.01
  2004        65-69           358699.95       327152.23       685852.18
  2004        70-74           284605.04       304537.23       589142.27
  2004        75-79           204752.57       249672.61       454425.18
  2004        80-84           117977.16       120051.74       238028.89
  2004        85-89            51878.55        43177.31        95055.86
  2004        90-94            18188.77        12436.73        30625.50
  2004        95-99             3362.35         1796.01         5158.35
  2004       100-104             374.88          155.96          530.84
  2004       105-109              16.53            3.59           20.12
  2004       110+                  0.00            0.00            0.00
  2005           0             95913.67       105315.33       201229.00
  2005         1-4            474127.20       518888.88       993016.08
  2005         5-9            724369.72       787608.45      1511978.17
  2005        10-14           773707.69       843237.12      1616944.80
  2005        15-19           766725.39       824737.36      1591462.74
  2005        20-24           924115.93       972199.21      1896315.14
  2005        25-29           972982.39      1007594.12      1980576.51
  2005        30-34           886331.71       902930.26      1789261.97
  2005        35-39           925518.31       948480.17      1873998.48
  2005        40-44           951730.79       974045.46      1925776.26
  2005        45-49           893453.35       902813.49      1796266.84
  2005        50-54           785985.83       784478.87      1570464.70
  2005        55-59           505865.43       497640.95      1003506.38
  2005        60-64           407882.09       387851.38       795733.47
  2005        65-69           370175.32       334713.14       704888.46
  2005        70-74           293555.90       293778.79       587334.69
  2005        75-79           215030.09       257773.37       472803.46
  2005        80-84           125443.06       130414.32       255857.38
  2005        85-89            55516.36        46949.81       102466.17
  2005        90-94            19336.29        13644.63        32980.93
  2005        95-99             3744.54         2003.26         5747.80
  2005       100-104             416.34          191.91          608.25
  2005       105-109              18.08            5.53           23.61
  2005       110+                  0.00            0.00            0.00
  2006           0             92784.67       101406.33       194191.00
  2006         1-4            441009.54       483532.34       924541.88
  2006         5-9            703827.77       766222.19      1470049.96
  2006        10-14           773589.11       840056.31      1613645.42
  2006        15-19           767887.86       831577.46      1599465.32
  2006        20-24           882926.18       929585.35      1812511.53
  2006        25-29           984202.73      1016465.98      2000668.71
  2006        30-34           897973.63       910818.45      1808792.08
  2006        35-39           920959.31       939305.94      1860265.25
  2006        40-44           953735.44       972597.76      1926333.20
  2006        45-49           906299.70       914331.86      1820631.56
  2006        50-54           815323.46       812198.31      1627521.77
  2006        55-59           575269.43       564728.64      1139998.07
  2006        60-64           396487.14       376842.03       773329.17
  2006        65-69           381716.45       344570.94       726287.39
  2006        70-74           301859.27       284722.97       586582.23
  2006        75-79           224701.34       261426.85       486128.18
  2006        80-84           133327.02       141355.78       274682.80
  2006        85-89            61054.42        52480.85       113535.26
  2006        90-94            20495.11        14691.64        35186.75
  2006        95-99             4180.33         2291.89         6472.22
  2006       100-104             466.90          236.20          703.10
  2006       105-109              21.34            7.78           29.13
  2006       110+                  0.00            0.00            0.00
  2007           0             91850.33       100700.50       192550.83
  2007         1-4            419827.11       460484.73       880311.84
  2007         5-9            669329.28       729142.46      1398471.74
  2007        10-14           776094.03       840812.03      1616906.07
  2007        15-19           773343.19       841157.02      1614500.21
  2007        20-24           836238.25       881810.71      1718048.96
  2007        25-29           989655.93      1018269.07      2007925.00
  2007        30-34           920687.52       930714.09      1851401.61
  2007        35-39           918102.98       929752.54      1847855.52
  2007        40-44           948110.59       964194.20      1912304.78
  2007        45-49           921861.12       929247.81      1851108.93
  2007        50-54           833246.90       827573.44      1660820.34
  2007        55-59           643348.55       629739.48      1273088.03
  2007        60-64           398589.81       378912.21       777502.01
  2007        65-69           390345.12       352736.10       743081.22
  2007        70-74           311201.81       280715.99       591917.80
  2007        75-79           233476.95       260146.28       493623.23
  2007        80-84           141563.57       152684.42       294247.99
  2007        85-89            67206.47        58882.77       126089.23
  2007        90-94            22075.06        15902.61        37977.67
  2007        95-99             4701.03         2762.86         7463.90
  2007       100-104             522.34          281.35          803.69
  2007       105-109              25.88           10.59           36.46
  2007       110+                  0.00            0.00            0.00
  2008           0             90594.83        99282.83       189877.67
  2008         1-4            405312.45       444291.67       849604.12
  2008         5-9            640602.78       699223.92      1339826.70
  2008        10-14           762660.39       826044.18      1588704.57
  2008        15-19           772208.48       840933.21      1613141.69
  2008        20-24           806048.51       852910.52      1658959.02
  2008        25-29           990161.14      1015645.97      2005807.11
  2008        30-34           942150.96       949593.29      1891744.25
  2008        35-39           914672.66       919844.74      1834517.40
  2008        40-44           936815.03       950975.93      1887790.96
  2008        45-49           938103.09       944704.29      1882807.38
  2008        50-54           851895.94       843604.85      1695500.78
  2008        55-59           696282.87       679489.74      1375772.61
  2008        60-64           415822.91       395574.27       811397.18
  2008        65-69           396561.25       359187.75       755749.00
  2008        70-74           321708.58       281642.38       603350.96
  2008        75-79           241172.37       254152.21       495324.58
  2008        80-84           150409.22       163861.56       314270.78
  2008        85-89            72423.62        64567.29       136990.91
  2008        90-94            23729.11        17333.24        41062.35
  2008        95-99             5204.73         3282.65         8487.38
  2008       100-104             573.93          322.63          896.56
  2008       105-109              30.52           13.22           43.74
  2008       110+                  0.00            0.00            0.00
  2009           0             88606.00        96546.67       185152.67
  2009         1-4            395861.30       433240.77       829102.07
  2009         5-9            615119.79       672780.81      1287900.60
  2009        10-14           738609.95       800920.61      1539530.57
  2009        15-19           771758.92       840384.21      1612143.13
  2009        20-24           783901.39       832221.57      1616122.95
  2009        25-29           975520.64       997198.57      1972719.21
  2009        30-34           973383.76       976024.22      1949407.98
  2009        35-39           908144.61       906167.23      1814311.83
  2009        40-44           931752.68       941590.67      1873343.35
  2009        45-49           947938.47       952761.54      1900700.02
  2009        50-54           873166.35       862707.72      1735874.07
  2009        55-59           740383.64       719740.02      1460123.66
  2009        60-64           447164.56       425286.70       872451.26
  2009        65-69           399734.75       363617.79       763352.54
  2009        70-74           332471.55       286138.93       618610.48
  2009        75-79           249154.30       246406.31       495560.61
  2009        80-84           160032.19       174081.70       334113.89
  2009        85-89            77907.76        70819.69       148727.45
  2009        90-94            25452.04        18979.73        44431.78
  2009        95-99             5715.60         3769.73         9485.33
  2009       100-104             637.76          375.17         1012.93
  2009       105-109              35.21           17.07           52.28
  2009       110+                  0.00            0.00            0.00
  2010           0             81415.33        88595.00       170010.33
  2010         1-4            388537.11       424651.02       813188.13
  2010         5-9            576332.97       630783.66      1207116.63
  2010        10-14           724111.97       786811.88      1510923.85
  2010        15-19           773048.56       840194.62      1613243.18
  2010        20-24           768168.29       820171.33      1588339.62
  2010        25-29           949563.96       969219.18      1918783.14
  2010        30-34          1004241.05      1001385.28      2005626.33
  2010        35-39           904016.52       894350.84      1798367.37
  2010        40-44           930576.78       934731.84      1865308.62
  2010        45-49           951628.52       953580.50      1905209.02
  2010        50-54           890210.10       877904.87      1768114.97
  2010        55-59           779583.03       755692.22      1535275.25
  2010        60-64           496731.86       472348.13       969079.99
  2010        65-69           392474.25       358038.96       750513.21
  2010        70-74           344211.33       294065.24       638276.58
  2010        75-79           258075.97       238636.17       496712.14
  2010        80-84           169661.25       182108.59       351769.84
  2010        85-89            83759.41        77916.25       161675.66
  2010        90-94            27703.21        21144.30        48847.51
  2010        95-99             6211.74         4227.74        10439.48
  2010       100-104             712.85          443.00         1155.85
  2010       105-109              39.49           23.65           63.14
  2010       110+                  0.05            0.00            0.05
  2011           0             82706.50        89747.67       172454.17
  2011         1-4            376805.90       411375.34       788181.24
  2011         5-9            540840.50       592505.75      1133346.25
  2011        10-14           703520.31       765644.48      1469164.79
  2011        15-19           772922.70       837275.87      1610198.57
  2011        20-24           768371.66       827007.30      1595378.97
  2011        25-29           906134.92       926643.62      1832778.54
  2011        30-34          1016100.00      1010008.51      2026108.51
  2011        35-39           916172.09       902001.12      1818173.21
  2011        40-44           926476.88       925800.74      1852277.62
  2011        45-49           953482.66       951857.89      1905340.55
  2011        50-54           902003.09       888697.99      1790701.08
  2011        55-59           808181.52       782209.94      1590391.46
  2011        60-64           564965.29       536423.08      1101388.37
  2011        65-69           382191.26       348553.08       730744.34
  2011        70-74           355727.95       303763.05       659491.00
  2011        75-79           266214.62       231954.85       498169.47
  2011        80-84           178667.96       186768.20       365436.16
  2011        85-89            89667.62        85170.49       174838.11
  2011        90-94            30785.71        23906.08        54691.79
  2011        95-99             6623.78         4604.86        11228.63
  2011       100-104             778.90          519.45         1298.35
  2011       105-109              42.26           30.68           72.94
  2011       110+                  0.05            0.00            0.05
  2012           0             97926.67       105360.00       203286.67
  2012         1-4            367297.85       399848.33       767146.17
  2012         5-9            519036.74       569294.76      1088331.50
  2012        10-14           669180.23       728887.51      1398067.75
  2012        15-19           775453.21       838430.91      1613884.13
  2012        20-24           773149.50       836649.95      1609799.46
  2012        25-29           854842.43       878804.16      1733646.59
  2012        30-34          1019200.62      1011848.78      2031049.40
  2012        35-39           938003.94       921511.32      1859515.26
  2012        40-44           923433.85       916228.91      1839662.75
  2012        45-49           947154.42       943224.06      1890378.48
  2012        50-54           916698.15       902895.52      1819593.67
  2012        55-59           825286.47       797061.91      1622348.38
  2012        60-64           631632.91       598280.93      1229913.84
  2012        65-69           384867.83       351195.36       736063.19
  2012        70-74           364538.02       311984.03       676522.05
  2012        75-79           275153.17       229328.46       504481.63
  2012        80-84           186671.86       187124.38       373796.24
  2012        85-89            95800.27        92420.92       188221.19
  2012        90-94            34135.88        26808.11        60943.99
  2012        95-99             7193.21         5007.96        12201.17
  2012       100-104             870.77          610.71         1481.48
  2012       105-109              46.62           35.68           82.30
  2012       110+                  0.18            0.04            0.23
  2013           0             97132.83       104293.67       201426.50
  2013         1-4            376334.79       407640.86       783975.65
  2013         5-9            502859.77       551265.27      1054125.05
  2013        10-14           640537.93       699161.78      1339699.71
  2013        15-19           762147.75       824092.92      1586240.67
  2013        20-24           771794.46       836773.80      1608568.26
  2013        25-29           819566.66       849906.34      1669473.00
  2013        30-34          1017025.38      1009581.85      2026607.23
  2013        35-39           958796.74       940464.23      1899260.97
  2013        40-44           920016.96       906447.30      1826464.26
  2013        45-49           935396.10       930272.28      1865668.38
  2013        50-54           932975.74       918047.00      1851022.74
  2013        55-59           843300.62       812776.95      1656077.57
  2013        60-64           683488.49       645747.67      1329236.16
  2013        65-69           402168.21       367706.40       769874.61
  2013        70-74           371009.28       318777.48       689786.77
  2013        75-79           285478.40       231098.24       516576.65
  2013        80-84           194122.51       183996.39       378118.90
  2013        85-89           102659.51        99417.53       202077.04
  2013        90-94            37074.59        29531.00        66605.59
  2013        95-99             7856.87         5481.19        13338.06
  2013       100-104             995.47          724.03         1719.49
  2013       105-109              51.88           42.00           93.88
  2013       110+                  0.15            0.16            0.31
  2014           0             92541.50        99054.33       191595.83
  2014         1-4            386989.51       417541.35       804530.87
  2014         5-9            491183.79       537210.34      1028394.13
  2014        10-14           614843.26       672676.93      1287520.18
  2014        15-19           738147.47       799231.33      1537378.80
  2014        20-24           771150.88       836569.81      1607720.68
  2014        25-29           792519.67       829353.12      1621872.79
  2014        30-34           998180.53       991677.26      1989857.78
  2014        35-39           986783.33       967401.61      1954184.94
  2014        40-44           911766.10       893423.46      1805189.56
  2014        45-49           929204.96       921539.51      1850744.47
  2014        50-54           942054.28       925960.33      1868014.61
  2014        55-59           863384.48       831395.21      1694779.70
  2014        60-64           726409.00       684364.30      1410773.30
  2014        65-69           432997.68       396082.29       829079.97
  2014        70-74           374447.02       323201.78       697648.80
  2014        75-79           295909.65       235975.95       531885.60
  2014        80-84           201685.10       179070.54       380755.63
  2014        85-89           109995.09       105482.33       215477.42
  2014        90-94            40083.98        32481.14        72565.11
  2014        95-99             8490.34         5967.49        14457.83
  2014       100-104            1098.96          795.58         1894.53
  2014       105-109              58.42           44.75          103.17
  2014       110+                  0.23            0.33            0.56
  2015           0             96634.55       103858.81       200493.36
  2015         1-4            399153.40       429240.40       828393.80
  2015         5-9            476712.82       520453.04       997165.86
  2015        10-14           575956.59       630628.20      1206584.79
  2015        15-19           723606.24       785213.87      1508820.11
  2015        20-24           772249.35       836681.15      1608930.50
  2015        25-29           772506.91       817335.38      1589842.29
  2015        30-34           967489.65       964232.38      1931722.03
  2015        35-39          1013356.14       993321.88      2006678.02
  2015        40-44           905461.95       882405.30      1787867.25
  2015        45-49           926697.85       915451.76      1842149.61
  2015        50-54           944739.83       927045.02      1871784.85
  2015        55-59           879467.44       846195.08      1725662.52
  2015        60-64           764556.92       719075.22      1483632.13
  2015        65-69           481272.26       440243.41       921515.66
  2015        70-74           368033.17       318622.18       686655.34
  2015        75-79           307142.66       243416.72       550559.38
  2015        80-84           209773.59       174132.67       383906.27
  2015        85-89           117182.51       110421.21       227603.72
  2015        90-94            43357.86        35682.35        79040.22
  2015        95-99             9340.33         6561.00        15901.33
  2015       100-104            1173.77          801.65         1975.42
  2015       105-109              64.41           39.70          104.11
  2015       110+                  0.36            0.18            0.53
  2016           0             95836.83       103445.16       199281.99
  2016         1-4            414032.13       444531.07       858563.20
  2016         5-9            466235.13       508158.25       974393.38
  2016        10-14           540490.23       592189.99      1132680.21
  2016        15-19           703094.03       764212.48      1467306.51
  2016        20-24           772051.37       834013.03      1606064.40
  2016        25-29           770261.08       823982.14      1594243.22
  2016        30-34           920841.55       921916.47      1842758.02
  2016        35-39          1023661.11      1002484.45      2026145.56
  2016        40-44           916869.37       890554.94      1807424.31
  2016        45-49           922321.80       907270.11      1829591.91
  2016        50-54           946094.52       925443.37      1871537.89
  2016        55-59           890664.59       856412.52      1747077.11
  2016        60-64           792414.61       744548.84      1536963.44
  2016        65-69           547408.99       500318.84      1047727.84
  2016        70-74           358756.32       310553.44       669309.75
  2016        75-79           318199.99       252067.64       570267.63
  2016        80-84           216986.89       169802.58       386789.46
  2016        85-89           123852.86       113437.95       237290.81
  2016        90-94            46853.63        39025.34        85878.98
  2016        95-99            10517.65         7379.65        17897.30
  2016       100-104            1253.57          802.43         2056.00
  2016       105-109              68.70           35.26          103.96
  2016       110+                  0.37            0.06            0.43
  2017           0             91625.35        98609.73       190235.08
  2017         1-4            410957.59       441617.12       852574.71
  2017         5-9            473218.63       513631.87       986850.50
  2017        10-14           518601.23       568696.51      1087297.74
  2017        15-19           668830.43       727594.50      1396424.93
  2017        20-24           774652.95       835201.47      1609854.42
  2017        25-29           773809.63       833324.01      1607133.64
  2017        30-34           866329.35       874182.89      1740512.24
  2017        35-39          1026478.69      1004899.88      2031378.56
  2017        40-44           938481.11       910471.65      1848952.76
  2017        45-49           919602.79       898502.64      1818105.43
  2017        50-54           939624.65       917067.81      1856692.46
  2017        55-59           904837.66       869998.65      1774836.32
  2017        60-64           809191.84       758835.67      1568027.51
  2017        65-69           612084.10       558216.03      1170300.12
  2017        70-74           361855.18       313442.06       675297.24
  2017        75-79           326681.40       259487.46       586168.85
  2017        80-84           224873.59       168228.47       393102.06
  2017        85-89           129646.07       113594.02       243240.09
  2017        90-94            50282.66        42276.50        92559.17
  2017        95-99            11743.86         8254.90        19998.77
  2017       100-104            1369.40          869.52         2238.92
  2017       105-109              74.12           38.18          112.30
  2017       110+                  0.53            0.00            0.53
  2018           0             85422.09        91660.67       177082.76
  2018         1-4            404245.95       434437.80       838683.75
  2018         5-9            481225.61       520281.66      1001507.28
  2018        10-14           502352.24       550503.57      1052855.81
  2018        15-19           640254.61       697915.75      1338170.36
  2018        20-24           761420.40       820912.27      1582332.67
  2018        25-29           771763.51       833046.06      1604809.56
  2018        30-34           827977.73       845220.34      1673198.07
  2018        35-39          1023842.59      1002896.80      2026739.39
  2018        40-44           959317.97       929782.75      1889100.72
  2018        45-49           916474.69       889252.01      1805726.70
  2018        50-54           928119.10       904847.71      1832966.82
  2018        55-59           920996.58       884650.98      1805647.56
  2018        60-64           827019.13       773876.10      1600895.23
  2018        65-69           662628.61       602853.11      1265481.72
  2018        70-74           378888.67       329185.90       708074.58
  2018        75-79           333264.18       265752.18       599016.36
  2018        80-84           234077.75       170180.61       404258.36
  2018        85-89           135174.65       111717.36       246892.01
  2018        90-94            54121.71        45475.14        99596.85
  2018        95-99            12766.06         9026.21        21792.27
  2018       100-104            1493.57          960.06         2453.63
  2018       105-109              79.89           43.35          123.24
  2018       110+                  0.55            0.05            0.60
  2019           0             81702.13        87757.84       169459.97
  2019         1-4            396653.09       426346.70       822999.79
  2019         5-9            486144.10       523808.35      1009952.45
  2019        10-14           490558.84       536389.87      1026948.71
  2019        15-19           614720.63       671483.51      1286204.13
  2019        20-24           737424.79       796189.15      1533613.93
  2019        25-29           770845.83       832586.28      1603432.11
  2019        30-34           798905.01       824640.55      1623545.56
  2019        35-39          1004288.63       985151.16      1989439.78
  2019        40-44           987246.68       956955.95      1944202.64
  2019        45-49           908501.95       876817.52      1785319.47
  2019        50-54           922247.61       896969.10      1819216.71
  2019        55-59           930551.15       892459.50      1823010.65
  2019        60-64           846996.03       791761.00      1638757.03
  2019        65-69           704783.90       639391.18      1344175.07
  2019        70-74           408994.94       355929.35       764924.29
  2019        75-79           337301.12       270330.12       607631.24
  2019        80-84           243765.31       174690.49       418455.81
  2019        85-89           140888.27       108841.92       249730.19
  2019        90-94            58430.80        48522.14       106952.94
  2019        95-99            13837.79         9912.71        23750.50
  2019       100-104            1635.04         1019.07         2654.11
  2019       105-109              90.43           45.16          135.59
  2019       110+                  0.58            0.05            0.63
  2020           0             78320.22        84495.53       162815.76
  2020         1-4            379725.52       408068.03       787793.55
  2020         5-9            501988.56       539766.72      1041755.28
  2020        10-14           475433.25       519135.46       994568.71
  2020        15-19           575371.68       628911.92      1204283.61
  2020        20-24           722546.04       781955.66      1504501.71
  2020        25-29           771352.12       832190.77      1603542.89
  2020        30-34           776774.04       812274.70      1589048.74
  2020        35-39           972106.69       957517.20      1929623.89
  2020        40-44          1012809.07       982673.86      1995482.93
  2020        45-49           901721.60       866079.13      1767800.73
  2020        50-54           919279.38       891165.18      1810444.57
  2020        55-59           932953.84       893324.29      1826278.13
  2020        60-64           862041.12       805351.09      1667392.21
  2020        65-69           741347.59       671460.43      1412808.01
  2020        70-74           454869.67       396471.41       851341.08
  2020        75-79           332052.88       267082.29       599135.17
  2020        80-84           254510.40       181628.15       436138.55
  2020        85-89           147384.65       106180.94       253565.59
  2020        90-94            62889.04        51152.56       114041.60
  2020        95-99            15186.35        11050.79        26237.14
  2020       100-104            1838.15         1127.84         2965.98
  2020       105-109             102.42           48.18          150.60
  2020       110+                  0.93            0.16            1.09
  2021           0             73966.40        79413.93       153380.33
  2021         1-4            357786.45       384423.00       742209.45
  2021         5-9            512900.03       551404.48      1064304.52
  2021        10-14           462383.84       504444.53       966828.37
  2021        15-19           537628.44       588452.49      1126080.93
  2021        20-24           700181.09       759628.45      1459809.53
  2021        25-29           767519.99       826917.28      1594437.27
  2021        30-34           768757.96       816083.38      1584841.34
  2021        35-39           919816.79       912921.25      1832738.04
  2021        40-44          1018102.95       989307.96      2007410.91
  2021        45-49           909088.58       871901.17      1780989.75
  2021        50-54           911289.67       880958.66      1792248.33
  2021        55-59           930388.54       889474.85      1819863.39
  2021        60-64           868500.19       811822.39      1680322.58
  2021        65-69           763651.93       692094.09      1455746.02
  2021        70-74           514201.27       448581.39       962782.65
  2021        75-79           322643.29       259469.97       582113.25
  2021        80-84           264143.43       188865.29       453008.72
  2021        85-89           153439.99       103845.34       257285.33
  2021        90-94            67063.85        52892.36       119956.21
  2021        95-99            16693.58        12300.24        28993.82
  2021       100-104            2113.53         1312.88         3426.41
  2021       105-109             110.18           50.25          160.43
  2021       110+                  0.84            0.14            0.97
