New Zealand -- Maori, Deaths (period 1x10), 	Last modified: 26 Sep 2017;  Methods Protocol: v6 (2017)

  Year          Age             Female            Male           Total
1948-1949        0               356.98          447.72          804.70
1948-1949        1                94.24           88.31          182.55
1948-1949        2                34.09           39.15           73.24
1948-1949        3                24.06           25.09           49.15
1948-1949        4                20.07           12.06           32.13
1948-1949        5                15.05           16.05           31.10
1948-1949        6                 8.03            9.05           17.08
1948-1949        7                 7.02            7.04           14.06
1948-1949        8                 9.04           10.05           19.09
1948-1949        9                 8.03            4.02           12.05
1948-1949       10                10.03           12.04           22.07
1948-1949       11                 4.01           15.05           19.06
1948-1949       12                 9.02           10.04           19.06
1948-1949       13                15.06           14.04           29.10
1948-1949       14                 9.02           11.04           20.06
1948-1949       15                10.03            8.02           18.05
1948-1949       16                13.05           12.05           25.10
1948-1949       17                20.06           10.05           30.11
1948-1949       18                18.06           17.06           35.12
1948-1949       19                16.05           11.04           27.09
1948-1949       20                11.03            5.03           16.06
1948-1949       21                21.07           11.05           32.12
1948-1949       22                12.04           21.08           33.12
1948-1949       23                10.03            9.04           19.07
1948-1949       24                21.06           10.05           31.11
1948-1949       25                16.03           13.05           29.08
1948-1949       26                10.03           13.04           23.07
1948-1949       27                 9.02            6.02           15.04
1948-1949       28                14.04            6.02           20.06
1948-1949       29                11.03            6.02           17.05
1948-1949       30                10.04            8.02           18.06
1948-1949       31                 7.02            7.04           14.06
1948-1949       32                 4.01            9.05           13.06
1948-1949       33                 8.02            5.02           13.04
1948-1949       34                11.02            3.02           14.04
1948-1949       35                11.03           10.04           21.07
1948-1949       36                13.03           11.04           24.07
1948-1949       37                 6.02            5.01           11.03
1948-1949       38                11.03            8.02           19.05
1948-1949       39                11.02            8.03           19.05
1948-1949       40                14.04            9.04           23.08
1948-1949       41                14.04            8.04           22.08
1948-1949       42                 8.01           19.06           27.07
1948-1949       43                 7.01           10.03           17.04
1948-1949       44                10.04            4.01           14.05
1948-1949       45                 9.02           17.09           26.11
1948-1949       46                11.03            2.00           13.03
1948-1949       47                14.02            7.03           21.05
1948-1949       48                 8.02           19.09           27.11
1948-1949       49                11.02           16.07           27.09
1948-1949       50                 9.03           18.04           27.07
1948-1949       51                 5.01            5.02           10.03
1948-1949       52                12.05           12.06           24.11
1948-1949       53                 4.01            9.04           13.05
1948-1949       54                10.03           18.07           28.10
1948-1949       55                17.05           12.03           29.08
1948-1949       56                18.04           11.06           29.10
1948-1949       57                 7.02            7.01           14.03
1948-1949       58                12.02           16.06           28.08
1948-1949       59                 6.02           13.03           19.05
1948-1949       60                 9.02           18.07           27.09
1948-1949       61                 9.03            7.02           16.05
1948-1949       62                15.04           14.04           29.08
1948-1949       63                10.01           24.09           34.10
1948-1949       64                13.05           14.04           27.09
1948-1949       65                13.03           25.10           38.13
1948-1949       66                10.01            9.04           19.05
1948-1949       67                17.03           24.09           41.12
1948-1949       68                 9.03           20.07           29.10
1948-1949       69                11.02           17.07           28.09
1948-1949       70                20.04           22.10           42.14
1948-1949       71                 6.01            5.02           11.03
1948-1949       72                14.04           15.08           29.12
1948-1949       73                 8.03           12.05           20.08
1948-1949       74                 7.02           22.07           29.09
1948-1949       75                10.04           11.05           21.09
1948-1949       76                10.02           24.09           34.11
1948-1949       77                 4.01            8.03           12.04
1948-1949       78                 7.03           14.05           21.08
1948-1949       79                 8.01           13.04           21.05
1948-1949       80                20.06            9.05           29.11
1948-1949       81                 4.00            3.01            7.01
1948-1949       82                 7.03            6.01           13.04
1948-1949       83                 4.01            5.03            9.04
1948-1949       84                 3.00            8.04           11.04
1948-1949       85                 8.02            3.00           11.02
1948-1949       86                 3.00            4.01            7.01
1948-1949       87                 4.01            4.01            8.02
1948-1949       88                 4.01            5.00            9.01
1948-1949       89                 6.01            3.00            9.01
1948-1949       90                12.04            8.03           20.07
1948-1949       91                 1.00            0.00            1.00
1948-1949       92                 4.01            2.01            6.02
1948-1949       93                 0.00            2.01            2.01
1948-1949       94                 2.00            4.01            6.01
1948-1949       95                 5.02            4.00            9.02
1948-1949       96                 4.02            1.00            5.02
1948-1949       97                 2.00            1.00            3.00
1948-1949       98                 1.00            3.00            4.00
1948-1949       99                 1.00            0.00            1.00
1948-1949      100                 1.80            1.57            3.37
1948-1949      101                 1.64            1.32            2.96
1948-1949      102                 1.50            2.12            3.62
1948-1949      103                 1.37            0.00            1.37
1948-1949      104                 2.25            0.00            2.25
1948-1949      105                 1.13            0.00            1.13
1948-1949      106                 1.02            0.00            1.02
1948-1949      107                 0.92            0.00            0.92
1948-1949      108                 0.43            0.00            0.43
1948-1949      109                 0.00            0.00            0.00
1948-1949      110+                0.00            0.00            0.00
1950-1959        0              1622.83         2133.84         3756.67
1950-1959        1               277.13          296.14          573.27
1950-1959        2                93.06          120.06          213.12
1950-1959        3                78.03           93.04          171.07
1950-1959        4                54.03           47.03          101.06
1950-1959        5                41.03           44.03           85.06
1950-1959        6                39.01           46.02           85.03
1950-1959        7                21.01           39.00           60.01
1950-1959        8                28.02           38.03           66.05
1950-1959        9                24.01           33.03           57.04
1950-1959       10                30.02           32.02           62.04
1950-1959       11                28.01           28.02           56.03
1950-1959       12                32.02           26.01           58.03
1950-1959       13                25.01           27.01           52.02
1950-1959       14                24.02           20.00           44.02
1950-1959       15                18.01           44.02           62.03
1950-1959       16                23.01           25.01           48.02
1950-1959       17                35.01           41.03           76.04
1950-1959       18                29.02           43.02           72.04
1950-1959       19                28.03           45.04           73.07
1950-1959       20                41.03           47.02           88.05
1950-1959       21                31.02           47.02           78.04
1950-1959       22                42.03           56.04           98.07
1950-1959       23                40.03           62.04          102.07
1950-1959       24                32.01           38.02           70.03
1950-1959       25                25.01           44.03           69.04
1950-1959       26                33.02           39.01           72.03
1950-1959       27                31.03           45.03           76.06
1950-1959       28                33.03           50.02           83.05
1950-1959       29                29.01           28.01           57.02
1950-1959       30                29.01           46.03           75.04
1950-1959       31                31.01           30.02           61.03
1950-1959       32                30.01           41.03           71.04
1950-1959       33                23.01           26.00           49.01
1950-1959       34                30.01           37.02           67.03
1950-1959       35                38.01           42.02           80.03
1950-1959       36                39.00           40.01           79.01
1950-1959       37                30.01           32.01           62.02
1950-1959       38                59.03           56.03          115.06
1950-1959       39                35.01           48.03           83.04
1950-1959       40                56.04           36.03           92.07
1950-1959       41                26.02           36.01           62.03
1950-1959       42                53.03           61.02          114.05
1950-1959       43                46.03           49.03           95.06
1950-1959       44                51.01           45.03           96.04
1950-1959       45                55.03           53.02          108.05
1950-1959       46                63.03           50.02          113.05
1950-1959       47                54.02           58.02          112.04
1950-1959       48                66.02           74.03          140.05
1950-1959       49                75.01           65.04          140.05
1950-1959       50                69.03           69.04          138.07
1950-1959       51                38.02           45.02           83.04
1950-1959       52                65.02           77.02          142.04
1950-1959       53                57.01           68.03          125.04
1950-1959       54                67.02           72.02          139.04
1950-1959       55                55.01           52.02          107.03
1950-1959       56                82.03           80.02          162.05
1950-1959       57                40.03           61.02          101.05
1950-1959       58                79.03          113.05          192.08
1950-1959       59                58.02           97.03          155.05
1950-1959       60                82.06          114.03          196.09
1950-1959       61                54.02           61.01          115.03
1950-1959       62                72.02           90.03          162.05
1950-1959       63                63.02           80.02          143.04
1950-1959       64                53.02           85.04          138.06
1950-1959       65                89.04          127.04          216.08
1950-1959       66                62.02           70.03          132.05
1950-1959       67                47.03           84.03          131.06
1950-1959       68                76.04           95.04          171.08
1950-1959       69                39.02           71.02          110.04
1950-1959       70                75.03          119.05          194.08
1950-1959       71                37.02           44.01           81.03
1950-1959       72                58.04           64.03          122.07
1950-1959       73                45.04           59.03          104.07
1950-1959       74                52.02           91.01          143.03
1950-1959       75                65.02           82.03          147.05
1950-1959       76                53.01           81.05          134.06
1950-1959       77                28.01           38.01           66.02
1950-1959       78                64.02           89.03          153.05
1950-1959       79                37.00           45.01           82.01
1950-1959       80                73.03           68.03          141.06
1950-1959       81                19.01           20.01           39.02
1950-1959       82                32.01           39.02           71.03
1950-1959       83                15.00           24.01           39.01
1950-1959       84                26.00           37.00           63.00
1950-1959       85                21.02           33.00           54.02
1950-1959       86                28.03           37.01           65.04
1950-1959       87                35.04           35.00           70.04
1950-1959       88                20.01           15.00           35.01
1950-1959       89                18.02           20.00           38.02
1950-1959       90                32.01           28.02           60.03
1950-1959       91                13.01            7.00           20.01
1950-1959       92                10.00            9.00           19.00
1950-1959       93                 3.00           11.00           14.00
1950-1959       94                 5.00            2.00            7.00
1950-1959       95                15.00           15.00           30.00
1950-1959       96                11.01            6.00           17.01
1950-1959       97                 4.00            6.00           10.00
1950-1959       98                 9.00            7.00           16.00
1950-1959       99                 5.00            7.00           12.00
1950-1959      100                11.00            4.00           15.00
1950-1959      101                 2.00            1.00            3.00
1950-1959      102                 4.01            2.00            6.01
1950-1959      103                 4.00            2.00            6.00
1950-1959      104                 5.00            0.00            5.00
1950-1959      105                 1.00            1.00            2.00
1950-1959      106                 6.00            0.00            6.00
1950-1959      107                 0.00            2.00            2.00
1950-1959      108                 7.00            0.00            7.00
1950-1959      109                 1.00            1.00            2.00
1950-1959      110+                6.00            1.00            7.00
1960-1969        0              1081.00         1536.00         2617.00
1960-1969        1               137.00          196.00          333.00
1960-1969        2                66.00           82.00          148.00
1960-1969        3                60.00           67.00          127.00
1960-1969        4                36.00           53.00           89.00
1960-1969        5                21.00           40.00           61.00
1960-1969        6                16.00           36.00           52.00
1960-1969        7                21.00           37.00           58.00
1960-1969        8                15.00           28.00           43.00
1960-1969        9                21.00           22.00           43.00
1960-1969       10                11.00           18.00           29.00
1960-1969       11                10.00           23.00           33.00
1960-1969       12                19.00           20.00           39.00
1960-1969       13                16.00           23.00           39.00
1960-1969       14                24.00           26.00           50.00
1960-1969       15                16.00           34.00           50.00
1960-1969       16                19.00           25.00           44.00
1960-1969       17                22.00           45.00           67.00
1960-1969       18                13.00           37.00           50.00
1960-1969       19                27.00           57.00           84.00
1960-1969       20                21.00           47.00           68.00
1960-1969       21                19.00           43.00           62.00
1960-1969       22                25.00           36.00           61.00
1960-1969       23                22.00           37.00           59.00
1960-1969       24                21.00           31.00           52.00
1960-1969       25                19.00           35.00           54.00
1960-1969       26                20.00           35.00           55.00
1960-1969       27                27.00           42.00           69.00
1960-1969       28                30.00           48.00           78.00
1960-1969       29                28.00           28.00           56.00
1960-1969       30                22.00           35.00           57.00
1960-1969       31                26.00           37.00           63.00
1960-1969       32                28.00           39.00           67.00
1960-1969       33                33.00           43.00           76.00
1960-1969       34                29.00           59.00           88.00
1960-1969       35                37.00           57.00           94.00
1960-1969       36                44.00           39.00           83.00
1960-1969       37                26.00           47.00           73.00
1960-1969       38                43.00           40.00           83.00
1960-1969       39                54.00           52.00          106.00
1960-1969       40                51.00           61.00          112.00
1960-1969       41                45.00           53.00           98.00
1960-1969       42                57.00           54.00          111.00
1960-1969       43                52.00           61.00          113.00
1960-1969       44                37.00           41.00           78.00
1960-1969       45                64.00           54.00          118.00
1960-1969       46                59.00           73.00          132.00
1960-1969       47                51.00           79.00          130.00
1960-1969       48                89.00           88.00          177.00
1960-1969       49                75.00           85.00          160.00
1960-1969       50                77.00           82.00          159.00
1960-1969       51                63.00           71.00          134.00
1960-1969       52                75.00           92.00          167.00
1960-1969       53                79.00           99.00          178.00
1960-1969       54               102.00          100.00          202.00
1960-1969       55                80.00           78.00          158.00
1960-1969       56               100.00           97.00          197.00
1960-1969       57               100.00          102.00          202.00
1960-1969       58                89.00          112.00          201.00
1960-1969       59                80.00          132.00          212.00
1960-1969       60                88.00          130.00          218.00
1960-1969       61                74.00           91.00          165.00
1960-1969       62                99.00          116.00          215.00
1960-1969       63                76.00          119.00          195.00
1960-1969       64                74.00          111.00          185.00
1960-1969       65               113.00          162.00          275.00
1960-1969       66                68.00          102.00          170.00
1960-1969       67                69.00          124.00          193.00
1960-1969       68                88.00          120.00          208.00
1960-1969       69                51.00          105.00          156.00
1960-1969       70                78.00           91.00          169.00
1960-1969       71                31.00           64.00           95.00
1960-1969       72                53.00           61.00          114.00
1960-1969       73                49.00           75.00          124.00
1960-1969       74                71.00           81.00          152.00
1960-1969       75                53.00           90.00          143.00
1960-1969       76                56.00           89.00          145.00
1960-1969       77                44.00           53.00           97.00
1960-1969       78                64.00           90.00          154.00
1960-1969       79                44.00           57.00          101.00
1960-1969       80                64.00           73.00          137.00
1960-1969       81                23.00           32.00           55.00
1960-1969       82                30.00           42.00           72.00
1960-1969       83                31.00           29.00           60.00
1960-1969       84                32.00           44.00           76.00
1960-1969       85                24.00           43.00           67.00
1960-1969       86                38.00           39.00           77.00
1960-1969       87                29.00           38.00           67.00
1960-1969       88                17.00           23.00           40.00
1960-1969       89                19.00           31.00           50.00
1960-1969       90                20.00           23.00           43.00
1960-1969       91                 6.00           10.00           16.00
1960-1969       92                 8.00           15.00           23.00
1960-1969       93                 9.00            6.00           15.00
1960-1969       94                 7.00           12.00           19.00
1960-1969       95                16.00            5.00           21.00
1960-1969       96                 8.00           10.00           18.00
1960-1969       97                 7.00            3.00           10.00
1960-1969       98                12.00           15.00           27.00
1960-1969       99                10.00            4.00           14.00
1960-1969      100                 9.00            1.00           10.00
1960-1969      101                 2.00            3.00            5.00
1960-1969      102                 5.00            3.00            8.00
1960-1969      103                 5.00            0.00            5.00
1960-1969      104                 1.00            3.00            4.00
1960-1969      105                 2.00            1.00            3.00
1960-1969      106                 1.00            2.00            3.00
1960-1969      107                 2.00            1.00            3.00
1960-1969      108                 1.00            1.00            2.00
1960-1969      109                 0.00            0.00            0.00
1960-1969      110+                3.00            1.00            4.00
1970-1979        0               642.00          835.00         1477.00
1970-1979        1                74.00           92.00          166.00
1970-1979        2                32.00           50.00           82.00
1970-1979        3                36.00           29.00           65.00
1970-1979        4                22.00           34.00           56.00
1970-1979        5                25.00           24.00           49.00
1970-1979        6                16.00           27.00           43.00
1970-1979        7                18.00           32.00           50.00
1970-1979        8                15.00           20.00           35.00
1970-1979        9                11.00           21.00           32.00
1970-1979       10                 6.00           16.00           22.00
1970-1979       11                14.00           11.00           25.00
1970-1979       12                 6.00           22.00           28.00
1970-1979       13                19.00           33.00           52.00
1970-1979       14                19.00           33.00           52.00
1970-1979       15                17.00           44.00           61.00
1970-1979       16                41.00           53.00           94.00
1970-1979       17                38.00           71.00          109.00
1970-1979       18                31.00           60.00           91.00
1970-1979       19                25.00           70.00           95.00
1970-1979       20                29.00           57.00           86.00
1970-1979       21                21.00           68.00           89.00
1970-1979       22                16.00           58.00           74.00
1970-1979       23                27.00           50.00           77.00
1970-1979       24                23.00           55.00           78.00
1970-1979       25                21.00           48.00           69.00
1970-1979       26                25.00           40.00           65.00
1970-1979       27                17.00           52.00           69.00
1970-1979       28                27.00           43.00           70.00
1970-1979       29                29.00           42.50           71.50
1970-1979       30                21.00           37.00           58.00
1970-1979       31                28.00           38.00           66.00
1970-1979       32                26.00           38.00           64.00
1970-1979       33                35.00           43.00           78.00
1970-1979       34                33.00           54.00           87.00
1970-1979       35                31.00           48.00           79.00
1970-1979       36                49.00           54.00          103.00
1970-1979       37                52.00           53.00          105.00
1970-1979       38                61.00           56.00          117.00
1970-1979       39                42.00           58.00          100.00
1970-1979       40                56.00           84.00          140.00
1970-1979       41                61.00           67.00          128.00
1970-1979       42                59.00           83.00          142.00
1970-1979       43                68.00           78.00          146.00
1970-1979       44                59.00           83.00          142.00
1970-1979       45                55.00           75.00          130.00
1970-1979       46                83.00          112.00          195.00
1970-1979       47                71.00          104.00          175.00
1970-1979       48                94.00           89.00          183.00
1970-1979       49                76.00          120.00          196.00
1970-1979       50                97.00          124.00          221.00
1970-1979       51                77.00          101.00          178.00
1970-1979       52                98.00          127.00          225.00
1970-1979       53                93.00          107.00          200.00
1970-1979       54                96.00          122.00          218.00
1970-1979       55                88.00          135.00          223.00
1970-1979       56               130.00          142.00          272.00
1970-1979       57               109.00          130.00          239.00
1970-1979       58               105.00          149.00          254.00
1970-1979       59                99.00          159.00          258.00
1970-1979       60               101.00          170.50          271.50
1970-1979       61               102.00          133.00          235.00
1970-1979       62               118.00          135.00          253.00
1970-1979       63               103.00          136.00          239.00
1970-1979       64               116.00          193.00          309.00
1970-1979       65               130.00          196.00          326.00
1970-1979       66                98.00          142.00          240.00
1970-1979       67                93.00          140.00          233.00
1970-1979       68               111.00          160.50          271.50
1970-1979       69               102.00          143.00          245.00
1970-1979       70                94.00          136.00          230.00
1970-1979       71                85.00          109.00          194.00
1970-1979       72                82.00          130.00          212.00
1970-1979       73                83.00          101.00          184.00
1970-1979       74                89.00          113.00          202.00
1970-1979       75                80.00          110.00          190.00
1970-1979       76                85.00           92.00          177.00
1970-1979       77                43.00           58.00          101.00
1970-1979       78                66.00           78.00          144.00
1970-1979       79                47.00           77.00          124.00
1970-1979       80                60.00           45.00          105.00
1970-1979       81                28.00           32.00           60.00
1970-1979       82                35.00           48.00           83.00
1970-1979       83                24.00           61.00           85.00
1970-1979       84                32.00           41.00           73.00
1970-1979       85                37.00           31.00           68.00
1970-1979       86                36.00           41.00           77.00
1970-1979       87                28.00           27.00           55.00
1970-1979       88                24.00           33.00           57.00
1970-1979       89                22.00           23.00           45.00
1970-1979       90                23.00            9.00           32.00
1970-1979       91                10.00            7.00           17.00
1970-1979       92                 4.00           10.00           14.00
1970-1979       93                 9.00            4.00           13.00
1970-1979       94                 6.00            3.00            9.00
1970-1979       95                 7.00            4.00           11.00
1970-1979       96                18.00            6.00           24.00
1970-1979       97                 2.00            7.00            9.00
1970-1979       98                 5.00            2.00            7.00
1970-1979       99                 5.00            2.00            7.00
1970-1979      100                 1.00            4.00            5.00
1970-1979      101                 0.00            2.00            2.00
1970-1979      102                 4.00            1.00            5.00
1970-1979      103                 2.00            2.00            4.00
1970-1979      104                 1.00            0.00            1.00
1970-1979      105                 3.00            1.00            4.00
1970-1979      106                 0.00            1.00            1.00
1970-1979      107                 1.00            0.00            1.00
1970-1979      108                 2.00            0.00            2.00
1970-1979      109                 0.00            0.00            0.00
1970-1979      110+                7.00            1.00            8.00
1980-1989        0               479.00          615.50         1094.50
1980-1989        1                24.00           31.00           55.00
1980-1989        2                14.00           21.00           35.00
1980-1989        3                 8.00           18.00           26.00
1980-1989        4                15.00           11.00           26.00
1980-1989        5                 7.00           15.00           22.00
1980-1989        6                 4.00            9.00           13.00
1980-1989        7                 3.00           10.00           13.00
1980-1989        8                 5.00            7.00           12.00
1980-1989        9                 4.00           14.00           18.00
1980-1989       10                 6.00            4.00           10.00
1980-1989       11                 7.00            7.00           14.00
1980-1989       12                 9.00           12.00           21.00
1980-1989       13                10.00           13.00           23.00
1980-1989       14                13.00           24.00           37.00
1980-1989       15                17.00           29.00           46.00
1980-1989       16                23.00           37.00           60.00
1980-1989       17                32.00           56.00           88.00
1980-1989       18                18.00           60.00           78.00
1980-1989       19                17.00           79.00           96.00
1980-1989       20                27.00           57.00           84.00
1980-1989       21                28.00           48.00           76.00
1980-1989       22                26.00           51.00           77.00
1980-1989       23                22.00           64.00           86.00
1980-1989       24                19.00           47.00           66.00
1980-1989       25                13.00           67.00           80.00
1980-1989       26                21.00           36.00           57.00
1980-1989       27                25.00           40.00           65.00
1980-1989       28                19.00           48.00           67.00
1980-1989       29                20.00           42.50           62.50
1980-1989       30                27.00           46.00           73.00
1980-1989       31                25.00           31.00           56.00
1980-1989       32                27.00           33.00           60.00
1980-1989       33                26.00           40.00           66.00
1980-1989       34                27.00           52.00           79.00
1980-1989       35                33.00           42.00           75.00
1980-1989       36                34.00           44.00           78.00
1980-1989       37                24.00           43.00           67.00
1980-1989       38                32.00           45.50           77.50
1980-1989       39                39.50           51.00           90.50
1980-1989       40                21.50           64.00           85.50
1980-1989       41                34.00           69.00          103.00
1980-1989       42                44.00           51.00           95.00
1980-1989       43                59.00           66.00          125.00
1980-1989       44                61.00           60.00          121.00
1980-1989       45                75.00           88.00          163.00
1980-1989       46                73.00           80.00          153.00
1980-1989       47                55.00          116.00          171.00
1980-1989       48                71.00           91.00          162.00
1980-1989       49                87.00          100.00          187.00
1980-1989       50                83.00          124.00          207.00
1980-1989       51                74.00          116.00          190.00
1980-1989       52                72.00          115.00          187.00
1980-1989       53                88.00          119.00          207.00
1980-1989       54               104.00          130.00          234.00
1980-1989       55               100.00          144.00          244.00
1980-1989       56               109.00          148.00          257.00
1980-1989       57               117.00          163.50          280.50
1980-1989       58               110.00          161.00          271.00
1980-1989       59               119.00          153.00          272.00
1980-1989       60               131.00          175.50          306.50
1980-1989       61               124.00          153.00          277.00
1980-1989       62               125.00          165.00          290.00
1980-1989       63               119.00          152.00          271.00
1980-1989       64               122.00          169.00          291.00
1980-1989       65               125.00          153.50          278.50
1980-1989       66               133.00          135.00          268.00
1980-1989       67               124.00          174.00          298.00
1980-1989       68               126.00          165.50          291.50
1980-1989       69               124.00          135.00          259.00
1980-1989       70               123.00          135.00          258.00
1980-1989       71               102.00          138.00          240.00
1980-1989       72               105.00          139.00          244.00
1980-1989       73                95.50          138.00          233.50
1980-1989       74               102.00          143.00          245.00
1980-1989       75                94.00          112.00          206.00
1980-1989       76                85.00           96.00          181.00
1980-1989       77                65.00           94.00          159.00
1980-1989       78                74.00           96.00          170.00
1980-1989       79                72.00           85.00          157.00
1980-1989       80                52.00           94.00          146.00
1980-1989       81                56.00           59.00          115.00
1980-1989       82                47.00           61.00          108.00
1980-1989       83                57.00           47.00          104.00
1980-1989       84                45.00           47.00           92.00
1980-1989       85                43.00           33.00           76.00
1980-1989       86                41.00           31.00           72.00
1980-1989       87                28.00           32.00           60.00
1980-1989       88                20.00           19.00           39.00
1980-1989       89                17.00           17.00           34.00
1980-1989       90                17.00           10.00           27.00
1980-1989       91                 9.00            6.00           15.00
1980-1989       92                11.00            4.00           15.00
1980-1989       93                13.00            4.00           17.00
1980-1989       94                 6.00            4.00           10.00
1980-1989       95                 2.00            3.00            5.00
1980-1989       96                 7.00            7.00           14.00
1980-1989       97                 4.00            3.00            7.00
1980-1989       98                 3.00            3.00            6.00
1980-1989       99                 1.00            4.00            5.00
1980-1989      100                 4.00            2.00            6.00
1980-1989      101                 2.00            0.00            2.00
1980-1989      102                 1.00            1.00            2.00
1980-1989      103                 0.00            2.00            2.00
1980-1989      104                 0.00            1.00            1.00
1980-1989      105                 0.00            0.00            0.00
1980-1989      106                 1.00            0.00            1.00
1980-1989      107                 1.00            0.00            1.00
1980-1989      108                 0.00            0.00            0.00
1980-1989      109                 2.00            0.00            2.00
1980-1989      110+                1.00            0.00            1.00
1990-1999        0               487.20          681.21         1168.41
1990-1999        1                35.00           52.80           87.80
1990-1999        2                21.85           30.70           52.55
1990-1999        3                 6.00           21.90           27.90
1990-1999        4                17.55           15.90           33.45
1990-1999        5                11.85           18.90           30.75
1990-1999        6                10.00           12.90           22.90
1990-1999        7                 7.00            5.90           12.90
1990-1999        8                 3.00            9.90           12.90
1990-1999        9                 5.00            7.00           12.00
1990-1999       10                 4.00           19.80           23.80
1990-1999       11                10.85           15.00           25.85
1990-1999       12                 8.00           12.00           20.00
1990-1999       13                11.85           10.90           22.75
1990-1999       14                22.00           26.90           48.90
1990-1999       15                24.85           28.90           53.75
1990-1999       16                23.40           53.70           77.10
1990-1999       17                26.70           63.31           90.01
1990-1999       18                25.85           71.60           97.45
1990-1999       19                34.55           75.01          109.56
1990-1999       20                19.70           68.12           87.82
1990-1999       21                18.70           71.31           90.01
1990-1999       22                23.70           79.50          103.20
1990-1999       23                20.55           79.72          100.27
1990-1999       24                29.25           58.60           87.85
1990-1999       25                35.71           71.50          107.21
1990-1999       26                29.55           77.31          106.86
1990-1999       27                27.70           58.70           86.40
1990-1999       28                28.70           79.60          108.30
1990-1999       29                25.70           70.02           95.72
1990-1999       30                42.70           64.71          107.41
1990-1999       31                38.40           68.02          106.42
1990-1999       32                33.70           71.12          104.82
1990-1999       33                41.95           61.21          103.16
1990-1999       34                43.40           85.40          128.80
1990-1999       35                43.95           62.21          106.16
1990-1999       36                41.40           86.50          127.90
1990-1999       37                47.80           68.70          116.50
1990-1999       38                54.40           88.30          142.70
1990-1999       39                52.90           65.50          118.40
1990-1999       40                56.45           89.31          145.76
1990-1999       41                67.80           78.31          146.11
1990-1999       42                56.25           88.41          144.66
1990-1999       43                69.95          112.22          182.17
1990-1999       44                75.05           92.92          167.97
1990-1999       45                81.05          103.82          184.87
1990-1999       46                79.25           93.82          173.07
1990-1999       47                95.05          127.92          222.97
1990-1999       48               100.65          152.52          253.17
1990-1999       49               105.65          131.32          236.97
1990-1999       50               121.50          151.32          272.82
1990-1999       51               116.65          132.33          248.98
1990-1999       52               123.80          174.72          298.52
1990-1999       53               116.05          184.33          300.38
1990-1999       54               141.65          226.83          368.48
1990-1999       55               149.45          214.54          363.99
1990-1999       56               165.27          210.52          375.79
1990-1999       57               159.05          209.93          368.98
1990-1999       58               165.90          216.83          382.73
1990-1999       59               191.86          222.62          414.48
1990-1999       60               183.56          286.63          470.19
1990-1999       61               190.76          248.02          438.78
1990-1999       62               192.71          263.83          456.54
1990-1999       63               195.45          243.03          438.48
1990-1999       64               199.15          266.03          465.18
1990-1999       65               224.52          272.94          497.46
1990-1999       66               193.20          245.33          438.53
1990-1999       67               211.01          239.33          450.34
1990-1999       68               182.16          253.23          435.39
1990-1999       69               196.61          218.92          415.53
1990-1999       70               183.60          214.12          397.72
1990-1999       71               183.50          215.42          398.92
1990-1999       72               146.80          191.03          337.83
1990-1999       73               158.91          187.52          346.43
1990-1999       74               173.26          180.42          353.68
1990-1999       75               146.20          151.12          297.32
1990-1999       76               142.31          154.82          297.13
1990-1999       77               146.20          138.51          284.71
1990-1999       78               129.80          104.21          234.01
1990-1999       79               142.75          113.82          256.57
1990-1999       80               110.50          120.62          231.12
1990-1999       81               112.35          103.82          216.17
1990-1999       82               103.61          102.50          206.11
1990-1999       83                91.05          102.01          193.06
1990-1999       84                85.25           59.41          144.66
1990-1999       85                86.10           56.60          142.70
1990-1999       86                67.25           55.40          122.65
1990-1999       87                53.55           56.12          109.67
1990-1999       88                46.70           26.70           73.40
1990-1999       89                30.10           26.80           56.90
1990-1999       90                36.70           21.70           58.40
1990-1999       91                26.85           18.00           44.85
1990-1999       92                18.55            8.90           27.45
1990-1999       93                18.85           11.00           29.85
1990-1999       94                16.70           12.00           28.70
1990-1999       95                16.85            8.00           24.85
1990-1999       96                 6.00            5.00           11.00
1990-1999       97                10.00            1.00           11.00
1990-1999       98                 3.00            1.90            4.90
1990-1999       99                 5.00            1.00            6.00
1990-1999      100                 3.00            2.00            5.00
1990-1999      101                 0.00            0.00            0.00
1990-1999      102                 4.00            0.00            4.00
1990-1999      103                 2.00            0.00            2.00
1990-1999      104                 2.00            1.00            3.00
1990-1999      105                 0.00            0.00            0.00
1990-1999      106                 0.00            0.00            0.00
1990-1999      107                 0.00            0.00            0.00
1990-1999      108                 0.00            1.00            1.00
1990-1999      109                 0.00            0.00            0.00
1990-1999      110+                0.00            0.00            0.00
2000-2008        0               458.00          593.00         1051.00
2000-2008        1                43.00           60.00          103.00
2000-2008        2                22.00           32.00           54.00
2000-2008        3                11.00           24.00           35.00
2000-2008        4                16.00           19.00           35.00
2000-2008        5                11.00           20.00           31.00
2000-2008        6                12.00           13.00           25.00
2000-2008        7                11.00           11.00           22.00
2000-2008        8                11.00            9.00           20.00
2000-2008        9                10.00           17.00           27.00
2000-2008       10                 9.00            8.00           17.00
2000-2008       11                 9.00           14.00           23.00
2000-2008       12                14.00           15.00           29.00
2000-2008       13                21.00           22.00           43.00
2000-2008       14                17.00           28.00           45.00
2000-2008       15                28.00           44.00           72.00
2000-2008       16                43.00           64.00          107.00
2000-2008       17                37.00           75.00          112.00
2000-2008       18                37.00           86.00          123.00
2000-2008       19                38.00           63.00          101.00
2000-2008       20                31.00           73.00          104.00
2000-2008       21                25.00           76.00          101.00
2000-2008       22                32.00           71.00          103.00
2000-2008       23                22.00           55.00           77.00
2000-2008       24                18.00           63.00           81.00
2000-2008       25                27.00           61.00           88.00
2000-2008       26                30.00           54.00           84.00
2000-2008       27                19.00           66.00           85.00
2000-2008       28                40.00           64.00          104.00
2000-2008       29                32.00           51.00           83.00
2000-2008       30                34.00           78.50          112.50
2000-2008       31                35.00           57.00           92.00
2000-2008       32                50.00           86.00          136.00
2000-2008       33                37.00           86.00          123.00
2000-2008       34                53.00           77.00          130.00
2000-2008       35                48.00           81.00          129.00
2000-2008       36                46.00           76.00          122.00
2000-2008       37                52.00           82.00          134.00
2000-2008       38                62.00           87.00          149.00
2000-2008       39                71.00           89.00          160.00
2000-2008       40                65.00          122.00          187.00
2000-2008       41                87.00          106.00          193.00
2000-2008       42                87.00          113.00          200.00
2000-2008       43                89.00          134.00          223.00
2000-2008       44               113.00          160.00          273.00
2000-2008       45               104.00          145.00          249.00
2000-2008       46               102.00          151.00          253.00
2000-2008       47               134.00          163.00          297.00
2000-2008       48               122.00          163.00          285.00
2000-2008       49               131.00          174.00          305.00
2000-2008       50               129.00          160.00          289.00
2000-2008       51               135.00          196.00          331.00
2000-2008       52               179.00          192.00          371.00
2000-2008       53               150.00          250.00          400.00
2000-2008       54               138.00          221.00          359.00
2000-2008       55               154.00          250.00          404.00
2000-2008       56               175.00          209.00          384.00
2000-2008       57               175.00          232.00          407.00
2000-2008       58               219.00          232.00          451.00
2000-2008       59               192.00          291.00          483.00
2000-2008       60               193.00          270.00          463.00
2000-2008       61               231.00          278.00          509.00
2000-2008       62               288.00          309.00          597.00
2000-2008       63               244.00          257.50          501.50
2000-2008       64               241.00          296.00          537.00
2000-2008       65               250.00          302.00          552.00
2000-2008       66               231.00          314.50          545.50
2000-2008       67               279.00          324.00          603.00
2000-2008       68               257.00          301.00          558.00
2000-2008       69               260.00          314.00          574.00
2000-2008       70               273.00          304.00          577.00
2000-2008       71               245.00          277.00          522.00
2000-2008       72               276.00          300.00          576.00
2000-2008       73               245.00          273.00          518.00
2000-2008       74               243.00          264.00          507.00
2000-2008       75               214.00          280.00          494.00
2000-2008       76               187.00          231.00          418.00
2000-2008       77               216.00          231.00          447.00
2000-2008       78               195.00          187.00          382.00
2000-2008       79               172.00          211.00          383.00
2000-2008       80               185.00          175.00          360.00
2000-2008       81               180.00          136.00          316.00
2000-2008       82               180.00          157.00          337.00
2000-2008       83               156.00          114.00          270.00
2000-2008       84               138.00          100.00          238.00
2000-2008       85               144.00           87.00          231.00
2000-2008       86               121.00           63.00          184.00
2000-2008       87                95.00           54.00          149.00
2000-2008       88                88.00           57.00          145.00
2000-2008       89                74.00           46.00          120.00
2000-2008       90                78.00           35.00          113.00
2000-2008       91                65.00           32.00           97.00
2000-2008       92                45.00           22.00           67.00
2000-2008       93                36.00           15.00           51.00
2000-2008       94                23.00            9.00           32.00
2000-2008       95                18.00            3.00           21.00
2000-2008       96                21.00            8.00           29.00
2000-2008       97                 8.00            3.00           11.00
2000-2008       98                10.00            2.00           12.00
2000-2008       99                 4.00            4.00            8.00
2000-2008      100                 8.00            3.00           11.00
2000-2008      101                 6.00            0.00            6.00
2000-2008      102                 3.00            1.00            4.00
2000-2008      103                 3.00            1.00            4.00
2000-2008      104                 2.00            1.00            3.00
2000-2008      105                 2.00            0.00            2.00
2000-2008      106                 0.00            0.00            0.00
2000-2008      107                 0.00            0.00            0.00
2000-2008      108                 0.00            0.00            0.00
2000-2008      109                 0.00            0.00            0.00
2000-2008      110+                0.00            0.00            0.00
