The United States of America, Deaths (period 1x10), 	Last modified: 05 Sep 2024;  Methods Protocol: v6 (2017)

  Year          Age             Female            Male           Total
1933-1939        0            362056.18       477977.01       840033.19
1933-1939        1             54406.17        63490.74       117896.91
1933-1939        2             26790.76        31833.45        58624.21
1933-1939        3             18838.37        22463.09        41301.46
1933-1939        4             15108.29        17701.76        32810.05
1933-1939        5             12928.83        15473.01        28401.84
1933-1939        6             11564.24        14317.88        25882.12
1933-1939        7             10425.66        13337.82        23763.48
1933-1939        8              9513.12        12532.79        22045.91
1933-1939        9              8826.59        11902.83        20729.42
1933-1939       10              8405.63        11500.99        19906.62
1933-1939       11              8408.69        11539.70        19948.39
1933-1939       12              8875.31        12072.03        20947.34
1933-1939       13              9805.53        13097.98        22903.51
1933-1939       14             11199.34        14617.53        25816.87
1933-1939       15             12961.92        16523.31        29485.23
1933-1939       16             14714.12        18385.81        33099.93
1933-1939       17             16361.12        20097.67        36458.79
1933-1939       18             17902.94        21658.84        39561.78
1933-1939       19             19339.61        23069.34        42408.95
1933-1939       20             20658.12        24313.80        44971.92
1933-1939       21             21806.70        25330.62        47137.32
1933-1939       22             22772.38        26104.42        48876.80
1933-1939       23             23555.23        26635.18        50190.41
1933-1939       24             24155.13        26922.88        51078.01
1933-1939       25             24583.71        27019.58        51603.29
1933-1939       26             24887.10        27133.26        52020.36
1933-1939       27             25076.79        27315.94        52392.73
1933-1939       28             25152.81        27567.61        52720.42
1933-1939       29             25115.16        27888.29        53003.45
1933-1939       30             25030.75        28312.66        53343.41
1933-1939       31             25167.20        28979.58        54146.78
1933-1939       32             25591.40        29923.74        55515.14
1933-1939       33             26303.41        31145.15        57448.56
1933-1939       34             27303.14        32643.82        59946.96
1933-1939       35             28522.54        34381.34        62903.88
1933-1939       36             29689.13        36204.20        65893.33
1933-1939       37             30734.79        38073.93        68808.72
1933-1939       38             31659.52        39990.62        71650.14
1933-1939       39             32463.31        41954.22        74417.53
1933-1939       40             33194.83        43984.14        77178.97
1933-1939       41             34048.80        46158.18        80206.98
1933-1939       42             35073.94        48495.68        83569.62
1933-1939       43             36270.18        50996.70        87266.88
1933-1939       44             37637.51        53661.19        91298.70
1933-1939       45             39163.60        56474.53        95638.13
1933-1939       46             40798.75        59378.12       100176.87
1933-1939       47             42530.60        62357.22       104887.82
1933-1939       48             44359.16        65411.93       109771.09
1933-1939       49             46284.38        68542.19       114826.57
1933-1939       50             48249.25        71670.37       119919.62
1933-1939       51             50025.61        74485.92       124511.53
1933-1939       52             51556.37        76911.12       128467.49
1933-1939       53             52841.55        78946.01       131787.56
1933-1939       54             53881.16        80590.60       134471.76
1933-1939       55             54785.72        81964.28       136750.00
1933-1939       56             55997.30        83544.73       139542.03
1933-1939       57             57626.39        85451.39       143077.78
1933-1939       58             59673.05        87684.24       147357.29
1933-1939       59             62137.26        90243.32       152380.58
1933-1939       60             64944.48        93057.27       158001.75
1933-1939       61             67796.46        95840.93       163637.39
1933-1939       62             70618.70        98523.06       169141.76
1933-1939       63             73411.21       101103.59       174514.80
1933-1939       64             76174.00       103582.52       179756.52
1933-1939       65             78855.80       105879.52       184735.32
1933-1939       66             81251.84       107672.89       188924.73
1933-1939       67             83310.85       108882.26       192193.11
1933-1939       68             85032.84       109507.62       194540.46
1933-1939       69             86417.82       109548.95       195966.77
1933-1939       70             87504.17       109087.11       196591.28
1933-1939       71             88445.39       108445.19       196890.58
1933-1939       72             89279.85       107703.95       196983.80
1933-1939       73             90007.56       106863.42       196870.98
1933-1939       74             90628.51       105923.56       196552.07
1933-1939       75             90977.44       104694.11       195671.55
1933-1939       76             90393.17       102413.55       192806.72
1933-1939       77             88710.50        98891.62       187602.12
1933-1939       78             85929.40        94128.21       180057.61
1933-1939       79             82049.86        88123.42       170173.28
1933-1939       80             77221.70        81090.81       158312.51
1933-1939       81             72044.19        73884.96       145929.15
1933-1939       82             66667.19        66719.41       133386.60
1933-1939       83             61090.68        59594.24       120684.92
1933-1939       84             55314.63        52509.44       107824.07
1933-1939       85             49401.31        45534.98        94936.29
1933-1939       86             43599.57        38950.96        82550.53
1933-1939       87             37971.64        32827.42        70799.06
1933-1939       88             32517.50        27164.30        59681.80
1933-1939       89             27237.18        21961.67        49198.85
1933-1939       90             22206.59        17258.13        39464.72
1933-1939       91             17729.25        13208.24        30937.49
1933-1939       92             13881.08         9850.63        23731.71
1933-1939       93             10662.13         7185.34        17847.47
1933-1939       94              8072.37         5212.30        13284.67
1933-1939       95              6066.20         3854.67         9920.87
1933-1939       96              4461.35         2804.68         7266.03
1933-1939       97              3212.24         1985.42         5197.66
1933-1939       98              2318.87         1396.91         3715.78
1933-1939       99              1781.19         1039.14         2820.33
1933-1939      100              1673.18          964.26         2637.44
1933-1939      101              1193.41          669.46         1862.87
1933-1939      102               838.32          459.48         1297.80
1933-1939      103               581.07          312.24          893.31
1933-1939      104               397.91          209.74          607.65
1933-1939      105               268.63          138.34          406.97
1933-1939      106               177.98           89.61          267.59
1933-1939      107               115.66           57.29          172.95
1933-1939      108                73.94           36.10          110.04
1933-1939      109                46.57           22.43           69.00
1933-1939      110+               65.69           27.36           93.05
1940-1949        0            481556.53       647196.64      1128753.17
1940-1949        1             44478.88        52410.76        96889.64
1940-1949        2             23065.53        28815.26        51880.79
1940-1949        3             16393.36        20413.43        36806.79
1940-1949        4             12839.69        15981.31        28821.00
1940-1949        5             10596.34        13787.69        24384.03
1940-1949        6              9102.82        12469.62        21572.44
1940-1949        7              7919.99        11395.78        19315.77
1940-1949        8              7047.81        10566.18        17613.99
1940-1949        9              6486.35         9980.76        16467.11
1940-1949       10              6246.20         9686.08        15932.28
1940-1949       11              6369.90         9867.68        16237.58
1940-1949       12              6868.06        10572.12        17440.18
1940-1949       13              7740.74        11799.30        19540.04
1940-1949       14              8987.83        13549.27        22537.10
1940-1949       15             10536.44        15726.47        26262.91
1940-1949       16             12094.51        17948.68        30043.19
1940-1949       17             13589.09        20120.28        33709.37
1940-1949       18             15020.13        22241.26        37261.39
1940-1949       19             16387.69        24311.71        40699.40
1940-1949       20             17666.73        26249.20        43915.93
1940-1949       21             18757.37        27724.30        46481.67
1940-1949       22             19634.59        28654.63        48289.22
1940-1949       23             20298.46        29040.25        49338.71
1940-1949       24             20748.89        28881.13        49630.02
1940-1949       25             21041.19        28321.53        49362.72
1940-1949       26             21396.16        27938.69        49334.85
1940-1949       27             21869.03        27876.86        49745.89
1940-1949       28             22459.83        28136.12        50595.95
1940-1949       29             23168.51        28716.34        51884.85
1940-1949       30             23995.54        29602.00        53597.54
1940-1949       31             24942.46        30730.44        55672.90
1940-1949       32             26009.74        32086.10        58095.84
1940-1949       33             27197.27        33668.90        60866.17
1940-1949       34             28505.18        35478.91        63984.09
1940-1949       35             29918.25        37512.54        67430.79
1940-1949       36             31375.81        39755.61        71131.42
1940-1949       37             32862.70        42204.56        75067.26
1940-1949       38             34378.96        44859.48        79238.44
1940-1949       39             35924.54        47720.29        83644.83
1940-1949       40             37521.10        50799.35        88320.45
1940-1949       41             39255.23        54145.98        93401.21
1940-1949       42             41148.56        57772.51        98921.07
1940-1949       43             43201.15        61678.99       104880.14
1940-1949       44             45412.88        65865.42       111278.30
1940-1949       45             47796.50        70373.06       118169.56
1940-1949       46             50402.42        75367.26       125769.68
1940-1949       47             53243.34        80889.31       134132.65
1940-1949       48             56319.17        86939.26       143258.43
1940-1949       49             59629.99        93517.09       153147.08
1940-1949       50             63105.73       100468.97       163574.70
1940-1949       51             66466.12       107179.76       173645.88
1940-1949       52             69641.16       113495.65       183136.81
1940-1949       53             72630.79       119416.65       192047.44
1940-1949       54             75435.06       124942.76       200377.82
1940-1949       55             78123.76       130108.48       208232.24
1940-1949       56             80975.85       135051.94       216027.79
1940-1949       57             84061.12       139807.56       223868.68
1940-1949       58             87379.64       144375.44       231755.08
1940-1949       59             90931.37       148755.51       239686.88
1940-1949       60             94732.71       152968.42       247701.13
1940-1949       61             98849.49       157096.51       255946.00
1940-1949       62            103298.12       161160.36       264458.48
1940-1949       63            108078.67       165159.97       273238.64
1940-1949       64            113191.05       169095.35       282286.40
1940-1949       65            118535.30       172874.52       291409.82
1940-1949       66            123711.10       176129.49       299840.59
1940-1949       67            128618.44       178768.19       307386.63
1940-1949       68            133257.29       180790.73       314048.02
1940-1949       69            137627.67       182197.03       319824.70
1940-1949       70            141615.23       182914.48       324529.71
1940-1949       71            144762.57       182652.40       327414.97
1940-1949       72            146955.29       181338.20       328293.49
1940-1949       73            148193.45       178971.77       327165.22
1940-1949       74            148477.01       175553.24       324030.25
1940-1949       75            147831.82       171116.87       318948.69
1940-1949       76            146361.23       165799.88       312161.11
1940-1949       77            144091.12       159636.62       303727.74
1940-1949       78            141021.47       152627.13       293648.60
1940-1949       79            137152.23       144771.31       281923.54
1940-1949       80            132430.44       136103.37       268533.81
1940-1949       81            126643.94       126759.58       253403.52
1940-1949       82            119739.77       116774.05       236513.82
1940-1949       83            111717.80       106146.83       217864.63
1940-1949       84            102578.13        94877.90       197456.03
1940-1949       85             92513.11        83169.01       175682.12
1940-1949       86             82292.16        71827.52       154119.68
1940-1949       87             72107.54        61055.15       133162.69
1940-1949       88             61959.33        50851.90       112811.23
1940-1949       89             51847.47        41217.85        93065.32
1940-1949       90             41983.68        32283.48        74267.16
1940-1949       91             33214.41        24571.08        57785.49
1940-1949       92             25751.33        18211.29        43962.62
1940-1949       93             19594.42        13204.03        32798.45
1940-1949       94             14743.68         9549.35        24293.03
1940-1949       95             11083.29         7087.80        18171.09
1940-1949       96              8149.93         5181.85        13331.78
1940-1949       97              5827.77         3672.02         9499.79
1940-1949       98              4116.86         2558.36         6675.22
1940-1949       99              3017.10         1840.91         4858.01
1940-1949      100              2619.51         1570.08         4189.59
1940-1949      101              1793.63         1058.63         2852.26
1940-1949      102              1206.16          700.78         1906.94
1940-1949      103               796.47          455.44         1251.91
1940-1949      104               514.68          290.11          804.79
1940-1949      105               325.41          182.22          507.63
1940-1949      106               202.51          113.06          315.57
1940-1949      107               124.36           68.95          193.31
1940-1949      108                74.91           41.31          116.22
1940-1949      109                44.31           24.36           68.67
1940-1949      110+               50.81           24.18           74.99
1950-1959        0            463258.21       625871.19      1089129.40
1950-1959        1             34107.23        40334.11        74441.34
1950-1959        2             19347.77        24437.06        43784.83
1950-1959        3             14648.45        18266.31        32914.76
1950-1959        4             11605.80        14476.98        26082.78
1950-1959        5              9523.07        12481.32        22004.39
1950-1959        6              8040.28        11098.47        19138.75
1950-1959        7              6813.32         9911.29        16724.61
1950-1959        8              5818.14         8932.83        14750.97
1950-1959        9              5203.84         8168.03        13371.87
1950-1959       10              4784.20         7657.98        12442.18
1950-1959       11              4639.72         7590.74        12230.46
1950-1959       12              4754.26         8076.49        12830.75
1950-1959       13              4845.71         8834.99        13680.70
1950-1959       14              5367.29        10292.44        15659.73
1950-1959       15              6087.66        12252.10        18339.76
1950-1959       16              6715.99        14191.55        20907.54
1950-1959       17              7191.07        15717.97        22909.04
1950-1959       18              7603.93        16942.34        24546.27
1950-1959       19              7908.52        17898.75        25807.27
1950-1959       20              8240.76        18812.39        27053.15
1950-1959       21              8487.95        19571.92        28059.87
1950-1959       22              8914.99        19916.34        28831.33
1950-1959       23              9337.79        20132.82        29470.61
1950-1959       24              9962.51        20282.35        30244.86
1950-1959       25             10598.58        20423.51        31022.09
1950-1959       26             11275.36        20610.24        31885.60
1950-1959       27             11965.35        20955.13        32920.48
1950-1959       28             12809.70        21429.20        34238.90
1950-1959       29             13701.30        22085.41        35786.71
1950-1959       30             14622.80        22991.15        37613.95
1950-1959       31             15704.94        23941.60        39646.54
1950-1959       32             16885.35        25114.24        41999.59
1950-1959       33             18058.95        26457.97        44516.92
1950-1959       34             19309.82        28052.88        47362.70
1950-1959       35             20629.59        29762.81        50392.40
1950-1959       36             22191.99        31830.64        54022.63
1950-1959       37             23759.61        34375.29        58134.90
1950-1959       38             25717.61        37346.80        63064.41
1950-1959       39             27604.82        40596.12        68200.94
1950-1959       40             29625.06        44340.86        73965.92
1950-1959       41             31564.66        47861.96        79426.62
1950-1959       42             33785.52        52372.56        86158.08
1950-1959       43             35923.58        56628.05        92551.63
1950-1959       44             38173.80        61256.75        99430.55
1950-1959       45             40512.13        65989.10       106501.23
1950-1959       46             42993.99        70938.67       113932.66
1950-1959       47             45689.29        76616.34       122305.63
1950-1959       48             48894.09        82633.82       131527.91
1950-1959       49             51937.20        89024.28       140961.48
1950-1959       50             55342.32        95694.22       151036.54
1950-1959       51             58390.20       102405.12       160795.32
1950-1959       52             62140.75       109698.90       171839.65
1950-1959       53             65252.47       116647.11       181899.58
1950-1959       54             68790.85       123584.89       192375.74
1950-1959       55             71775.92       130661.64       202437.56
1950-1959       56             75465.61       137743.25       213208.86
1950-1959       57             79199.16       144546.81       223745.97
1950-1959       58             85105.50       153835.78       238941.28
1950-1959       59             89580.10       161608.12       251188.22
1950-1959       60             93906.22       168089.55       261995.77
1950-1959       61             98997.41       175414.71       274412.12
1950-1959       62            106347.04       184476.70       290823.74
1950-1959       63            113299.99       193197.42       306497.41
1950-1959       64            120147.39       201210.75       321358.14
1950-1959       65            128683.38       210130.69       338814.07
1950-1959       66            134831.71       215853.19       350684.90
1950-1959       67            142166.25       221005.81       363172.06
1950-1959       68            148269.96       223083.31       371353.27
1950-1959       69            153814.17       224746.98       378561.15
1950-1959       70            159477.37       225139.95       384617.32
1950-1959       71            162057.11       222438.18       384495.29
1950-1959       72            167150.94       220946.34       388097.28
1950-1959       73            170809.24       218403.28       389212.52
1950-1959       74            174405.52       216145.69       390551.21
1950-1959       75            177570.41       212282.28       389852.69
1950-1959       76            178085.76       206519.52       384605.28
1950-1959       77            177668.01       199916.65       377584.66
1950-1959       78            177973.90       193388.09       371361.99
1950-1959       79            176461.30       185273.99       361735.29
1950-1959       80            173009.21       175173.10       348182.31
1950-1959       81            166987.44       164008.32       330995.76
1950-1959       82            162134.52       153557.40       315691.92
1950-1959       83            155287.20       141507.19       296794.39
1950-1959       84            145852.16       128176.88       274029.04
1950-1959       85            134214.97       113520.32       247735.29
1950-1959       86            119916.46        99675.44       219591.90
1950-1959       87            105393.11        84945.83       190338.94
1950-1959       88             90172.47        69482.88       159655.35
1950-1959       89             77802.78        58359.54       136162.32
1950-1959       90             68087.40        47660.97       115748.37
1950-1959       91             52510.46        36479.68        88990.14
1950-1959       92             43680.06        29060.31        72740.37
1950-1959       93             34731.73        22237.48        56969.21
1950-1959       94             26954.84        16341.12        43295.96
1950-1959       95             20170.77        11714.22        31884.99
1950-1959       96             14593.93         8517.93        23111.86
1950-1959       97             10481.75         5842.74        16324.49
1950-1959       98              7323.48         3881.79        11205.27
1950-1959       99              4572.36         2376.83         6949.19
1950-1959      100              3622.22         1918.84         5541.06
1950-1959      101              2156.40         1059.45         3215.85
1950-1959      102              1502.40          782.04         2284.44
1950-1959      103               960.59          497.11         1457.70
1950-1959      104               680.69          324.43         1005.12
1950-1959      105               490.38          244.46          734.84
1950-1959      106               305.37          174.45          479.82
1950-1959      107               202.12          113.33          315.45
1950-1959      108               156.70           85.99          242.69
1950-1959      109               116.14           40.16          156.30
1950-1959      110+              365.98          201.03          567.01
1960-1969        0            396936.68       539615.53       936552.21
1960-1969        1             27503.79        32534.00        60037.79
1960-1969        2             16713.32        21201.81        37915.13
1960-1969        3             12883.10        16660.11        29543.21
1960-1969        4             10837.43        14150.20        24987.63
1960-1969        5              9606.08        12528.60        22134.68
1960-1969        6              8098.59        11531.24        19629.83
1960-1969        7              7246.29        10363.82        17610.11
1960-1969        8              6432.05         9454.50        15886.55
1960-1969        9              5720.81         8900.28        14621.09
1960-1969       10              5336.65         8503.10        13839.75
1960-1969       11              5384.73         8682.18        14066.91
1960-1969       12              5523.74         9246.39        14770.13
1960-1969       13              5793.82        10778.97        16572.79
1960-1969       14              6369.01        12700.65        19069.66
1960-1969       15              7410.32        15241.55        22651.87
1960-1969       16              8437.67        19998.32        28435.99
1960-1969       17              9345.95        23691.67        33037.62
1960-1969       18             10170.18        27449.06        37619.24
1960-1969       19             10257.21        27658.09        37915.30
1960-1969       20              9826.08        26267.60        36093.68
1960-1969       21              9957.15        26803.82        36760.97
1960-1969       22              9586.00        25575.35        35161.35
1960-1969       23              9251.91        23572.61        32824.52
1960-1969       24              9513.03        21970.05        31483.08
1960-1969       25              9860.08        21666.94        31527.02
1960-1969       26              9661.05        20950.67        30611.72
1960-1969       27              9956.15        20436.48        30392.63
1960-1969       28             10462.32        20526.55        30988.87
1960-1969       29             10975.51        20446.52        31422.03
1960-1969       30             11974.81        21277.80        33252.61
1960-1969       31             12705.04        21769.98        34475.02
1960-1969       32             14155.49        23118.48        37273.97
1960-1969       33             15123.78        24804.12        39927.90
1960-1969       34             16939.38        26514.71        43454.09
1960-1969       35             18644.93        29188.71        47833.64
1960-1969       36             20132.40        31432.55        51564.95
1960-1969       37             22189.05        34512.63        56701.68
1960-1969       38             24734.84        38617.18        63352.02
1960-1969       39             27209.64        42050.41        69260.05
1960-1969       40             29491.33        46435.00        75926.33
1960-1969       41             31178.87        49728.23        80907.10
1960-1969       42             35323.18        55985.51        91308.69
1960-1969       43             37849.95        59795.91        97645.86
1960-1969       44             39648.55        65125.88       104774.43
1960-1969       45             43185.65        71587.24       114772.89
1960-1969       46             45614.41        76186.96       121801.37
1960-1969       47             49870.78        83940.80       133811.58
1960-1969       48             52705.66        90089.05       142794.71
1960-1969       49             55948.71        97417.72       153366.43
1960-1969       50             60465.12       107330.38       167795.50
1960-1969       51             62036.63       112917.41       174954.04
1960-1969       52             67816.44       124240.55       192056.99
1960-1969       53             70523.29       131616.24       202139.53
1960-1969       54             74702.60       140892.60       215595.20
1960-1969       55             77474.48       148394.40       225868.88
1960-1969       56             81684.82       156319.25       238004.07
1960-1969       57             85900.15       165032.42       250932.57
1960-1969       58             91284.83       174028.74       265313.57
1960-1969       59             95548.26       183079.18       278627.44
1960-1969       60            103125.70       192478.63       295604.33
1960-1969       61            104134.92       195857.72       299992.64
1960-1969       62            117262.15       210673.17       327935.32
1960-1969       63            119670.96       214098.50       333769.46
1960-1969       64            125679.80       222589.66       348269.46
1960-1969       65            140907.59       238980.78       379888.37
1960-1969       66            141902.87       236640.80       378543.67
1960-1969       67            155013.17       250798.99       405812.16
1960-1969       68            163376.79       255233.67       418610.46
1960-1969       69            167928.16       256805.10       424733.26
1960-1969       70            183170.02       267064.99       450235.01
1960-1969       71            180608.15       262676.34       443284.49
1960-1969       72            203376.36       279734.53       483110.89
1960-1969       73            206699.35       274801.64       481500.99
1960-1969       74            214193.72       274662.62       488856.34
1960-1969       75            225637.33       274445.61       500082.94
1960-1969       76            224036.70       264910.08       488946.78
1960-1969       77            222773.28       255416.50       478189.78
1960-1969       78            231728.18       249948.52       481676.70
1960-1969       79            231211.05       239230.55       470441.60
1960-1969       80            236754.77       231005.65       467760.42
1960-1969       81            218387.82       207415.87       425803.69
1960-1969       82            220863.64       199587.04       420450.68
1960-1969       83            215870.06       186377.24       402247.30
1960-1969       84            206605.21       171473.88       378079.09
1960-1969       85            193117.90       152991.05       346108.95
1960-1969       86            176673.73       134408.24       311081.97
1960-1969       87            161293.89       116964.82       278258.71
1960-1969       88            141135.54        98432.07       239567.61
1960-1969       89            123698.95        83509.57       207208.52
1960-1969       90            108306.13        69172.33       177478.46
1960-1969       91             86744.31        54045.75       140790.06
1960-1969       92             73088.01        43663.97       116751.98
1960-1969       93             58630.47        33784.36        92414.83
1960-1969       94             45750.37        25066.16        70816.53
1960-1969       95             34316.78        18242.67        52559.45
1960-1969       96             25320.96        12900.72        38221.68
1960-1969       97             18227.72         9131.35        27359.07
1960-1969       98             12495.92         5898.14        18394.06
1960-1969       99              8482.67         3893.44        12376.11
1960-1969      100              5861.87         2627.99         8489.86
1960-1969      101              3573.08         1554.58         5127.66
1960-1969      102              2422.77         1010.38         3433.15
1960-1969      103              1485.46          613.20         2098.66
1960-1969      104               981.32          420.19         1401.51
1960-1969      105               676.21          316.14          992.35
1960-1969      106               378.16          202.04          580.20
1960-1969      107               250.02          135.01          385.03
1960-1969      108               188.00          100.00          288.00
1960-1969      109               120.00           65.00          185.00
1960-1969      110+              400.00          252.00          652.00
1970-1979        0            234598.02       314137.58       548735.60
1970-1979        1             16319.95        19876.36        36196.31
1970-1979        2             10603.54        14007.17        24610.71
1970-1979        3              8138.94        11528.26        19667.20
1970-1979        4              6976.69         9636.55        16613.24
1970-1979        5              6350.52         9114.35        15464.87
1970-1979        6              5807.40         8407.09        14214.49
1970-1979        7              5315.28         7962.91        13278.19
1970-1979        8              4923.18         7425.75        12348.93
1970-1979        9              4678.14         7397.73        12075.87
1970-1979       10              4590.10         7399.73        11989.83
1970-1979       11              4604.11         7617.81        12221.92
1970-1979       12              4954.18         8644.18        13598.36
1970-1979       13              5809.38        10693.95        16503.33
1970-1979       14              6844.62        13889.08        20733.70
1970-1979       15              8712.12        18277.69        26989.81
1970-1979       16             10546.51        25838.49        36385.00
1970-1979       17             12030.85        32513.97        44544.82
1970-1979       18             13440.21        39425.49        52865.70
1970-1979       19             13516.22        41307.21        54823.43
1970-1979       20             13233.13        40485.93        53719.06
1970-1979       21             13215.15        41053.09        54268.24
1970-1979       22             13114.15        40111.82        53225.97
1970-1979       23             12758.05        38426.18        51184.23
1970-1979       24             12655.02        36384.38        49039.40
1970-1979       25             12370.95        34928.80        47299.75
1970-1979       26             12563.01        32544.94        45107.95
1970-1979       27             12646.01        31845.70        44491.71
1970-1979       28             12805.09        30453.21        43258.30
1970-1979       29             12998.09        29749.01        42747.10
1970-1979       30             13126.12        29226.83        42352.95
1970-1979       31             13612.22        28030.42        41642.64
1970-1979       32             13978.34        28130.36        42108.70
1970-1979       33             14465.43        27694.15        42159.58
1970-1979       34             15144.64        28412.48        43557.12
1970-1979       35             16165.88        29418.88        45584.76
1970-1979       36             17053.08        30467.29        47520.37
1970-1979       37             18335.40        31583.69        49919.09
1970-1979       38             19520.70        33640.41        53161.11
1970-1979       39             20995.06        36319.40        57314.46
1970-1979       40             23455.69        39385.52        62841.21
1970-1979       41             25132.06        42566.71        67698.77
1970-1979       42             28873.97        48073.72        76947.69
1970-1979       43             31404.59        52056.16        83460.75
1970-1979       44             34123.19        57213.08        91336.27
1970-1979       45             37385.03        63953.50       101338.53
1970-1979       46             41698.04        70259.80       111957.84
1970-1979       47             45935.02        77214.30       123149.32
1970-1979       48             49486.82        84941.16       134427.98
1970-1979       49             54008.97        93763.41       147772.38
1970-1979       50             59383.22       102910.75       162293.97
1970-1979       51             62660.00       110806.62       173466.62
1970-1979       52             68267.30       120260.09       188527.39
1970-1979       53             72752.35       127706.91       200459.26
1970-1979       54             76613.31       138040.73       214654.04
1970-1979       55             80953.33       146855.99       227809.32
1970-1979       56             86997.75       156042.53       243040.28
1970-1979       57             91753.97       167638.82       259392.79
1970-1979       58             97452.31       176493.08       273945.39
1970-1979       59            102594.49       186647.70       289242.19
1970-1979       60            109239.07       198260.89       307499.96
1970-1979       61            113792.17       206646.93       320439.10
1970-1979       62            124349.67       222922.85       347272.52
1970-1979       63            128330.66       231930.32       360260.98
1970-1979       64            135646.32       240029.34       375675.66
1970-1979       65            147093.11       252702.94       399796.05
1970-1979       66            149646.70       253631.32       403278.02
1970-1979       67            159116.92       262833.66       421950.58
1970-1979       68            164788.26       265327.55       430115.81
1970-1979       69            174035.50       270154.42       444189.92
1970-1979       70            185263.43       274300.22       459563.65
1970-1979       71            188766.13       272807.58       461573.71
1970-1979       72            202091.14       279638.93       481730.07
1970-1979       73            208585.72       276202.85       484788.57
1970-1979       74            218309.12       277090.24       495399.36
1970-1979       75            230647.16       277634.36       508281.52
1970-1979       76            235491.25       271937.29       507428.54
1970-1979       77            241287.72       267545.76       508833.48
1970-1979       78            252392.28       263713.30       516105.58
1970-1979       79            255059.72       255463.82       510523.54
1970-1979       80            264481.99       247674.89       512156.88
1970-1979       81            259602.90       235266.61       494869.51
1970-1979       82            264335.00       226492.34       490827.34
1970-1979       83            263357.52       213495.47       476852.99
1970-1979       84            257691.17       198388.98       456080.15
1970-1979       85            245066.31       179650.23       424716.54
1970-1979       86            233131.42       162417.86       395549.28
1970-1979       87            214079.80       142496.45       356576.25
1970-1979       88            193868.01       122810.28       316678.29
1970-1979       89            173951.23       105655.02       279606.25
1970-1979       90            154461.65        88179.55       242641.20
1970-1979       91            127973.31        70631.97       198605.28
1970-1979       92            108785.72        57254.08       166039.80
1970-1979       93             89852.29        45155.70       135007.99
1970-1979       94             72335.17        34086.60       106421.77
1970-1979       95             55861.23        25361.40        81222.63
1970-1979       96             42220.98        18498.87        60719.85
1970-1979       97             31174.37        12858.79        44033.16
1970-1979       98             22010.19         8795.24        30805.43
1970-1979       99             14897.52         5937.21        20834.73
1970-1979      100             10456.50         3833.43        14289.93
1970-1979      101              6960.64         2465.92         9426.56
1970-1979      102              4511.07         1570.56         6081.63
1970-1979      103              3009.70         1043.41         4053.11
1970-1979      104              1913.45          648.24         2561.69
1970-1979      105              1169.25          485.20         1654.45
1970-1979      106               751.20          289.10         1040.30
1970-1979      107               437.10          192.04          629.14
1970-1979      108               318.03          137.01          455.04
1970-1979      109               181.00           98.00          279.00
1970-1979      110+              504.00          240.00          744.00
1980-1989        0            176597.02       231323.82       407920.84
1980-1989        1             13429.19        16507.22        29936.41
1980-1989        2              8439.02        11283.54        19722.56
1980-1989        3              6145.46         8722.40        14867.86
1980-1989        4              4821.17         7062.74        11883.91
1980-1989        5              4218.01         5875.77        10093.78
1980-1989        6              3801.90         5497.64         9299.54
1980-1989        7              3486.83         5088.40         8575.23
1980-1989        8              3214.78         4880.46         8095.24
1980-1989        9              3089.73         4776.86         7866.59
1980-1989       10              2942.70         4686.82         7629.52
1980-1989       11              3002.69         4997.94         8000.63
1980-1989       12              3334.26         5772.24         9106.50
1980-1989       13              3707.38         6931.71        10639.09
1980-1989       14              4698.13         8980.50        13678.63
1980-1989       15              6100.44        12392.81        18493.25
1980-1989       16              8260.97        18858.32        27119.29
1980-1989       17              9410.22        24480.50        33890.72
1980-1989       18             10607.53        31070.04        41677.57
1980-1989       19             11027.63        33556.00        44583.63
1980-1989       20             10906.61        34604.45        45511.06
1980-1989       21             11369.72        36261.48        47631.20
1980-1989       22             11322.75        36261.72        47584.47
1980-1989       23             11910.83        36856.31        48767.14
1980-1989       24             12262.93        37199.14        49462.07
1980-1989       25             12727.02        37421.85        50148.87
1980-1989       26             13153.14        37171.41        50324.55
1980-1989       27             13519.23        37845.70        51364.93
1980-1989       28             13887.29        37682.00        51569.29
1980-1989       29             14469.46        38211.48        52680.94
1980-1989       30             14914.52        39385.84        54300.36
1980-1989       31             15559.68        38884.05        54443.73
1980-1989       32             16155.87        39855.25        56011.12
1980-1989       33             17044.06        40093.30        57137.36
1980-1989       34             17671.19        39803.46        57474.65
1980-1989       35             18009.31        40473.19        58482.50
1980-1989       36             18856.46        40438.15        59294.61
1980-1989       37             19546.62        41260.99        60807.61
1980-1989       38             20759.01        42163.38        62922.39
1980-1989       39             21627.21        42992.67        64619.88
1980-1989       40             23235.44        44158.02        67393.46
1980-1989       41             23735.61        44777.30        68512.91
1980-1989       42             25338.03        46646.09        71984.12
1980-1989       43             26283.36        47092.29        73375.65
1980-1989       44             28196.70        49884.33        78081.03
1980-1989       45             30131.14        53177.61        83308.75
1980-1989       46             32132.61        55946.04        88078.65
1980-1989       47             34543.19        60229.95        94773.14
1980-1989       48             37249.89        63504.98       100754.87
1980-1989       49             40778.70        69264.51       110043.21
1980-1989       50             44682.65        76389.66       121072.31
1980-1989       51             49022.69        82420.89       131443.58
1980-1989       52             53591.79        90980.39       144572.18
1980-1989       53             58735.02        99885.74       158620.76
1980-1989       54             64442.40       109301.97       173744.37
1980-1989       55             70110.80       119834.03       189944.83
1980-1989       56             77708.62       131178.96       208887.58
1980-1989       57             85184.44       143061.18       228245.62
1980-1989       58             93388.43       156212.58       249601.01
1980-1989       59            101469.35       168455.01       269924.36
1980-1989       60            110800.72       181625.50       292426.22
1980-1989       61            118025.51       191589.48       309614.99
1980-1989       62            129715.22       208026.71       337741.93
1980-1989       63            135664.60       218542.09       354206.69
1980-1989       64            145030.82       229475.16       374505.98
1980-1989       65            156015.32       243647.86       399663.18
1980-1989       66            162929.20       250810.38       413739.58
1980-1989       67            172719.19       262215.76       434934.95
1980-1989       68            181058.31       270207.88       451266.19
1980-1989       69            191065.13       279344.92       470410.05
1980-1989       70            201110.70       286978.01       488088.71
1980-1989       71            209269.16       292938.90       502208.06
1980-1989       72            223686.93       300882.49       524569.42
1980-1989       73            233227.43       304743.87       537971.30
1980-1989       74            242765.68       308034.08       550799.76
1980-1989       75            253907.39       307840.46       561747.85
1980-1989       76            262377.83       305416.26       567794.09
1980-1989       77            269071.88       299180.21       568252.09
1980-1989       78            275002.22       292723.70       567725.92
1980-1989       79            285927.52       286329.12       572256.64
1980-1989       80            293719.13       276038.21       569757.34
1980-1989       81            295755.22       263033.73       558788.95
1980-1989       82            300865.08       249581.31       550446.39
1980-1989       83            302612.00       235706.98       538318.98
1980-1989       84            301316.84       220600.54       521917.38
1980-1989       85            297429.42       203482.55       500911.97
1980-1989       86            291798.73       186809.48       478608.21
1980-1989       87            280644.68       169395.65       450040.33
1980-1989       88            264558.32       150464.61       415022.93
1980-1989       89            247801.93       131387.28       379189.21
1980-1989       90            228995.61       113563.22       342558.83
1980-1989       91            205311.27        96422.93       301734.20
1980-1989       92            182628.98        81013.53       263642.51
1980-1989       93            157097.14        65944.14       223041.28
1980-1989       94            130963.73        51868.59       182832.32
1980-1989       95            106276.79        40056.53       146333.32
1980-1989       96             84397.20        30357.77       114754.97
1980-1989       97             64236.83        21742.43        85979.26
1980-1989       98             47286.25        15268.97        62555.22
1980-1989       99             34146.07        10727.61        44873.68
1980-1989      100             23667.97         6981.18        30649.15
1980-1989      101             16233.39         4543.74        20777.13
1980-1989      102             10710.53         2854.10        13564.63
1980-1989      103              6896.66         1838.72         8735.38
1980-1989      104              4297.04         1068.42         5365.46
1980-1989      105              2545.62          664.25         3209.87
1980-1989      106              1521.35          415.20         1936.55
1980-1989      107              1000.24          235.05         1235.29
1980-1989      108               543.13          183.04          726.17
1980-1989      109               307.04           89.00          396.04
1980-1989      110+              696.05          273.01          969.06
1990-1999        0            139003.64       179673.75       318677.39
1990-1999        1             11123.46        13338.22        24461.68
1990-1999        2              6944.95         9317.41        16262.36
1990-1999        3              5279.06         7256.13        12535.19
1990-1999        4              4267.42         5780.67        10048.09
1990-1999        5              3673.37         5088.48         8761.85
1990-1999        6              3332.36         4509.34         7841.70
1990-1999        7              3156.03         4187.22         7343.25
1990-1999        8              2897.58         4089.17         6986.75
1990-1999        9              2789.29         3907.65         6696.94
1990-1999       10              2755.28         4053.68         6808.96
1990-1999       11              2799.29         4247.22         7046.51
1990-1999       12              3118.82         4959.44         8078.26
1990-1999       13              3523.35         6391.85         9915.20
1990-1999       14              4602.97         8680.54        13283.51
1990-1999       15              5669.57        11941.40        17610.97
1990-1999       16              7714.78        17910.28        25625.06
1990-1999       17              8321.85        22057.40        30379.25
1990-1999       18              8825.90        27144.91        35970.81
1990-1999       19              8693.39        29078.49        37771.88
1990-1999       20              8678.75        28979.22        37657.97
1990-1999       21              8903.62        30432.14        39335.76
1990-1999       22              8809.90        29119.98        37929.88
1990-1999       23              9053.95        28811.95        37865.90
1990-1999       24              9508.99        28436.32        37945.31
1990-1999       25             10346.09        29338.03        39684.12
1990-1999       26             10980.17        30321.03        41301.20
1990-1999       27             12138.27        32426.14        44564.41
1990-1999       28             12717.33        33874.59        46591.92
1990-1999       29             13894.47        36401.40        50295.87
1990-1999       30             15212.09        39295.26        54507.35
1990-1999       31             16742.75        41617.77        58360.52
1990-1999       32             17720.34        44540.37        62260.71
1990-1999       33             19484.65        47028.93        66513.58
1990-1999       34             21302.56        49966.41        71268.97
1990-1999       35             22927.36        52719.15        75646.51
1990-1999       36             24354.57        54166.02        78520.59
1990-1999       37             26026.57        56671.68        82698.25
1990-1999       38             27773.98        58534.91        86308.89
1990-1999       39             29066.57        60921.71        89988.28
1990-1999       40             30834.75        63775.49        94610.24
1990-1999       41             32371.85        65819.87        98191.72
1990-1999       42             34114.96        68062.11       102177.07
1990-1999       43             36244.36        70381.57       106625.93
1990-1999       44             37737.61        72119.83       109857.44
1990-1999       45             39601.34        74355.55       113956.89
1990-1999       46             41369.81        76058.47       117428.28
1990-1999       47             43965.42        79127.42       123092.84
1990-1999       48             46384.68        81019.27       127403.95
1990-1999       49             49263.97        84052.24       133316.21
1990-1999       50             51702.66        87166.07       138868.73
1990-1999       51             53927.94        89629.31       143557.25
1990-1999       52             57092.67        92909.96       150002.63
1990-1999       53             59337.63        95470.68       154808.31
1990-1999       54             62443.82       101102.86       163546.68
1990-1999       55             66728.74       106833.32       173562.06
1990-1999       56             71637.28       112719.05       184356.33
1990-1999       57             75355.69       117884.49       193240.18
1990-1999       58             80464.02       125788.59       206252.61
1990-1999       59             86982.50       133999.44       220981.94
1990-1999       60             94664.27       145892.25       240556.52
1990-1999       61            102581.68       156056.73       258638.41
1990-1999       62            112198.35       170489.20       282687.55
1990-1999       63            121949.52       182691.10       304640.62
1990-1999       64            132669.36       197275.63       329944.99
1990-1999       65            144747.37       210349.34       355096.71
1990-1999       66            155880.90       223406.43       379287.33
1990-1999       67            169171.88       239053.58       408225.46
1990-1999       68            181288.32       253483.28       434771.60
1990-1999       69            195307.85       268070.95       463378.80
1990-1999       70            210264.20       281535.31       491799.51
1990-1999       71            223313.00       293604.61       516917.61
1990-1999       72            238838.03       303240.41       542078.44
1990-1999       73            251328.75       311793.84       563122.59
1990-1999       74            263536.20       319489.04       583025.24
1990-1999       75            276828.80       325602.60       602431.40
1990-1999       76            289749.92       330524.64       620274.56
1990-1999       77            302251.41       332568.42       634819.83
1990-1999       78            314729.46       331763.29       646492.75
1990-1999       79            327367.94       327135.14       654503.08
1990-1999       80            338226.81       323524.79       661751.60
1990-1999       81            348306.60       316511.45       664818.05
1990-1999       82            359182.01       307367.04       666549.05
1990-1999       83            366348.94       296250.07       662599.01
1990-1999       84            370341.12       279309.77       649650.89
1990-1999       85            370088.14       261420.57       631508.71
1990-1999       86            367260.33       240299.33       607559.66
1990-1999       87            359061.09       216787.36       575848.45
1990-1999       88            344418.21       193413.90       537832.11
1990-1999       89            329268.84       170716.19       499985.03
1990-1999       90            307916.68       147328.73       455245.41
1990-1999       91            280609.25       123973.74       404582.99
1990-1999       92            253419.48       103341.18       356760.66
1990-1999       93            222745.90        84537.25       307283.15
1990-1999       94            192465.02        67225.05       259690.07
1990-1999       95            160960.72        52207.99       213168.71
1990-1999       96            131230.79        39719.09       170949.88
1990-1999       97            103810.51        29374.68       133185.19
1990-1999       98             79920.12        20766.34       100686.46
1990-1999       99             59214.01        14310.11        73524.12
1990-1999      100             43853.45         9976.37        53829.82
1990-1999      101             30864.07         6582.92        37446.99
1990-1999      102             20989.09         4250.22        25239.31
1990-1999      103             13313.32         2688.79        16002.11
1990-1999      104              8610.35         1542.45        10152.80
1990-1999      105              5320.05          912.26         6232.31
1990-1999      106              3115.27          520.19         3635.46
1990-1999      107              1867.21          345.10         2212.31
1990-1999      108              1061.12          182.05         1243.17
1990-1999      109               630.02          122.01          752.03
1990-1999      110+              831.05          224.04         1055.09
2000-2009        0            122904.33       157391.33       280295.66
2000-2009        1              8497.17        10589.38        19086.55
2000-2009        2              5316.98         7033.92        12350.90
2000-2009        3              3825.81         5284.76         9110.57
2000-2009        4              3177.36         4205.38         7382.74
2000-2009        5              2788.97         3636.31         6425.28
2000-2009        6              2567.14         3222.62         5789.76
2000-2009        7              2403.13         3015.56         5418.69
2000-2009        8              2306.13         3076.56         5382.69
2000-2009        9              2405.12         3032.26         5437.38
2000-2009       10              2420.12         3281.97         5702.09
2000-2009       11              2519.13         3555.68         6074.81
2000-2009       12              2664.16         4065.78         6729.94
2000-2009       13              3182.18         5048.99         8231.17
2000-2009       14              3886.21         6580.24        10466.45
2000-2009       15              4873.26         9256.74        14130.00
2000-2009       16              6863.34        14078.67        20942.01
2000-2009       17              7817.40        18609.49        26426.89
2000-2009       18              9034.00        25004.66        34038.66
2000-2009       19              9130.00        28257.29        37387.29
2000-2009       20              9101.51        28859.40        37960.91
2000-2009       21              9749.23        30851.75        40600.98
2000-2009       22              9444.79        30241.09        39685.88
2000-2009       23              9546.51        29643.94        39190.45
2000-2009       24              9819.47        29181.33        39000.80
2000-2009       25              9979.52        28321.17        38300.69
2000-2009       26             10437.53        28020.14        38457.67
2000-2009       27             10762.56        27682.04        38444.60
2000-2009       28             11220.56        27340.00        38560.56
2000-2009       29             11996.58        27939.17        39935.75
2000-2009       30             12482.65        28166.23        40648.88
2000-2009       31             13240.70        29068.44        42309.14
2000-2009       32             14611.77        29678.47        44290.24
2000-2009       33             15649.81        31142.09        46791.90
2000-2009       34             17094.88        33147.19        50242.07
2000-2009       35             19077.00        35723.77        54800.77
2000-2009       36             20880.57        37963.71        58844.28
2000-2009       37             23264.71        41800.46        65065.17
2000-2009       38             25775.35        45426.70        71202.05
2000-2009       39             28924.52        48723.35        77647.87
2000-2009       40             31907.65        53563.32        85470.97
2000-2009       41             34942.81        58699.22        93642.03
2000-2009       42             38457.99        64356.42       102814.41
2000-2009       43             43021.22        70288.43       113309.65
2000-2009       44             46669.41        76552.17       123221.58
2000-2009       45             50453.62        82341.45       132795.07
2000-2009       46             54172.82        89185.18       143358.00
2000-2009       47             58183.50        95575.33       153758.83
2000-2009       48             61678.67       101911.91       163590.58
2000-2009       49             65461.37       108018.17       173479.54
2000-2009       50             69230.54       114294.76       183525.30
2000-2009       51             72703.72       120422.06       193125.78
2000-2009       52             76863.68       127025.94       203889.62
2000-2009       53             80769.44       133104.16       213873.60
2000-2009       54             84378.86       137088.05       221466.91
2000-2009       55             87516.01       141990.29       229506.30
2000-2009       56             91365.18       145625.92       236991.10
2000-2009       57             96273.10       151132.97       247406.07
2000-2009       58            101317.53       156134.30       257451.83
2000-2009       59            105951.43       160467.79       266419.22
2000-2009       60            110670.68       165756.31       276426.99
2000-2009       61            115167.72       168559.34       283727.06
2000-2009       62            120356.72       174676.39       295033.11
2000-2009       63            123941.09       177489.47       301430.56
2000-2009       64            130470.20       184343.31       314813.51
2000-2009       65            137097.57       190536.03       327633.60
2000-2009       66            142768.43       195529.17       338297.60
2000-2009       67            150360.30       201787.61       352147.91
2000-2009       68            157330.66       208703.60       366034.26
2000-2009       69            167570.71       219260.21       386830.92
2000-2009       70            180330.36       229918.45       410248.81
2000-2009       71            192150.13       241388.81       433538.94
2000-2009       72            207384.83       254288.94       461673.77
2000-2009       73            222820.57       269532.14       492352.71
2000-2009       74            240105.19       280348.25       520453.44
2000-2009       75            258183.01       294887.31       553070.32
2000-2009       76            278435.06       307914.69       586349.75
2000-2009       77            298895.13       320810.93       619706.06
2000-2009       78            320608.73       332294.54       652903.27
2000-2009       79            340991.32       341692.94       682684.26
2000-2009       80            362357.37       347097.89       709455.26
2000-2009       81            379068.22       348977.98       728046.20
2000-2009       82            398092.64       347989.38       746082.02
2000-2009       83            410356.84       342196.94       752553.78
2000-2009       84            421674.93       333492.51       755167.44
2000-2009       85            429116.87       319973.30       749090.17
2000-2009       86            432332.33       304868.96       737201.29
2000-2009       87            429529.75       282585.25       712115.00
2000-2009       88            420224.68       257670.19       677894.87
2000-2009       89            403867.52       230449.35       634316.87
2000-2009       90            382473.76       201175.09       583648.85
2000-2009       91            357674.93       172569.92       530244.85
2000-2009       92            326890.86       145201.40       472092.26
2000-2009       93            291952.05       118807.94       410759.99
2000-2009       94            252509.01        94456.78       346965.79
2000-2009       95            213278.50        71881.03       285159.53
2000-2009       96            173174.44        53306.74       226481.18
2000-2009       97            137236.55        38261.48       175498.03
2000-2009       98            105028.40        26633.37       131661.77
2000-2009       99             77035.49        18163.34        95198.83
2000-2009      100             56065.40        11973.17        68038.57
2000-2009      101             39091.00         7745.42        46836.42
2000-2009      102             25704.32         4509.83        30214.15
2000-2009      103             16712.35         2730.50        19442.85
2000-2009      104             10532.05         1649.30        12181.35
2000-2009      105              6368.34          923.15         7291.49
2000-2009      106              3706.21          540.08         4246.29
2000-2009      107              2044.11          239.01         2283.12
2000-2009      108              1184.00          143.06         1327.06
2000-2009      109               561.01           86.00          647.01
2000-2009      110+              706.93          114.02          820.95
2010-2019        0            101940.17       128269.35       230209.52
2010-2019        1              6977.21         8779.62        15756.83
2010-2019        2              4353.20         5894.41        10247.61
2010-2019        3              3234.11         4554.37         7788.48
2010-2019        4              2702.03         3580.23         6282.26
2010-2019        5              2356.00         3019.20         5375.20
2010-2019        6              2149.01         2648.20         4797.21
2010-2019        7              1984.00         2603.20         4587.20
2010-2019        8              1989.02         2575.20         4564.22
2010-2019        9              1936.00         2549.20         4485.20
2010-2019       10              1916.00         2607.97         4523.97
2010-2019       11              2089.01         2826.80         4915.81
2010-2019       12              2278.99         3247.83         5526.82
2010-2019       13              2675.03         3952.27         6627.30
2010-2019       14              3227.11         5279.40         8506.51
2010-2019       15              3800.16         7240.53        11040.69
2010-2019       16              4789.20        10321.74        15110.94
2010-2019       17              5661.20        13785.01        19446.21
2010-2019       18              7163.21        19578.44        26741.65
2010-2019       19              7942.22        22868.67        30810.89
2010-2019       20              8673.25        25047.83        33721.08
2010-2019       21              9676.29        28624.08        38300.37
2010-2019       22             10125.31        30176.21        40301.52
2010-2019       23             10802.35        30941.25        41743.60
2010-2019       24             11294.36        32205.31        43499.67
2010-2019       25             12081.38        32951.38        45032.76
2010-2019       26             12790.41        33537.43        46327.84
2010-2019       27             13445.40        34228.47        47673.87
2010-2019       28             14331.43        34873.53        49204.96
2010-2019       29             14971.45        35274.54        50245.99
2010-2019       30             15992.50        35498.55        51491.05
2010-2019       31             16672.53        36160.59        52833.12
2010-2019       32             17710.55        36588.66        54299.21
2010-2019       33             18626.58        37305.67        55932.25
2010-2019       34             19369.58        38233.76        57603.34
2010-2019       35             20594.63        38834.82        59429.45
2010-2019       36             21621.66        39556.86        61178.52
2010-2019       37             22575.73        40766.96        63342.69
2010-2019       38             24074.74        42024.04        66098.78
2010-2019       39             25753.80        44076.21        69830.01
2010-2019       40             27431.85        46252.35        73684.20
2010-2019       41             29443.91        48705.55        78149.46
2010-2019       42             32199.01        51589.75        83788.76
2010-2019       43             35018.09        55044.00        90062.09
2010-2019       44             38165.20        60003.39        98168.59
2010-2019       45             42242.31        65986.79       108229.10
2010-2019       46             47385.49        73467.33       120852.82
2010-2019       47             51743.60        81244.93       132988.53
2010-2019       48             57328.79        89032.48       146361.27
2010-2019       49             63378.97        98101.19       161480.16
2010-2019       50             69592.65       108002.91       177595.56
2010-2019       51             76647.90       118715.64       195363.54
2010-2019       52             83730.60       130172.49       213903.09
2010-2019       53             90652.34       142163.37       232815.71
2010-2019       54             98669.58       154855.28       253524.86
2010-2019       55            105961.32       168004.22       273965.54
2010-2019       56            113485.56       178878.01       292363.57
2010-2019       57            120745.73       190168.86       310914.59
2010-2019       58            126705.95       200102.54       326808.49
2010-2019       59            132552.11       210058.26       342610.37
2010-2019       60            139394.34       218224.88       357619.22
2010-2019       61            146159.54       227548.54       373708.08
2010-2019       62            153905.78       236834.70       390740.48
2010-2019       63            162557.04       246776.91       409333.95
2010-2019       64            168274.22       250498.73       418772.95
2010-2019       65            173626.47       253711.44       427337.91
2010-2019       66            179641.03       258798.29       438439.32
2010-2019       67            188002.36       264218.18       452220.54
2010-2019       68            196066.07       269567.01       465633.08
2010-2019       69            204163.33       274517.89       478681.22
2010-2019       70            212373.58       278981.23       491354.81
2010-2019       71            219343.30       283702.60       503045.90
2010-2019       72            226542.53       285970.74       512513.27
2010-2019       73            230195.15       285720.77       515915.92
2010-2019       74            241009.47       292654.18       533663.65
2010-2019       75            253310.84       300277.79       553588.63
2010-2019       76            262677.18       304686.15       567363.33
2010-2019       77            272684.47       308446.41       581130.88
2010-2019       78            285099.88       312232.68       597332.56
2010-2019       79            301480.39       320249.29       621729.68
2010-2019       80            320036.96       329624.95       649661.91
2010-2019       81            336956.48       337147.58       674104.06
2010-2019       82            357897.17       343708.96       701606.13
2010-2019       83            376707.74       347258.31       723966.05
2010-2019       84            395933.85       351217.58       747151.43
2010-2019       85            414868.44       348344.36       763212.80
2010-2019       86            429984.43       344950.10       774934.53
2010-2019       87            443238.32       337599.56       780837.88
2010-2019       88            449386.00       323918.56       773304.56
2010-2019       89            449792.53       303898.10       753690.63
2010-2019       90            442119.78       279650.32       721770.10
2010-2019       91            420012.09       248345.53       668357.62
2010-2019       92            390843.14       216722.23       607565.37
2010-2019       93            353216.99       182530.25       535747.24
2010-2019       94            312981.23       147808.72       460789.95
2010-2019       95            268491.82       116374.43       384866.25
2010-2019       96            222674.93        88344.40       311019.33
2010-2019       97            178956.53        64012.64       242969.17
2010-2019       98            138548.30        44717.75       183266.05
2010-2019       99            102176.68        29590.14       131766.82
2010-2019      100             74373.81        19342.91        93716.72
2010-2019      101             52223.61        11979.88        64203.49
2010-2019      102             35378.10         7203.51        42581.61
2010-2019      103             22621.69         4198.31        26820.00
2010-2019      104             14271.43         2254.20        16525.63
2010-2019      105              8554.26         1205.09         9759.35
2010-2019      106              4799.18          606.01         5405.19
2010-2019      107              2589.05          324.02         2913.07
2010-2019      108              1501.04          155.01         1656.05
2010-2019      109               744.01           72.36          816.37
2010-2019      110+              746.00           83.64          829.64
2020-2022        0             26918.43        33141.47        60059.90
2020-2022        1              1988.04         2483.12         4471.16
2020-2022        2              1249.01         1652.07         2901.08
2020-2022        3               986.01         1318.06         2304.07
2020-2022        4               794.01         1031.06         1825.07
2020-2022        5               705.01          975.05         1680.06
2020-2022        6               645.00          854.06         1499.06
2020-2022        7               624.00          748.04         1372.04
2020-2022        8               602.00          727.02         1329.02
2020-2022        9               564.00          739.02         1303.02
2020-2022       10               605.01          831.05         1436.06
2020-2022       11               658.01          947.05         1605.06
2020-2022       12               831.00         1043.05         1874.05
2020-2022       13               995.00         1487.06         2482.06
2020-2022       14              1166.00         2092.09         3258.09
2020-2022       15              1352.00         2846.13         4198.13
2020-2022       16              1714.03         3938.18         5652.21
2020-2022       17              2049.04         5320.24         7369.28
2020-2022       18              2614.04         7247.33         9861.37
2020-2022       19              2866.05         8485.37        11351.42
2020-2022       20              3203.05         8936.40        12139.45
2020-2022       21              3551.05        10059.45        13610.50
2020-2022       22              3661.05        10624.47        14285.52
2020-2022       23              4092.06        10954.48        15046.54
2020-2022       24              4220.08        11626.52        15846.60
2020-2022       25              4708.08        12414.54        17122.62
2020-2022       26              4971.07        13219.59        18190.66
2020-2022       27              5491.07        14190.63        19681.70
2020-2022       28              5921.09        15161.66        21082.75
2020-2022       29              6669.11        16436.72        23105.83
2020-2022       30              7180.12        17269.77        24449.89
2020-2022       31              7531.12        17871.79        25402.91
2020-2022       32              8064.13        18312.81        26376.94
2020-2022       33              8562.13        18601.82        27163.95
2020-2022       34              8781.13        18775.84        27556.97
2020-2022       35              9134.13        19244.85        28378.98
2020-2022       36              9687.14        19954.88        29642.02
2020-2022       37             10289.18        20661.91        30951.09
2020-2022       38             10839.18        21081.93        31921.11
2020-2022       39             11581.18        22485.99        34067.17
2020-2022       40             12188.18        23141.02        35329.20
2020-2022       41             12797.19        23749.04        36546.23
2020-2022       42             13212.19        23815.06        37027.25
2020-2022       43             13644.22        24375.07        38019.29
2020-2022       44             14093.23        25076.11        39169.34
2020-2022       45             14830.24        25776.15        40606.39
2020-2022       46             15827.24        26986.20        42813.44
2020-2022       47             17045.25        28938.29        45983.54
2020-2022       48             18622.30        31717.41        50339.71
2020-2022       49             20890.32        35089.55        55979.87
2020-2022       50             23301.37        39058.72        62360.09
2020-2022       51             24892.39        41631.84        66524.23
2020-2022       52             26395.43        44230.96        70626.39
2020-2022       53             27888.43        46516.05        74404.48
2020-2022       54             30313.49        50540.23        80853.72
2020-2022       55             33803.54        56024.48        89828.02
2020-2022       56             37732.60        62043.73        99776.33
2020-2022       57             42165.67        67641.98       109807.65
2020-2022       58             45550.72        74130.26       119680.98
2020-2022       59             50430.80        79647.52       130078.32
2020-2022       60             54089.85        86064.80       140154.65
2020-2022       61             58036.91        90836.01       148872.92
2020-2022       62             61622.97        95706.74       157329.71
2020-2022       63             65633.04       101088.97       166722.01
2020-2022       64             68827.08       105218.64       174045.72
2020-2022       65             71643.13       107666.76       179309.89
2020-2022       66             74038.16       109769.84       183808.00
2020-2022       67             76353.19       111956.96       188310.15
2020-2022       68             79278.26       114383.07       193661.33
2020-2022       69             82612.30       115874.14       198486.44
2020-2022       70             86670.35       119168.28       205838.63
2020-2022       71             91096.44       121859.40       212955.84
2020-2022       72             97221.54       126709.61       223931.15
2020-2022       73            105226.67       134793.95       240020.62
2020-2022       74            107316.66       133796.91       241113.57
2020-2022       75            105740.62       129771.79       235512.41
2020-2022       76            104469.65       124589.53       229059.18
2020-2022       77            112291.79       130985.80       243277.59
2020-2022       78            118033.85       135075.98       253109.83
2020-2022       79            119917.87       133799.95       253717.82
2020-2022       80            120053.87       129422.75       249476.62
2020-2022       81            121490.93       127261.65       248752.58
2020-2022       82            125196.99       126536.61       251733.60
2020-2022       83            128572.03       126615.62       255187.65
2020-2022       84            132140.09       124743.55       256883.64
2020-2022       85            135563.16       123190.47       258753.63
2020-2022       86            136991.18       118803.27       255794.45
2020-2022       87            137927.19       115270.12       253197.31
2020-2022       88            138702.23       110261.90       248964.13
2020-2022       89            140531.25       105389.68       245920.93
2020-2022       90            140425.25        99266.41       239691.66
2020-2022       91            135564.16        90747.03       226311.19
2020-2022       92            129757.08        80687.59       210444.67
2020-2022       93            120805.95        69767.10       190573.05
2020-2022       94            109584.76        58027.58       167612.34
2020-2022       95             96591.55        47114.08       143705.63
2020-2022       96             82014.31        36482.62       118496.93
2020-2022       97             67352.09        27432.22        94784.31
2020-2022       98             53085.85        19799.89        72885.74
2020-2022       99             40481.64        13744.60        54226.24
2020-2022      100             29653.47         9001.41        38654.88
2020-2022      101             20079.31         5626.25        25705.56
2020-2022      102             13379.22         3220.15        16599.37
2020-2022      103              8530.14         1786.07        10316.21
2020-2022      104              5263.07          927.05         6190.12
2020-2022      105              3140.04          536.02         3676.06
2020-2022      106              1754.02          283.01         2037.03
2020-2022      107              1012.01          144.01         1156.02
2020-2022      108               555.01           57.00          612.01
2020-2022      109               288.00           28.01          316.01
2020-2022      110+              281.01           29.00          310.01
