Chile, Death rates (period 5x1), 	Last modified: 18 Apr 2022;  Methods Protocol: v6 (2017)

  Year          Age             Female            Male           Total
  1992           0             0.013842        0.016239        0.015067
  1992         1-4             0.000600        0.000873        0.000739
  1992         5-9             0.000236        0.000288        0.000262
  1992        10-14            0.000212        0.000364        0.000289
  1992        15-19            0.000388        0.000878        0.000636
  1992        20-24            0.000467        0.001553        0.001006
  1992        25-29            0.000533        0.001689        0.001101
  1992        30-34            0.000630        0.001949        0.001277
  1992        35-39            0.001076        0.002351        0.001696
  1992        40-44            0.001679        0.003261        0.002449
  1992        45-49            0.002639        0.004792        0.003684
  1992        50-54            0.004178        0.007124        0.005596
  1992        55-59            0.006628        0.011525        0.008947
  1992        60-64            0.010375        0.019082        0.014405
  1992        65-69            0.017254        0.027886        0.022128
  1992        70-74            0.028799        0.046435        0.036516
  1992        75-79            0.048243        0.072209        0.058139
  1992        80-84            0.076028        0.107992        0.088052
  1992        85-89            0.122648        0.164251        0.136403
  1992        90-94            0.198547        0.229042        0.207395
  1992        95-99            0.309958        0.294483        0.306336
  1992       100-104           0.381371        0.488129        0.405080
  1992       105-109           0.525131        0.097119        0.405881
  1992       110+              0.796813        0.000000        0.601805
  1993           0             0.012412        0.015060        0.013766
  1993         1-4             0.000573        0.000699        0.000637
  1993         5-9             0.000235        0.000321        0.000279
  1993        10-14            0.000231        0.000359        0.000296
  1993        15-19            0.000373        0.000935        0.000658
  1993        20-24            0.000408        0.001591        0.000997
  1993        25-29            0.000493        0.001891        0.001180
  1993        30-34            0.000632        0.001916        0.001261
  1993        35-39            0.001069        0.002393        0.001714
  1993        40-44            0.001570        0.003177        0.002353
  1993        45-49            0.002811        0.004824        0.003787
  1993        50-54            0.004315        0.007148        0.005682
  1993        55-59            0.006379        0.011835        0.008964
  1993        60-64            0.010343        0.019043        0.014364
  1993        65-69            0.016671        0.028302        0.022007
  1993        70-74            0.028334        0.046273        0.036196
  1993        75-79            0.049452        0.073384        0.059307
  1993        80-84            0.074889        0.111929        0.088716
  1993        85-89            0.125926        0.168858        0.140167
  1993        90-94            0.198820        0.234848        0.209377
  1993        95-99            0.292653        0.334856        0.302519
  1993       100-104           0.367810        0.317373        0.356903
  1993       105-109           0.267097        0.357888        0.291770
  1993       110+              0.000000        0.686499        0.226929
  1994           0             0.011797        0.013642        0.012739
  1994         1-4             0.000485        0.000688        0.000589
  1994         5-9             0.000229        0.000305        0.000268
  1994        10-14            0.000219        0.000348        0.000284
  1994        15-19            0.000345        0.000895        0.000623
  1994        20-24            0.000385        0.001453        0.000919
  1994        25-29            0.000452        0.001810        0.001121
  1994        30-34            0.000598        0.001925        0.001248
  1994        35-39            0.001019        0.002426        0.001706
  1994        40-44            0.001659        0.003096        0.002359
  1994        45-49            0.002837        0.005223        0.003994
  1994        50-54            0.004245        0.007600        0.005866
  1994        55-59            0.006536        0.011615        0.008946
  1994        60-64            0.010334        0.018332        0.014047
  1994        65-69            0.015917        0.027378        0.021164
  1994        70-74            0.026745        0.046059        0.035241
  1994        75-79            0.043944        0.067964        0.053817
  1994        80-84            0.071387        0.104742        0.083776
  1994        85-89            0.120415        0.156651        0.132459
  1994        90-94            0.184615        0.225132        0.196458
  1994        95-99            0.258556        0.290480        0.266212
  1994       100-104           0.376329        0.279362        0.354905
  1994       105-109           0.454567        0.370714        0.434893
  1994       110+              0.288739        0.000000        0.193112
  1995           0             0.010515        0.012603        0.011581
  1995         1-4             0.000654        0.000716        0.000686
  1995         5-9             0.000206        0.000279        0.000243
  1995        10-14            0.000244        0.000314        0.000280
  1995        15-19            0.000325        0.000905        0.000618
  1995        20-24            0.000400        0.001532        0.000967
  1995        25-29            0.000477        0.001711        0.001086
  1995        30-34            0.000616        0.001938        0.001264
  1995        35-39            0.001068        0.002378        0.001708
  1995        40-44            0.001569        0.003409        0.002464
  1995        45-49            0.002598        0.005250        0.003887
  1995        50-54            0.004074        0.007829        0.005889
  1995        55-59            0.006399        0.011881        0.009009
  1995        60-64            0.010770        0.019630        0.014893
  1995        65-69            0.015643        0.028130        0.021362
  1995        70-74            0.028210        0.046890        0.036440
  1995        75-79            0.044224        0.067087        0.053649
  1995        80-84            0.070919        0.107321        0.084379
  1995        85-89            0.118486        0.159681        0.132219
  1995        90-94            0.186913        0.230213        0.199445
  1995        95-99            0.258096        0.316518        0.272503
  1995       100-104           0.375204        0.302730        0.358918
  1995       105-109           0.370828        0.315333        0.356871
  1995       110+              0.288323        0.577478        0.384615
  1996           0             0.010705        0.012914        0.011835
  1996         1-4             0.000443        0.000594        0.000520
  1996         5-9             0.000196        0.000283        0.000240
  1996        10-14            0.000215        0.000376        0.000297
  1996        15-19            0.000332        0.000894        0.000616
  1996        20-24            0.000375        0.001621        0.001000
  1996        25-29            0.000455        0.001643        0.001043
  1996        30-34            0.000691        0.001950        0.001308
  1996        35-39            0.000935        0.002356        0.001630
  1996        40-44            0.001457        0.003247        0.002328
  1996        45-49            0.002490        0.004996        0.003709
  1996        50-54            0.004142        0.007847        0.005935
  1996        55-59            0.005904        0.011498        0.008572
  1996        60-64            0.009832        0.018723        0.013980
  1996        65-69            0.015680        0.028142        0.021375
  1996        70-74            0.026239        0.044835        0.034452
  1996        75-79            0.043359        0.068720        0.053843
  1996        80-84            0.071483        0.103446        0.083260
  1996        85-89            0.119270        0.156363        0.131674
  1996        90-94            0.182565        0.218214        0.192826
  1996        95-99            0.265324        0.288089        0.271001
  1996       100-104           0.307259        0.391695        0.325465
  1996       105-109           0.398142        0.199225        0.343923
  1996       110+              0.000000        0.000000        0.000000
  1997           0             0.009528        0.011381        0.010477
  1997         1-4             0.000483        0.000506        0.000495
  1997         5-9             0.000221        0.000341        0.000283
  1997        10-14            0.000257        0.000324        0.000291
  1997        15-19            0.000361        0.000733        0.000549
  1997        20-24            0.000396        0.001503        0.000952
  1997        25-29            0.000438        0.001687        0.001057
  1997        30-34            0.000614        0.002009        0.001298
  1997        35-39            0.000891        0.002270        0.001566
  1997        40-44            0.001455        0.003324        0.002365
  1997        45-49            0.002305        0.004532        0.003390
  1997        50-54            0.003902        0.007354        0.005576
  1997        55-59            0.006013        0.011032        0.008408
  1997        60-64            0.009100        0.016585        0.012604
  1997        65-69            0.015083        0.027279        0.020630
  1997        70-74            0.024544        0.041276        0.031967
  1997        75-79            0.040385        0.063695        0.050037
  1997        80-84            0.066559        0.104922        0.080671
  1997        85-89            0.116812        0.162908        0.132142
  1997        90-94            0.195592        0.241042        0.208720
  1997        95-99            0.284969        0.365329        0.304903
  1997       100-104           0.413089        0.493720        0.429465
  1997       105-109           0.496463        0.320616        0.447387
  1997       110+              0.506899        0.447094        0.490497
  1998           0             0.009868        0.012043        0.010980
  1998         1-4             0.000491        0.000626        0.000560
  1998         5-9             0.000206        0.000288        0.000248
  1998        10-14            0.000188        0.000281        0.000235
  1998        15-19            0.000315        0.000811        0.000566
  1998        20-24            0.000349        0.001368        0.000861
  1998        25-29            0.000413        0.001655        0.001030
  1998        30-34            0.000593        0.001911        0.001240
  1998        35-39            0.000895        0.002126        0.001498
  1998        40-44            0.001349        0.003059        0.002183
  1998        45-49            0.002323        0.004150        0.003215
  1998        50-54            0.003829        0.006861        0.005301
  1998        55-59            0.005847        0.011098        0.008358
  1998        60-64            0.009193        0.016305        0.012530
  1998        65-69            0.014507        0.026201        0.019832
  1998        70-74            0.024448        0.041103        0.031835
  1998        75-79            0.042541        0.064787        0.051799
  1998        80-84            0.069258        0.101472        0.081102
  1998        85-89            0.118590        0.164245        0.133586
  1998        90-94            0.199156        0.263640        0.217753
  1998        95-99            0.294561        0.318478        0.300467
  1998       100-104           0.430046        0.550379        0.453496
  1998       105-109           0.322901        0.410631        0.346262
  1998       110+              0.155440        0.000000        0.115562
  1999           0             0.009522        0.011627        0.010596
  1999         1-4             0.000442        0.000452        0.000447
  1999         5-9             0.000192        0.000256        0.000224
  1999        10-14            0.000154        0.000295        0.000226
  1999        15-19            0.000317        0.000754        0.000539
  1999        20-24            0.000412        0.001255        0.000835
  1999        25-29            0.000451        0.001601        0.001024
  1999        30-34            0.000594        0.001828        0.001201
  1999        35-39            0.000797        0.002106        0.001439
  1999        40-44            0.001391        0.002989        0.002171
  1999        45-49            0.002260        0.004247        0.003230
  1999        50-54            0.003680        0.006444        0.005023
  1999        55-59            0.005696        0.010668        0.008077
  1999        60-64            0.008338        0.015341        0.011631
  1999        65-69            0.014974        0.026218        0.020117
  1999        70-74            0.023483        0.039567        0.030601
  1999        75-79            0.041538        0.067237        0.052306
  1999        80-84            0.071826        0.105758        0.084320
  1999        85-89            0.122185        0.169501        0.137582
  1999        90-94            0.202869        0.256562        0.218224
  1999        95-99            0.324343        0.417610        0.347039
  1999       100-104           0.439052        0.569896        0.463102
  1999       105-109           0.360953        0.596337        0.412797
  1999       110+              0.134529        0.000000        0.094354
  2000           0             0.009084        0.010245        0.009677
  2000         1-4             0.000349        0.000525        0.000439
  2000         5-9             0.000192        0.000252        0.000222
  2000        10-14            0.000184        0.000253        0.000219
  2000        15-19            0.000308        0.000775        0.000545
  2000        20-24            0.000357        0.001286        0.000824
  2000        25-29            0.000407        0.001520        0.000962
  2000        30-34            0.000550        0.001730        0.001132
  2000        35-39            0.000819        0.002016        0.001406
  2000        40-44            0.001270        0.002834        0.002035
  2000        45-49            0.002080        0.004264        0.003144
  2000        50-54            0.003475        0.006291        0.004847
  2000        55-59            0.005393        0.009905        0.007557
  2000        60-64            0.008527        0.014768        0.011471
  2000        65-69            0.014160        0.024826        0.019054
  2000        70-74            0.021876        0.037808        0.028937
  2000        75-79            0.039630        0.061543        0.048855
  2000        80-84            0.061488        0.095951        0.074209
  2000        85-89            0.108545        0.154015        0.123246
  2000        90-94            0.190005        0.245159        0.205662
  2000        95-99            0.305815        0.367662        0.320371
  2000       100-104           0.498584        0.635272        0.522964
  2000       105-109           0.610565        0.202600        0.525855
  2000       110+              0.238190        0.000000        0.153061
  2001           0             0.008401        0.009845        0.009138
  2001         1-4             0.000436        0.000572        0.000505
  2001         5-9             0.000199        0.000241        0.000221
  2001        10-14            0.000201        0.000258        0.000230
  2001        15-19            0.000292        0.000824        0.000563
  2001        20-24            0.000353        0.001345        0.000852
  2001        25-29            0.000488        0.001527        0.001006
  2001        30-34            0.000588        0.001827        0.001200
  2001        35-39            0.000831        0.002144        0.001474
  2001        40-44            0.001336        0.002817        0.002060
  2001        45-49            0.002142        0.004167        0.003128
  2001        50-54            0.003454        0.006438        0.004908
  2001        55-59            0.005722        0.010306        0.007929
  2001        60-64            0.008590        0.015839        0.012013
  2001        65-69            0.014245        0.024988        0.019185
  2001        70-74            0.022099        0.038818        0.029515
  2001        75-79            0.038851        0.059511        0.047592
  2001        80-84            0.063775        0.096328        0.075846
  2001        85-89            0.109537        0.152863        0.123507
  2001        90-94            0.186678        0.218004        0.195579
  2001        95-99            0.274292        0.323486        0.285775
  2001       100-104           0.391350        0.485289        0.408168
  2001       105-109           0.430590        0.295130        0.401493
  2001       110+              0.630517        0.700662        0.655111
  2002           0             0.007515        0.009683        0.008621
  2002         1-4             0.000451        0.000511        0.000481
  2002         5-9             0.000169        0.000220        0.000195
  2002        10-14            0.000179        0.000319        0.000250
  2002        15-19            0.000270        0.000742        0.000511
  2002        20-24            0.000356        0.001287        0.000825
  2002        25-29            0.000418        0.001485        0.000949
  2002        30-34            0.000476        0.001619        0.001042
  2002        35-39            0.000738        0.002033        0.001373
  2002        40-44            0.001221        0.002755        0.001971
  2002        45-49            0.002113        0.004058        0.003061
  2002        50-54            0.003316        0.005948        0.004598
  2002        55-59            0.005418        0.009927        0.007598
  2002        60-64            0.008434        0.014857        0.011461
  2002        65-69            0.013489        0.023836        0.018261
  2002        70-74            0.022853        0.038579        0.029824
  2002        75-79            0.037451        0.057322        0.045881
  2002        80-84            0.060498        0.094468        0.073172
  2002        85-89            0.102353        0.144072        0.115834
  2002        90-94            0.163734        0.222954        0.180418
  2002        95-99            0.277956        0.328615        0.289917
  2002       100-104           0.401696        0.385733        0.398696
  2002       105-109           0.439205        0.457579        0.442294
  2002       110+              1.146132        0.000000        0.709639
  2003           0             0.007684        0.008937        0.008324
  2003         1-4             0.000397        0.000469        0.000434
  2003         5-9             0.000163        0.000224        0.000194
  2003        10-14            0.000162        0.000282        0.000223
  2003        15-19            0.000242        0.000689        0.000469
  2003        20-24            0.000343        0.001274        0.000813
  2003        25-29            0.000380        0.001415        0.000895
  2003        30-34            0.000525        0.001645        0.001080
  2003        35-39            0.000749        0.002039        0.001381
  2003        40-44            0.001229        0.002570        0.001885
  2003        45-49            0.002096        0.003997        0.003022
  2003        50-54            0.003336        0.005984        0.004625
  2003        55-59            0.005460        0.009980        0.007646
  2003        60-64            0.008678        0.015383        0.011838
  2003        65-69            0.012925        0.022991        0.017574
  2003        70-74            0.022336        0.038230        0.029391
  2003        75-79            0.036333        0.058565        0.045724
  2003        80-84            0.063140        0.094125        0.074784
  2003        85-89            0.102956        0.148544        0.117727
  2003        90-94            0.173267        0.218802        0.185886
  2003        95-99            0.279088        0.308324        0.286103
  2003       100-104           0.378530        0.448368        0.392351
  2003       105-109           0.492592        0.286260        0.464681
  2003       110+              0.580552        0.289017        0.434468
  2004           0             0.007753        0.009889        0.008843
  2004         1-4             0.000399        0.000450        0.000425
  2004         5-9             0.000142        0.000229        0.000186
  2004        10-14            0.000191        0.000258        0.000225
  2004        15-19            0.000295        0.000761        0.000532
  2004        20-24            0.000378        0.001197        0.000792
  2004        25-29            0.000464        0.001301        0.000881
  2004        30-34            0.000495        0.001649        0.001067
  2004        35-39            0.000809        0.001964        0.001376
  2004        40-44            0.001193        0.002684        0.001922
  2004        45-49            0.001994        0.003875        0.002909
  2004        50-54            0.003091        0.005927        0.004470
  2004        55-59            0.005006        0.009312        0.007086
  2004        60-64            0.008338        0.014767        0.011374
  2004        65-69            0.013020        0.022154        0.017239
  2004        70-74            0.022230        0.039302        0.029818
  2004        75-79            0.036427        0.057593        0.045340
  2004        80-84            0.062781        0.093002        0.074230
  2004        85-89            0.108190        0.151300        0.122183
  2004        90-94            0.178522        0.236406        0.194422
  2004        95-99            0.276593        0.344955        0.292862
  2004       100-104           0.405412        0.413359        0.407016
  2004       105-109           0.324928        0.536073        0.352713
  2004       110+              0.288323        0.724638        0.481670
  2005           0             0.007516        0.009161        0.008357
  2005         1-4             0.000333        0.000407        0.000371
  2005         5-9             0.000152        0.000212        0.000183
  2005        10-14            0.000170        0.000229        0.000200
  2005        15-19            0.000291        0.000768        0.000533
  2005        20-24            0.000296        0.001197        0.000752
  2005        25-29            0.000382        0.001313        0.000847
  2005        30-34            0.000531        0.001611        0.001066
  2005        35-39            0.000775        0.001963        0.001359
  2005        40-44            0.001176        0.002549        0.001846
  2005        45-49            0.001873        0.003659        0.002742
  2005        50-54            0.003076        0.005398        0.004201
  2005        55-59            0.004792        0.008893        0.006773
  2005        60-64            0.008077        0.014336        0.011038
  2005        65-69            0.012345        0.021903        0.016764
  2005        70-74            0.021557        0.037394        0.028592
  2005        75-79            0.035999        0.057231        0.044959
  2005        80-84            0.062294        0.091677        0.073508
  2005        85-89            0.105848        0.142620        0.117860
  2005        90-94            0.172115        0.228008        0.187348
  2005        95-99            0.263931        0.325619        0.278288
  2005       100-104           0.382564        0.452525        0.396556
  2005       105-109           0.441774        0.334681        0.423100
  2005       110+              0.582807        0.000000        0.353878
  2006           0             0.007296        0.008647        0.007987
  2006         1-4             0.000317        0.000438        0.000379
  2006         5-9             0.000149        0.000213        0.000182
  2006        10-14            0.000191        0.000253        0.000223
  2006        15-19            0.000270        0.000704        0.000490
  2006        20-24            0.000322        0.001148        0.000740
  2006        25-29            0.000393        0.001318        0.000856
  2006        30-34            0.000564        0.001566        0.001060
  2006        35-39            0.000744        0.001905        0.001315
  2006        40-44            0.001179        0.002624        0.001884
  2006        45-49            0.001964        0.003424        0.002674
  2006        50-54            0.002970        0.005458        0.004173
  2006        55-59            0.004767        0.008440        0.006539
  2006        60-64            0.007887        0.013801        0.010693
  2006        65-69            0.012588        0.021242        0.016587
  2006        70-74            0.020051        0.034829        0.026615
  2006        75-79            0.034803        0.054583        0.043159
  2006        80-84            0.059709        0.088461        0.070747
  2006        85-89            0.097193        0.139337        0.111089
  2006        90-94            0.166458        0.217015        0.180197
  2006        95-99            0.261299        0.317344        0.274195
  2006       100-104           0.400456        0.387711        0.397934
  2006       105-109           0.439833        0.365001        0.423551
  2006       110+              0.513699        0.406504        0.472193
  2007           0             0.007478        0.009614        0.008569
  2007         1-4             0.000318        0.000354        0.000336
  2007         5-9             0.000147        0.000206        0.000177
  2007        10-14            0.000164        0.000226        0.000196
  2007        15-19            0.000318        0.000701        0.000512
  2007        20-24            0.000362        0.001138        0.000754
  2007        25-29            0.000382        0.001401        0.000892
  2007        30-34            0.000534        0.001545        0.001035
  2007        35-39            0.000781        0.001971        0.001366
  2007        40-44            0.001176        0.002620        0.001880
  2007        45-49            0.001982        0.003776        0.002854
  2007        50-54            0.003072        0.005523        0.004258
  2007        55-59            0.005023        0.008656        0.006773
  2007        60-64            0.008055        0.014733        0.011231
  2007        65-69            0.012994        0.022718        0.017478
  2007        70-74            0.019987        0.034481        0.026441
  2007        75-79            0.036528        0.058564        0.045825
  2007        80-84            0.064711        0.095832        0.076736
  2007        85-89            0.108417        0.150096        0.122288
  2007        90-94            0.183060        0.237476        0.197870
  2007        95-99            0.286162        0.342111        0.298852
  2007       100-104           0.441378        0.431089        0.439305
  2007       105-109           0.407376        0.718641        0.469514
  2007       110+              0.429185        0.000000        0.271003
  2008           0             0.007550        0.008538        0.008054
  2008         1-4             0.000287        0.000372        0.000331
  2008         5-9             0.000159        0.000212        0.000186
  2008        10-14            0.000200        0.000226        0.000213
  2008        15-19            0.000332        0.000739        0.000539
  2008        20-24            0.000361        0.001238        0.000805
  2008        25-29            0.000430        0.001296        0.000864
  2008        30-34            0.000574        0.001645        0.001104
  2008        35-39            0.000766        0.001948        0.001348
  2008        40-44            0.001133        0.002591        0.001844
  2008        45-49            0.001734        0.003692        0.002685
  2008        50-54            0.003001        0.005695        0.004303
  2008        55-59            0.004682        0.008359        0.006451
  2008        60-64            0.007800        0.014083        0.010788
  2008        65-69            0.011877        0.021878        0.016490
  2008        70-74            0.019084        0.032644        0.025136
  2008        75-79            0.033547        0.053963        0.042163
  2008        80-84            0.061939        0.089024        0.072484
  2008        85-89            0.097845        0.135304        0.110446
  2008        90-94            0.166265        0.205478        0.177029
  2008        95-99            0.252876        0.305914        0.264712
  2008       100-104           0.378148        0.394551        0.381460
  2008       105-109           0.343900        0.250026        0.325779
  2008       110+              0.192555        0.000000        0.122050
  2009           0             0.007244        0.008859        0.008068
  2009         1-4             0.000310        0.000370        0.000340
  2009         5-9             0.000144        0.000181        0.000163
  2009        10-14            0.000144        0.000218        0.000182
  2009        15-19            0.000322        0.000741        0.000535
  2009        20-24            0.000362        0.001239        0.000805
  2009        25-29            0.000416        0.001380        0.000900
  2009        30-34            0.000544        0.001466        0.001001
  2009        35-39            0.000733        0.001846        0.001281
  2009        40-44            0.001131        0.002632        0.001863
  2009        45-49            0.001770        0.003742        0.002727
  2009        50-54            0.002938        0.005557        0.004203
  2009        55-59            0.004612        0.008408        0.006436
  2009        60-64            0.007530        0.013504        0.010369
  2009        65-69            0.011717        0.021272        0.016133
  2009        70-74            0.018074        0.031445        0.024045
  2009        75-79            0.032812        0.053553        0.041570
  2009        80-84            0.061399        0.089964        0.072616
  2009        85-89            0.101723        0.134279        0.112812
  2009        90-94            0.164386        0.210758        0.177275
  2009        95-99            0.246757        0.323629        0.263613
  2009       100-104           0.397327        0.480682        0.413678
  2009       105-109           0.456907        0.237173        0.408398
  2009       110+              0.162558        0.000000        0.109270
  2010           0             0.006726        0.008156        0.007454
  2010         1-4             0.000303        0.000353        0.000329
  2010         5-9             0.000136        0.000188        0.000163
  2010        10-14            0.000156        0.000213        0.000185
  2010        15-19            0.000302        0.000731        0.000520
  2010        20-24            0.000371        0.001132        0.000756
  2010        25-29            0.000422        0.001296        0.000861
  2010        30-34            0.000552        0.001425        0.000985
  2010        35-39            0.000735        0.001822        0.001271
  2010        40-44            0.001263        0.002612        0.001921
  2010        45-49            0.001826        0.003786        0.002776
  2010        50-54            0.002929        0.005448        0.004145
  2010        55-59            0.004498        0.008229        0.006286
  2010        60-64            0.007642        0.013388        0.010372
  2010        65-69            0.012032        0.020959        0.016167
  2010        70-74            0.019201        0.032525        0.025156
  2010        75-79            0.033814        0.056118        0.043225
  2010        80-84            0.066343        0.095638        0.077937
  2010        85-89            0.108185        0.148848        0.122158
  2010        90-94            0.178791        0.228690        0.192817
  2010        95-99            0.280735        0.375412        0.300987
  2010       100-104           0.376033        0.410051        0.382584
  2010       105-109           0.476320        0.341807        0.445808
  2010       110+              0.545827        0.000000        0.379207
  2011           0             0.007321        0.008087        0.007712
  2011         1-4             0.000272        0.000306        0.000289
  2011         5-9             0.000124        0.000151        0.000138
  2011        10-14            0.000162        0.000224        0.000194
  2011        15-19            0.000277        0.000687        0.000485
  2011        20-24            0.000345        0.001108        0.000731
  2011        25-29            0.000369        0.001185        0.000779
  2011        30-34            0.000492        0.001360        0.000923
  2011        35-39            0.000714        0.001821        0.001259
  2011        40-44            0.001051        0.002403        0.001711
  2011        45-49            0.001771        0.003420        0.002570
  2011        50-54            0.002795        0.005122        0.003917
  2011        55-59            0.004581        0.008087        0.006259
  2011        60-64            0.007242        0.012891        0.009924
  2011        65-69            0.011545        0.020025        0.015482
  2011        70-74            0.018548        0.030272        0.023788
  2011        75-79            0.031185        0.050598        0.039384
  2011        80-84            0.063089        0.090296        0.073887
  2011        85-89            0.100724        0.136900        0.113223
  2011        90-94            0.168123        0.216614        0.181916
  2011        95-99            0.246289        0.338181        0.265707
  2011       100-104           0.341954        0.464442        0.364499
  2011       105-109           0.423446        0.334635        0.403954
  2011       110+              0.323799        0.625000        0.401123
  2012           0             0.006933        0.007803        0.007377
  2012         1-4             0.000277        0.000324        0.000301
  2012         5-9             0.000139        0.000170        0.000155
  2012        10-14            0.000143        0.000213        0.000179
  2012        15-19            0.000276        0.000630        0.000456
  2012        20-24            0.000305        0.000912        0.000612
  2012        25-29            0.000361        0.001114        0.000739
  2012        30-34            0.000537        0.001346        0.000939
  2012        35-39            0.000701        0.001716        0.001201
  2012        40-44            0.001188        0.002374        0.001767
  2012        45-49            0.001664        0.003422        0.002516
  2012        50-54            0.002647        0.005215        0.003884
  2012        55-59            0.004422        0.007955        0.006113
  2012        60-64            0.007112        0.011672        0.009274
  2012        65-69            0.011762        0.020335        0.015750
  2012        70-74            0.018867        0.031110        0.024338
  2012        75-79            0.031771        0.050502        0.039712
  2012        80-84            0.063232        0.090406        0.074004
  2012        85-89            0.108344        0.141687        0.119983
  2012        90-94            0.173268        0.217286        0.185940
  2012        95-99            0.276282        0.315399        0.284751
  2012       100-104           0.388320        0.450372        0.398824
  2012       105-109           0.503374        0.618655        0.525315
  2012       110+              0.269542        0.000000        0.196980
  2013           0             0.006222        0.007847        0.007050
  2013         1-4             0.000270        0.000309        0.000290
  2013         5-9             0.000127        0.000164        0.000146
  2013        10-14            0.000174        0.000214        0.000194
  2013        15-19            0.000299        0.000633        0.000469
  2013        20-24            0.000289        0.000965        0.000631
  2013        25-29            0.000413        0.001067        0.000742
  2013        30-34            0.000490        0.001322        0.000903
  2013        35-39            0.000697        0.001696        0.001189
  2013        40-44            0.001138        0.002404        0.001757
  2013        45-49            0.001779        0.003561        0.002642
  2013        50-54            0.002770        0.005241        0.003960
  2013        55-59            0.004277        0.007823        0.005974
  2013        60-64            0.006856        0.012511        0.009534
  2013        65-69            0.011286        0.019751        0.015225
  2013        70-74            0.018332        0.031042        0.024019
  2013        75-79            0.030039        0.048201        0.037763
  2013        80-84            0.058481        0.087198        0.069847
  2013        85-89            0.105893        0.141250        0.118367
  2013        90-94            0.174178        0.209384        0.184470
  2013        95-99            0.273163        0.300832        0.279417
  2013       100-104           0.400170        0.503901        0.416763
  2013       105-109           0.498883        0.566038        0.508407
  2013       110+              0.399268        0.369004        0.388643
  2014           0             0.007095        0.007856        0.007483
  2014         1-4             0.000257        0.000322        0.000290
  2014         5-9             0.000122        0.000161        0.000142
  2014        10-14            0.000145        0.000197        0.000172
  2014        15-19            0.000243        0.000635        0.000442
  2014        20-24            0.000326        0.000989        0.000662
  2014        25-29            0.000364        0.001162        0.000765
  2014        30-34            0.000480        0.001357        0.000916
  2014        35-39            0.000729        0.001632        0.001174
  2014        40-44            0.001062        0.002330        0.001682
  2014        45-49            0.001674        0.003428        0.002524
  2014        50-54            0.002565        0.005022        0.003746
  2014        55-59            0.004243        0.007758        0.005923
  2014        60-64            0.006753        0.011952        0.009212
  2014        65-69            0.011035        0.019910        0.015163
  2014        70-74            0.018066        0.030508        0.023649
  2014        75-79            0.029886        0.047154        0.037245
  2014        80-84            0.056430        0.083233        0.067025
  2014        85-89            0.111979        0.143788        0.123313
  2014        90-94            0.174262        0.216725        0.186871
  2014        95-99            0.270304        0.336148        0.285539
  2014       100-104           0.403185        0.441141        0.409241
  2014       105-109           0.489589        0.435008        0.482639
  2014       110+              0.000000        0.420168        0.143421
  2015           0             0.006029        0.007587        0.006823
  2015         1-4             0.000268        0.000259        0.000264
  2015         5-9             0.000151        0.000156        0.000154
  2015        10-14            0.000168        0.000183        0.000175
  2015        15-19            0.000274        0.000688        0.000485
  2015        20-24            0.000300        0.000910        0.000609
  2015        25-29            0.000383        0.001159        0.000773
  2015        30-34            0.000457        0.001301        0.000877
  2015        35-39            0.000812        0.001643        0.001222
  2015        40-44            0.001124        0.002278        0.001688
  2015        45-49            0.001776        0.003334        0.002531
  2015        50-54            0.002643        0.005142        0.003844
  2015        55-59            0.004233        0.007678        0.005878
  2015        60-64            0.006536        0.012038        0.009134
  2015        65-69            0.010829        0.019043        0.014646
  2015        70-74            0.017123        0.029831        0.022842
  2015        75-79            0.028981        0.046546        0.036477
  2015        80-84            0.052388        0.078041        0.062516
  2015        85-89            0.114292        0.148660        0.126659
  2015        90-94            0.178906        0.214870        0.189714
  2015        95-99            0.270822        0.299127        0.277528
  2015       100-104           0.380141        0.493371        0.398223
  2015       105-109           0.396659        0.514183        0.411842
  2015       110+              0.286351        0.000000        0.201117
  2016           0             0.006481        0.007472        0.006986
  2016         1-4             0.000267        0.000253        0.000260
  2016         5-9             0.000131        0.000143        0.000137
  2016        10-14            0.000163        0.000175        0.000169
  2016        15-19            0.000293        0.000600        0.000450
  2016        20-24            0.000349        0.000940        0.000648
  2016        25-29            0.000327        0.001095        0.000713
  2016        30-34            0.000487        0.001329        0.000907
  2016        35-39            0.000677        0.001734        0.001198
  2016        40-44            0.001065        0.002369        0.001703
  2016        45-49            0.001668        0.003162        0.002392
  2016        50-54            0.002615        0.004901        0.003714
  2016        55-59            0.004058        0.007157        0.005537
  2016        60-64            0.006492        0.011418        0.008816
  2016        65-69            0.010414        0.018336        0.014093
  2016        70-74            0.017267        0.028126        0.022164
  2016        75-79            0.028412        0.045494        0.035712
  2016        80-84            0.049737        0.074081        0.059364
  2016        85-89            0.111631        0.147011        0.124417
  2016        90-94            0.183454        0.222163        0.195220
  2016        95-99            0.266720        0.337479        0.283896
  2016       100-104           0.403562        0.456114        0.412016
  2016       105-109           0.498989        0.369942        0.482170
  2016       110+              0.666667        0.000000        0.439147
  2017           0             0.006607        0.007501        0.007062
  2017         1-4             0.000224        0.000246        0.000235
  2017         5-9             0.000120        0.000116        0.000118
  2017        10-14            0.000149        0.000157        0.000153
  2017        15-19            0.000261        0.000607        0.000437
  2017        20-24            0.000322        0.000939        0.000635
  2017        25-29            0.000344        0.001077        0.000714
  2017        30-34            0.000510        0.001272        0.000890
  2017        35-39            0.000663        0.001567        0.001109
  2017        40-44            0.001055        0.002211        0.001621
  2017        45-49            0.001662        0.003118        0.002368
  2017        50-54            0.002529        0.004700        0.003574
  2017        55-59            0.003848        0.007358        0.005521
  2017        60-64            0.006199        0.011032        0.008480
  2017        65-69            0.010184        0.017299        0.013488
  2017        70-74            0.016679        0.027788        0.021697
  2017        75-79            0.027394        0.044950        0.034911
  2017        80-84            0.048837        0.073612        0.058680
  2017        85-89            0.110781        0.144172        0.122852
  2017        90-94            0.198161        0.239538        0.210915
  2017        95-99            0.299100        0.345142        0.310416
  2017       100-104           0.425273        0.514637        0.440431
  2017       105-109           0.432598        0.796601        0.473135
  2017       110+              0.269784        0.170503        0.235502
  2018           0             0.006187        0.007266        0.006737
  2018         1-4             0.000232        0.000321        0.000277
  2018         5-9             0.000123        0.000102        0.000112
  2018        10-14            0.000142        0.000163        0.000153
  2018        15-19            0.000238        0.000565        0.000405
  2018        20-24            0.000325        0.000938        0.000636
  2018        25-29            0.000406        0.001147        0.000780
  2018        30-34            0.000469        0.001335        0.000902
  2018        35-39            0.000694        0.001636        0.001160
  2018        40-44            0.001105        0.002100        0.001592
  2018        45-49            0.001588        0.003088        0.002316
  2018        50-54            0.002380        0.004658        0.003476
  2018        55-59            0.003918        0.006924        0.005350
  2018        60-64            0.006236        0.010707        0.008348
  2018        65-69            0.010030        0.016900        0.013220
  2018        70-74            0.016019        0.027470        0.021197
  2018        75-79            0.026586        0.042443        0.033396
  2018        80-84            0.048007        0.071474        0.057368
  2018        85-89            0.100459        0.135178        0.113006
  2018        90-94            0.199471        0.247426        0.214410
  2018        95-99            0.304985        0.347343        0.315546
  2018       100-104           0.417757        0.469071        0.426937
  2018       105-109           0.513457        0.685479        0.528185
  2018       110+              0.280735        0.187970        0.255515
  2019           0             0.005643        0.006952        0.006311
  2019         1-4             0.000240        0.000324        0.000282
  2019         5-9             0.000125        0.000159        0.000142
  2019        10-14            0.000137        0.000178        0.000158
  2019        15-19            0.000278        0.000629        0.000457
  2019        20-24            0.000363        0.000949        0.000661
  2019        25-29            0.000383        0.001195        0.000793
  2019        30-34            0.000497        0.001329        0.000913
  2019        35-39            0.000777        0.001630        0.001199
  2019        40-44            0.001084        0.002115        0.001589
  2019        45-49            0.001574        0.003135        0.002333
  2019        50-54            0.002449        0.004707        0.003536
  2019        55-59            0.003832        0.006870        0.005280
  2019        60-64            0.006115        0.010963        0.008406
  2019        65-69            0.010010        0.016830        0.013177
  2019        70-74            0.016225        0.027054        0.021125
  2019        75-79            0.026790        0.042517        0.033574
  2019        80-84            0.046609        0.069405        0.055734
  2019        85-89            0.093698        0.123124        0.104342
  2019        90-94            0.213937        0.272928        0.232342
  2019        95-99            0.323985        0.370338        0.335669
  2019       100-104           0.442718        0.585285        0.468516
  2019       105-109           0.470469        0.417786        0.465397
  2019       110+              0.216822        0.000000        0.168256
  2020           0             0.004764        0.006116        0.005455
  2020         1-4             0.000207        0.000275        0.000242
  2020         5-9             0.000085        0.000130        0.000108
  2020        10-14            0.000124        0.000145        0.000135
  2020        15-19            0.000274        0.000553        0.000416
  2020        20-24            0.000369        0.001023        0.000702
  2020        25-29            0.000408        0.001201        0.000808
  2020        30-34            0.000557        0.001422        0.000991
  2020        35-39            0.000754        0.001818        0.001282
  2020        40-44            0.001249        0.002401        0.001814
  2020        45-49            0.001783        0.003513        0.002625
  2020        50-54            0.002729        0.005499        0.004064
  2020        55-59            0.004324        0.008152        0.006149
  2020        60-64            0.007110        0.013005        0.009894
  2020        65-69            0.011264        0.020264        0.015442
  2020        70-74            0.018107        0.031644        0.024230
  2020        75-79            0.029306        0.048887        0.037783
  2020        80-84            0.052111        0.080049        0.063314
  2020        85-89            0.093784        0.131007        0.107236
  2020        90-94            0.248403        0.315563        0.269251
  2020        95-99            0.371141        0.438608        0.388130
  2020       100-104           0.491157        0.579387        0.506977
  2020       105-109           0.598919        0.792602        0.618894
  2020       110+              0.641140        0.932401        0.695451
