Israel, Total Population, Death rates (period 5x1), 	Last modified: 31 Oct 2018;  Methods Protocol: v6 (2017)

  Year          Age             Female            Male           Total
  1983           0             0.013365        0.014713        0.014059
  1983         1-4             0.000640        0.000631        0.000635
  1983         5-9             0.000228        0.000263        0.000246
  1983        10-14            0.000200        0.000309        0.000256
  1983        15-19            0.000279        0.000758        0.000528
  1983        20-24            0.000304        0.001088        0.000704
  1983        25-29            0.000434        0.000927        0.000680
  1983        30-34            0.000594        0.001064        0.000828
  1983        35-39            0.000808        0.001396        0.001098
  1983        40-44            0.001344        0.002100        0.001716
  1983        45-49            0.002000        0.003762        0.002857
  1983        50-54            0.003994        0.006595        0.005231
  1983        55-59            0.006528        0.011518        0.008787
  1983        60-64            0.011356        0.016774        0.013933
  1983        65-69            0.020861        0.027543        0.023919
  1983        70-74            0.033596        0.044799        0.038915
  1983        75-79            0.061970        0.070966        0.066366
  1983        80-84            0.092874        0.104815        0.098250
  1983        85-89            0.153445        0.150035        0.151927
  1983        90-94            0.222470        0.223595        0.222958
  1983        95-99            0.333764        0.317281        0.326569
  1983       100-104           0.483365        0.458653        0.472515
  1983       105-109           1.068182        1.186047        1.114679
  1983       110+                    .              .              .
  1984           0             0.012592        0.013011        0.012808
  1984         1-4             0.000745        0.000740        0.000743
  1984         5-9             0.000257        0.000295        0.000276
  1984        10-14            0.000209        0.000295        0.000253
  1984        15-19            0.000334        0.000724        0.000536
  1984        20-24            0.000332        0.001065        0.000709
  1984        25-29            0.000372        0.000873        0.000623
  1984        30-34            0.000530        0.000979        0.000754
  1984        35-39            0.000748        0.001278        0.001009
  1984        40-44            0.001373        0.001881        0.001623
  1984        45-49            0.002359        0.003950        0.003135
  1984        50-54            0.003808        0.006673        0.005178
  1984        55-59            0.006549        0.011189        0.008661
  1984        60-64            0.011033        0.017069        0.013874
  1984        65-69            0.019272        0.026327        0.022501
  1984        70-74            0.032091        0.044951        0.038105
  1984        75-79            0.057542        0.071914        0.064495
  1984        80-84            0.089645        0.103982        0.096140
  1984        85-89            0.142067        0.149313        0.145267
  1984        90-94            0.222100        0.215235        0.219077
  1984        95-99            0.293357        0.286135        0.290230
  1984       100-104           0.378672        0.393880        0.385348
  1984       105-109           0.557721        0.762115        0.640500
  1984       110+                    .              .              .
  1985           0             0.011106        0.012929        0.012044
  1985         1-4             0.000584        0.000540        0.000561
  1985         5-9             0.000205        0.000312        0.000260
  1985        10-14            0.000189        0.000251        0.000221
  1985        15-19            0.000292        0.000763        0.000534
  1985        20-24            0.000371        0.000957        0.000673
  1985        25-29            0.000419        0.000861        0.000641
  1985        30-34            0.000492        0.000979        0.000735
  1985        35-39            0.000848        0.001122        0.000983
  1985        40-44            0.001354        0.002050        0.001697
  1985        45-49            0.001932        0.003618        0.002756
  1985        50-54            0.003609        0.006039        0.004776
  1985        55-59            0.006732        0.011113        0.008746
  1985        60-64            0.010542        0.016965        0.013516
  1985        65-69            0.020130        0.024903        0.022336
  1985        70-74            0.030968        0.042333        0.036200
  1985        75-79            0.059333        0.069139        0.064028
  1985        80-84            0.081437        0.099494        0.089678
  1985        85-89            0.143706        0.157485        0.149711
  1985        90-94            0.224163        0.237647        0.230138
  1985        95-99            0.359335        0.343972        0.352687
  1985       100-104           0.553292        0.519617        0.538416
  1985       105-109           1.242586        1.129897        1.195900
  1985       110+                    .              .              .
  1986           0             0.010933        0.012483        0.011727
  1986         1-4             0.000490        0.000563        0.000527
  1986         5-9             0.000188        0.000254        0.000222
  1986        10-14            0.000143        0.000206        0.000175
  1986        15-19            0.000320        0.000567        0.000447
  1986        20-24            0.000371        0.000878        0.000633
  1986        25-29            0.000445        0.000774        0.000610
  1986        30-34            0.000475        0.000859        0.000666
  1986        35-39            0.000821        0.001285        0.001050
  1986        40-44            0.001345        0.002009        0.001672
  1986        45-49            0.002080        0.003909        0.002975
  1986        50-54            0.003951        0.006273        0.005070
  1986        55-59            0.006312        0.011255        0.008613
  1986        60-64            0.010958        0.018175        0.014228
  1986        65-69            0.019859        0.027000        0.023205
  1986        70-74            0.033386        0.043604        0.038008
  1986        75-79            0.059567        0.071771        0.065378
  1986        80-84            0.085600        0.105595        0.094770
  1986        85-89            0.144169        0.161313        0.151586
  1986        90-94            0.216062        0.215709        0.215906
  1986        95-99            0.339235        0.353799        0.345621
  1986       100-104           0.491541        0.536916        0.511616
  1986       105-109           0.896475        1.264730        1.044786
  1986       110+                    .              .              .
  1987           0             0.009761        0.012439        0.011130
  1987         1-4             0.000493        0.000561        0.000528
  1987         5-9             0.000211        0.000305        0.000259
  1987        10-14            0.000189        0.000274        0.000233
  1987        15-19            0.000304        0.000712        0.000513
  1987        20-24            0.000340        0.000825        0.000590
  1987        25-29            0.000279        0.000944        0.000613
  1987        30-34            0.000569        0.000959        0.000763
  1987        35-39            0.000664        0.001189        0.000924
  1987        40-44            0.001093        0.001869        0.001476
  1987        45-49            0.002033        0.003290        0.002650
  1987        50-54            0.004058        0.006428        0.005203
  1987        55-59            0.006698        0.010290        0.008383
  1987        60-64            0.010715        0.018225        0.014061
  1987        65-69            0.018819        0.026536        0.022457
  1987        70-74            0.031407        0.042494        0.036374
  1987        75-79            0.057806        0.069835        0.063460
  1987        80-84            0.081343        0.100041        0.089912
  1987        85-89            0.138383        0.155104        0.145585
  1987        90-94            0.208793        0.207552        0.208247
  1987        95-99            0.330900        0.341793        0.335650
  1987       100-104           0.480222        0.475383        0.478098
  1987       105-109           0.826580        0.963100        0.877002
  1987       110+                    .              .              .
  1988           0             0.009876        0.010459        0.010175
  1988         1-4             0.000468        0.000528        0.000499
  1988         5-9             0.000208        0.000289        0.000250
  1988        10-14            0.000147        0.000245        0.000197
  1988        15-19            0.000269        0.000723        0.000501
  1988        20-24            0.000316        0.000863        0.000598
  1988        25-29            0.000365        0.000878        0.000623
  1988        30-34            0.000535        0.001258        0.000894
  1988        35-39            0.000765        0.001388        0.001074
  1988        40-44            0.001330        0.001916        0.001619
  1988        45-49            0.002146        0.003637        0.002877
  1988        50-54            0.003253        0.005637        0.004408
  1988        55-59            0.006173        0.010497        0.008211
  1988        60-64            0.010265        0.016437        0.013011
  1988        65-69            0.017392        0.026455        0.021643
  1988        70-74            0.032844        0.042338        0.037104
  1988        75-79            0.055168        0.064950        0.059682
  1988        80-84            0.080882        0.097739        0.088544
  1988        85-89            0.132805        0.147340        0.139056
  1988        90-94            0.180183        0.211328        0.193692
  1988        95-99            0.338917        0.369798        0.352221
  1988       100-104           0.575352        0.598584        0.585521
  1988       105-109           1.595745        1.752577        1.655716
  1988       110+                    .              .              .
  1989           0             0.009683        0.010552        0.010129
  1989         1-4             0.000459        0.000527        0.000494
  1989         5-9             0.000201        0.000239        0.000220
  1989        10-14            0.000168        0.000185        0.000177
  1989        15-19            0.000270        0.000687        0.000484
  1989        20-24            0.000382        0.000776        0.000584
  1989        25-29            0.000436        0.000903        0.000672
  1989        30-34            0.000577        0.000973        0.000774
  1989        35-39            0.000658        0.001065        0.000861
  1989        40-44            0.001340        0.001887        0.001609
  1989        45-49            0.001878        0.003042        0.002450
  1989        50-54            0.003109        0.005591        0.004314
  1989        55-59            0.006416        0.009711        0.007977
  1989        60-64            0.009854        0.015689        0.012470
  1989        65-69            0.016361        0.024602        0.020185
  1989        70-74            0.031298        0.039935        0.035184
  1989        75-79            0.051062        0.063447        0.056695
  1989        80-84            0.072908        0.095568        0.083049
  1989        85-89            0.122078        0.144663        0.131819
  1989        90-94            0.185711        0.199483        0.191533
  1989        95-99            0.321061        0.318081        0.319774
  1989       100-104           0.495467        0.454787        0.477985
  1989       105-109           1.262821        1.014451        1.157248
  1989       110+                    .              .              .
  1990           0             0.009285        0.010741        0.010031
  1990         1-4             0.000510        0.000479        0.000494
  1990         5-9             0.000227        0.000191        0.000209
  1990        10-14            0.000153        0.000145        0.000149
  1990        15-19            0.000231        0.000663        0.000452
  1990        20-24            0.000316        0.000821        0.000573
  1990        25-29            0.000386        0.000795        0.000592
  1990        30-34            0.000462        0.000996        0.000726
  1990        35-39            0.000808        0.001077        0.000941
  1990        40-44            0.001337        0.001757        0.001544
  1990        45-49            0.002092        0.002741        0.002412
  1990        50-54            0.003364        0.004665        0.003995
  1990        55-59            0.005620        0.009040        0.007250
  1990        60-64            0.009746        0.015383        0.012298
  1990        65-69            0.016099        0.025034        0.020179
  1990        70-74            0.029555        0.037207        0.033034
  1990        75-79            0.046723        0.059610        0.052494
  1990        80-84            0.068383        0.090958        0.078331
  1990        85-89            0.116866        0.132337        0.123573
  1990        90-94            0.194028        0.208717        0.200122
  1990        95-99            0.290093        0.336543        0.310045
  1990       100-104           0.435635        0.545854        0.481543
  1990       105-109           1.093686        1.596017        1.303264
  1990       110+                    .              .              .
  1991           0             0.008521        0.009969        0.009262
  1991         1-4             0.000440        0.000498        0.000469
  1991         5-9             0.000229        0.000199        0.000213
  1991        10-14            0.000159        0.000246        0.000204
  1991        15-19            0.000268        0.000521        0.000397
  1991        20-24            0.000301        0.000888        0.000596
  1991        25-29            0.000338        0.000794        0.000566
  1991        30-34            0.000511        0.000830        0.000668
  1991        35-39            0.000760        0.001166        0.000960
  1991        40-44            0.001295        0.001722        0.001507
  1991        45-49            0.001920        0.002783        0.002347
  1991        50-54            0.003214        0.005309        0.004231
  1991        55-59            0.005558        0.009142        0.007270
  1991        60-64            0.010298        0.014979        0.012442
  1991        65-69            0.016356        0.025268        0.020356
  1991        70-74            0.029367        0.036321        0.032573
  1991        75-79            0.050508        0.065496        0.057084
  1991        80-84            0.072078        0.091544        0.080557
  1991        85-89            0.120086        0.144102        0.130531
  1991        90-94            0.196118        0.212722        0.202962
  1991        95-99            0.322489        0.331161        0.326172
  1991       100-104           0.508494        0.518773        0.512696
  1991       105-109           1.326693        1.150568        1.254098
  1991       110+                    .              .              .
  1992           0             0.009298        0.009878        0.009595
  1992         1-4             0.000440        0.000399        0.000419
  1992         5-9             0.000183        0.000194        0.000188
  1992        10-14            0.000122        0.000229        0.000178
  1992        15-19            0.000224        0.000626        0.000430
  1992        20-24            0.000356        0.000912        0.000634
  1992        25-29            0.000292        0.000829        0.000559
  1992        30-34            0.000523        0.000935        0.000727
  1992        35-39            0.000653        0.001151        0.000897
  1992        40-44            0.001148        0.001708        0.001426
  1992        45-49            0.001911        0.003174        0.002536
  1992        50-54            0.003232        0.005196        0.004186
  1992        55-59            0.005752        0.009182        0.007394
  1992        60-64            0.010171        0.015955        0.012837
  1992        65-69            0.016628        0.024892        0.020293
  1992        70-74            0.028490        0.038937        0.033331
  1992        75-79            0.049570        0.062770        0.055300
  1992        80-84            0.077272        0.096389        0.085482
  1992        85-89            0.125180        0.151813        0.136716
  1992        90-94            0.204479        0.219113        0.210482
  1992        95-99            0.308046        0.372958        0.335155
  1992       100-104           0.455900        0.606690        0.515178
  1992       105-109           1.077643        1.794020        1.335727
  1992       110+                    .              .              .
  1993           0             0.007253        0.008417        0.007851
  1993         1-4             0.000486        0.000510        0.000499
  1993         5-9             0.000160        0.000243        0.000203
  1993        10-14            0.000145        0.000186        0.000166
  1993        15-19            0.000212        0.000595        0.000409
  1993        20-24            0.000250        0.000946        0.000599
  1993        25-29            0.000331        0.000828        0.000577
  1993        30-34            0.000530        0.000931        0.000728
  1993        35-39            0.000653        0.001258        0.000949
  1993        40-44            0.001136        0.001770        0.001450
  1993        45-49            0.001900        0.002759        0.002325
  1993        50-54            0.002838        0.004844        0.003813
  1993        55-59            0.005280        0.008772        0.006954
  1993        60-64            0.009624        0.015084        0.012151
  1993        65-69            0.015597        0.023536        0.019114
  1993        70-74            0.027053        0.036011        0.031174
  1993        75-79            0.048915        0.059600        0.053561
  1993        80-84            0.074786        0.092718        0.082357
  1993        85-89            0.119629        0.151664        0.133290
  1993        90-94            0.192343        0.203692        0.196977
  1993        95-99            0.318820        0.378286        0.342919
  1993       100-104           0.480056        0.613205        0.529025
  1993       105-109           1.016092        2.200528        1.282660
  1993       110+                    .              .              .
  1994           0             0.007310        0.007935        0.007631
  1994         1-4             0.000338        0.000349        0.000344
  1994         5-9             0.000162        0.000190        0.000176
  1994        10-14            0.000125        0.000125        0.000125
  1994        15-19            0.000222        0.000577        0.000405
  1994        20-24            0.000310        0.000999        0.000655
  1994        25-29            0.000365        0.000907        0.000632
  1994        30-34            0.000418        0.000941        0.000676
  1994        35-39            0.000557        0.001224        0.000883
  1994        40-44            0.001114        0.001901        0.001502
  1994        45-49            0.001894        0.002888        0.002384
  1994        50-54            0.002981        0.004782        0.003859
  1994        55-59            0.005317        0.008541        0.006858
  1994        60-64            0.009160        0.014247        0.011529
  1994        65-69            0.015380        0.022306        0.018473
  1994        70-74            0.026345        0.036706        0.031050
  1994        75-79            0.045797        0.058606        0.051376
  1994        80-84            0.074392        0.095151        0.083013
  1994        85-89            0.115177        0.146509        0.128262
  1994        90-94            0.193789        0.205565        0.198598
  1994        95-99            0.279805        0.318434        0.295002
  1994       100-104           0.405166        0.465684        0.427033
  1994       105-109           0.670372        1.377358        0.776571
  1994       110+                    .              .              .
  1995           0             0.006168        0.007499        0.006851
  1995         1-4             0.000387        0.000424        0.000406
  1995         5-9             0.000154        0.000148        0.000151
  1995        10-14            0.000102        0.000234        0.000170
  1995        15-19            0.000288        0.000637        0.000468
  1995        20-24            0.000311        0.000973        0.000646
  1995        25-29            0.000293        0.000836        0.000562
  1995        30-34            0.000417        0.001082        0.000745
  1995        35-39            0.000689        0.001305        0.000989
  1995        40-44            0.001193        0.001656        0.001420
  1995        45-49            0.001646        0.002969        0.002293
  1995        50-54            0.002431        0.004910        0.003642
  1995        55-59            0.005223        0.008334        0.006703
  1995        60-64            0.008854        0.014433        0.011434
  1995        65-69            0.015084        0.023370        0.018768
  1995        70-74            0.026030        0.035632        0.030254
  1995        75-79            0.046821        0.059251        0.052267
  1995        80-84            0.076458        0.093706        0.083511
  1995        85-89            0.127366        0.151709        0.137404
  1995        90-94            0.192895        0.208160        0.199110
  1995        95-99            0.342032        0.315999        0.331837
  1995       100-104           0.564113        0.503260        0.541267
  1995       105-109           1.191679        1.740659        1.292643
  1995       110+                    .              .              .
  1996           0             0.006073        0.006704        0.006397
  1996         1-4             0.000361        0.000411        0.000387
  1996         5-9             0.000090        0.000185        0.000139
  1996        10-14            0.000104        0.000226        0.000166
  1996        15-19            0.000233        0.000530        0.000385
  1996        20-24            0.000278        0.000964        0.000627
  1996        25-29            0.000323        0.000820        0.000572
  1996        30-34            0.000489        0.000978        0.000731
  1996        35-39            0.000646        0.001311        0.000971
  1996        40-44            0.001076        0.001699        0.001379
  1996        45-49            0.001717        0.002817        0.002252
  1996        50-54            0.002721        0.004321        0.003502
  1996        55-59            0.004861        0.008202        0.006445
  1996        60-64            0.008433        0.013694        0.010846
  1996        65-69            0.013885        0.021773        0.017382
  1996        70-74            0.023724        0.033317        0.027802
  1996        75-79            0.043375        0.056297        0.049087
  1996        80-84            0.075051        0.089062        0.080718
  1996        85-89            0.117292        0.148381        0.129992
  1996        90-94            0.177933        0.199333        0.186607
  1996        95-99            0.289254        0.284247        0.287263
  1996       100-104           0.478562        0.350295        0.426385
  1996       105-109           1.053173        0.655462        0.952218
  1996       110+                    .              .              .
  1997           0             0.006398        0.006611        0.006508
  1997         1-4             0.000337        0.000444        0.000392
  1997         5-9             0.000147        0.000221        0.000185
  1997        10-14            0.000140        0.000215        0.000178
  1997        15-19            0.000234        0.000582        0.000412
  1997        20-24            0.000277        0.001320        0.000808
  1997        25-29            0.000266        0.000959        0.000613
  1997        30-34            0.000505        0.000994        0.000748
  1997        35-39            0.000643        0.001317        0.000972
  1997        40-44            0.001046        0.001817        0.001421
  1997        45-49            0.001830        0.002508        0.002160
  1997        50-54            0.002659        0.004517        0.003565
  1997        55-59            0.004459        0.007706        0.006001
  1997        60-64            0.008317        0.013214        0.010571
  1997        65-69            0.014879        0.022491        0.018279
  1997        70-74            0.023359        0.034869        0.028194
  1997        75-79            0.042042        0.055159        0.047830
  1997        80-84            0.071794        0.092755        0.080230
  1997        85-89            0.121087        0.146262        0.131214
  1997        90-94            0.180674        0.205889        0.190831
  1997        95-99            0.322151        0.310600        0.317546
  1997       100-104           0.527790        0.467676        0.502091
  1997       105-109           1.273657        1.681579        1.407057
  1997       110+                    .              .              .
  1998           0             0.005306        0.006760        0.006053
  1998         1-4             0.000266        0.000467        0.000369
  1998         5-9             0.000130        0.000179        0.000155
  1998        10-14            0.000090        0.000177        0.000135
  1998        15-19            0.000222        0.000570        0.000401
  1998        20-24            0.000199        0.000882        0.000546
  1998        25-29            0.000311        0.000812        0.000562
  1998        30-34            0.000437        0.000940        0.000687
  1998        35-39            0.000651        0.001356        0.000996
  1998        40-44            0.000975        0.001901        0.001426
  1998        45-49            0.001678        0.002775        0.002211
  1998        50-54            0.002765        0.004770        0.003740
  1998        55-59            0.004323        0.008147        0.006144
  1998        60-64            0.008074        0.013373        0.010522
  1998        65-69            0.013463        0.022601        0.017560
  1998        70-74            0.023202        0.034171        0.027810
  1998        75-79            0.039928        0.054488        0.046241
  1998        80-84            0.073231        0.090055        0.080013
  1998        85-89            0.124593        0.145390        0.132817
  1998        90-94            0.196550        0.216377        0.204403
  1998        95-99            0.347190        0.279559        0.319945
  1998       100-104           0.517513        0.355245        0.444947
  1998       105-109           1.348768        0.841285        1.128487
  1998       110+                    .              .              .
  1999           0             0.005614        0.006217        0.005924
  1999         1-4             0.000313        0.000396        0.000355
  1999         5-9             0.000128        0.000145        0.000137
  1999        10-14            0.000126        0.000236        0.000182
  1999        15-19            0.000156        0.000449        0.000306
  1999        20-24            0.000222        0.000770        0.000500
  1999        25-29            0.000251        0.000836        0.000545
  1999        30-34            0.000534        0.000914        0.000723
  1999        35-39            0.000631        0.001200        0.000911
  1999        40-44            0.000976        0.001909        0.001430
  1999        45-49            0.001655        0.002841        0.002231
  1999        50-54            0.003001        0.004554        0.003754
  1999        55-59            0.004218        0.007287        0.005686
  1999        60-64            0.007255        0.012436        0.009654
  1999        65-69            0.013429        0.021558        0.017096
  1999        70-74            0.022967        0.034435        0.027818
  1999        75-79            0.038979        0.052116        0.044561
  1999        80-84            0.072977        0.085740        0.078170
  1999        85-89            0.121685        0.148876        0.132264
  1999        90-94            0.198346        0.217386        0.205725
  1999        95-99            0.298359        0.305498        0.301246
  1999       100-104           0.378531        0.368670        0.374077
  1999       105-109           0.849593        0.738832        0.789572
  1999       110+                    .              .              .
  2000           0             0.004722        0.006294        0.005531
  2000         1-4             0.000301        0.000335        0.000318
  2000         5-9             0.000123        0.000163        0.000143
  2000        10-14            0.000124        0.000156        0.000140
  2000        15-19            0.000220        0.000655        0.000443
  2000        20-24            0.000230        0.000869        0.000554
  2000        25-29            0.000295        0.000864        0.000581
  2000        30-34            0.000432        0.000977        0.000704
  2000        35-39            0.000646        0.001492        0.001063
  2000        40-44            0.000875        0.002001        0.001424
  2000        45-49            0.001571        0.002993        0.002262
  2000        50-54            0.002670        0.004404        0.003509
  2000        55-59            0.004260        0.007271        0.005707
  2000        60-64            0.007171        0.011998        0.009409
  2000        65-69            0.012730        0.020590        0.016294
  2000        70-74            0.022144        0.033168        0.026860
  2000        75-79            0.038260        0.053010        0.044390
  2000        80-84            0.068343        0.082347        0.074124
  2000        85-89            0.123710        0.141019        0.130352
  2000        90-94            0.189608        0.218055        0.200488
  2000        95-99            0.281504        0.303661        0.290244
  2000       100-104           0.366054        0.387944        0.375570
  2000       105-109           0.779449        0.752219        0.765006
  2000       110+                    .              .              .
  2001           0             0.005077        0.005214        0.005148
  2001         1-4             0.000273        0.000363        0.000319
  2001         5-9             0.000124        0.000151        0.000138
  2001        10-14            0.000162        0.000195        0.000179
  2001        15-19            0.000318        0.000662        0.000494
  2001        20-24            0.000262        0.001066        0.000669
  2001        25-29            0.000235        0.000964        0.000601
  2001        30-34            0.000426        0.000915        0.000670
  2001        35-39            0.000640        0.001386        0.001010
  2001        40-44            0.000877        0.001961        0.001406
  2001        45-49            0.001551        0.002658        0.002088
  2001        50-54            0.002565        0.004131        0.003321
  2001        55-59            0.004066        0.006780        0.005374
  2001        60-64            0.006632        0.011482        0.008884
  2001        65-69            0.012007        0.020123        0.015695
  2001        70-74            0.020995        0.031417        0.025510
  2001        75-79            0.035345        0.051287        0.041832
  2001        80-84            0.066100        0.078259        0.071181
  2001        85-89            0.115479        0.142066        0.125580
  2001        90-94            0.181591        0.218305        0.195495
  2001        95-99            0.262924        0.259617        0.261642
  2001       100-104           0.335688        0.272129        0.308225
  2001       105-109           0.540164        0.288855        0.406768
  2001       110+                    .              .              .
  2002           0             0.005188        0.005704        0.005452
  2002         1-4             0.000278        0.000341        0.000311
  2002         5-9             0.000142        0.000161        0.000152
  2002        10-14            0.000139        0.000159        0.000149
  2002        15-19            0.000268        0.000679        0.000479
  2002        20-24            0.000362        0.001209        0.000790
  2002        25-29            0.000274        0.000982        0.000629
  2002        30-34            0.000369        0.000970        0.000669
  2002        35-39            0.000563        0.001277        0.000918
  2002        40-44            0.001032        0.001991        0.001501
  2002        45-49            0.001597        0.002606        0.002087
  2002        50-54            0.002404        0.004301        0.003320
  2002        55-59            0.004046        0.006457        0.005208
  2002        60-64            0.006715        0.011299        0.008850
  2002        65-69            0.011134        0.018775        0.014613
  2002        70-74            0.020992        0.032375        0.025960
  2002        75-79            0.036542        0.050346        0.042103
  2002        80-84            0.063241        0.076012        0.068577
  2002        85-89            0.120415        0.138619        0.127315
  2002        90-94            0.203266        0.222497        0.210450
  2002        95-99            0.267960        0.302139        0.280992
  2002       100-104           0.282621        0.379238        0.322926
  2002       105-109           0.288892        0.519658        0.402544
  2002       110+                    .              .              .
  2003           0             0.004812        0.005298        0.005061
  2003         1-4             0.000259        0.000383        0.000322
  2003         5-9             0.000143        0.000133        0.000138
  2003        10-14            0.000099        0.000201        0.000151
  2003        15-19            0.000227        0.000529        0.000381
  2003        20-24            0.000236        0.000999        0.000623
  2003        25-29            0.000274        0.000730        0.000503
  2003        30-34            0.000409        0.000823        0.000615
  2003        35-39            0.000623        0.001192        0.000906
  2003        40-44            0.000948        0.001747        0.001339
  2003        45-49            0.001413        0.002629        0.002003
  2003        50-54            0.002396        0.003929        0.003137
  2003        55-59            0.003949        0.006674        0.005261
  2003        60-64            0.006436        0.011061        0.008601
  2003        65-69            0.010965        0.018488        0.014399
  2003        70-74            0.019987        0.030829        0.024740
  2003        75-79            0.035684        0.051607        0.042118
  2003        80-84            0.062277        0.079831        0.069505
  2003        85-89            0.115869        0.132842        0.122354
  2003        90-94            0.203041        0.214258        0.207180
  2003        95-99            0.274055        0.283972        0.277740
  2003       100-104           0.330701        0.360108        0.342228
  2003       105-109           0.385261        0.488058        0.430395
  2003       110+                    .              .              .
  2004           0             0.004605        0.004722        0.004665
  2004         1-4             0.000260        0.000293        0.000277
  2004         5-9             0.000098        0.000208        0.000154
  2004        10-14            0.000094        0.000192        0.000144
  2004        15-19            0.000187        0.000538        0.000366
  2004        20-24            0.000284        0.000842        0.000567
  2004        25-29            0.000269        0.000813        0.000541
  2004        30-34            0.000364        0.000845        0.000604
  2004        35-39            0.000538        0.001150        0.000843
  2004        40-44            0.000876        0.001655        0.001258
  2004        45-49            0.001449        0.002534        0.001976
  2004        50-54            0.002206        0.004066        0.003105
  2004        55-59            0.003733        0.006461        0.005043
  2004        60-64            0.005883        0.010762        0.008182
  2004        65-69            0.010290        0.017689        0.013672
  2004        70-74            0.018971        0.029729        0.023718
  2004        75-79            0.034728        0.047422        0.039906
  2004        80-84            0.059622        0.077243        0.066727
  2004        85-89            0.109156        0.120897        0.113713
  2004        90-94            0.198648        0.219434        0.206205
  2004        95-99            0.267727        0.280761        0.272463
  2004       100-104           0.347475        0.366099        0.354563
  2004       105-109           0.436767        0.469052        0.450114
  2004       110+                    .              .              .
  2005           0             0.004073        0.004638        0.004363
  2005         1-4             0.000241        0.000330        0.000287
  2005         5-9             0.000083        0.000103        0.000093
  2005        10-14            0.000111        0.000164        0.000138
  2005        15-19            0.000210        0.000395        0.000305
  2005        20-24            0.000263        0.000827        0.000549
  2005        25-29            0.000260        0.000708        0.000485
  2005        30-34            0.000342        0.000832        0.000586
  2005        35-39            0.000583        0.001011        0.000796
  2005        40-44            0.000883        0.001721        0.001295
  2005        45-49            0.001541        0.002726        0.002117
  2005        50-54            0.002375        0.004256        0.003283
  2005        55-59            0.003678        0.006179        0.004877
  2005        60-64            0.006235        0.010974        0.008482
  2005        65-69            0.010228        0.017012        0.013331
  2005        70-74            0.018337        0.028490        0.022840
  2005        75-79            0.033878        0.047537        0.039522
  2005        80-84            0.060833        0.075444        0.066605
  2005        85-89            0.106883        0.122030        0.112878
  2005        90-94            0.210696        0.219612        0.213900
  2005        95-99            0.300008        0.304896        0.301776
  2005       100-104           0.436966        0.446349        0.440462
  2005       105-109           0.613274        0.668164        0.634937
  2005       110+                    .              .              .
  2006           0             0.003607        0.004516        0.004074
  2006         1-4             0.000266        0.000376        0.000322
  2006         5-9             0.000109        0.000186        0.000149
  2006        10-14            0.000120        0.000143        0.000132
  2006        15-19            0.000195        0.000443        0.000322
  2006        20-24            0.000257        0.000728        0.000496
  2006        25-29            0.000286        0.000645        0.000466
  2006        30-34            0.000375        0.000765        0.000570
  2006        35-39            0.000487        0.001002        0.000743
  2006        40-44            0.001038        0.001650        0.001340
  2006        45-49            0.001395        0.002576        0.001969
  2006        50-54            0.002134        0.004141        0.003103
  2006        55-59            0.003540        0.006220        0.004824
  2006        60-64            0.005596        0.009647        0.007525
  2006        65-69            0.009854        0.016808        0.013039
  2006        70-74            0.018426        0.027011        0.022245
  2006        75-79            0.032418        0.046086        0.038142
  2006        80-84            0.059205        0.071651        0.064049
  2006        85-89            0.105447        0.117309        0.110208
  2006        90-94            0.200975        0.209336        0.203979
  2006        95-99            0.302236        0.297900        0.300651
  2006       100-104           0.486237        0.479768        0.483843
  2006       105-109           0.771956        0.829003        0.793773
  2006       110+              6.000000        6.000000        6.000000
  2007           0             0.003734        0.004172        0.003959
  2007         1-4             0.000234        0.000280        0.000257
  2007         5-9             0.000128        0.000128        0.000128
  2007        10-14            0.000111        0.000160        0.000136
  2007        15-19            0.000176        0.000486        0.000334
  2007        20-24            0.000205        0.000672        0.000442
  2007        25-29            0.000204        0.000625        0.000415
  2007        30-34            0.000312        0.000731        0.000521
  2007        35-39            0.000586        0.000977        0.000780
  2007        40-44            0.000805        0.001483        0.001141
  2007        45-49            0.001327        0.002502        0.001898
  2007        50-54            0.002256        0.003827        0.003014
  2007        55-59            0.003760        0.006278        0.004967
  2007        60-64            0.005579        0.009293        0.007349
  2007        65-69            0.009497        0.016644        0.012780
  2007        70-74            0.017281        0.027526        0.021851
  2007        75-79            0.032678        0.046028        0.038318
  2007        80-84            0.061057        0.073650        0.065933
  2007        85-89            0.106169        0.121339        0.112249
  2007        90-94            0.195638        0.206849        0.199700
  2007        95-99            0.336025        0.341025        0.337852
  2007       100-104           0.534765        0.427334        0.493696
  2007       105-109           0.855946        0.464133        0.691933
  2007       110+              6.000000              .        6.000000
  2008           0             0.003390        0.004424        0.003920
  2008         1-4             0.000228        0.000283        0.000256
  2008         5-9             0.000117        0.000156        0.000137
  2008        10-14            0.000099        0.000142        0.000121
  2008        15-19            0.000111        0.000497        0.000309
  2008        20-24            0.000204        0.000748        0.000481
  2008        25-29            0.000206        0.000623        0.000415
  2008        30-34            0.000341        0.000726        0.000533
  2008        35-39            0.000466        0.000963        0.000713
  2008        40-44            0.000746        0.001516        0.001128
  2008        45-49            0.001520        0.002418        0.001957
  2008        50-54            0.002079        0.004049        0.003030
  2008        55-59            0.003521        0.005909        0.004667
  2008        60-64            0.005658        0.009125        0.007310
  2008        65-69            0.009243        0.015557        0.012156
  2008        70-74            0.016561        0.025367        0.020499
  2008        75-79            0.031367        0.044268        0.036845
  2008        80-84            0.057467        0.072055        0.063137
  2008        85-89            0.103786        0.119181        0.109850
  2008        90-94            0.186722        0.190651        0.188168
  2008        95-99            0.332526        0.328530        0.331083
  2008       100-104           0.484867        0.550446        0.509770
  2008       105-109           0.641912        0.974050        0.780913
  2008       110+                    .        6.000000        6.000000
  2009           0             0.003645        0.004219        0.003938
  2009         1-4             0.000214        0.000206        0.000210
  2009         5-9             0.000099        0.000145        0.000123
  2009        10-14            0.000127        0.000120        0.000123
  2009        15-19            0.000145        0.000345        0.000247
  2009        20-24            0.000218        0.000703        0.000465
  2009        25-29            0.000214        0.000602        0.000409
  2009        30-34            0.000266        0.000759        0.000512
  2009        35-39            0.000551        0.000872        0.000711
  2009        40-44            0.000842        0.001339        0.001088
  2009        45-49            0.001359        0.002249        0.001794
  2009        50-54            0.001980        0.003721        0.002821
  2009        55-59            0.003678        0.005737        0.004666
  2009        60-64            0.005327        0.008785        0.006971
  2009        65-69            0.008585        0.015053        0.011591
  2009        70-74            0.015490        0.024386        0.019476
  2009        75-79            0.029914        0.041692        0.034955
  2009        80-84            0.053269        0.069037        0.059453
  2009        85-89            0.098513        0.114364        0.104619
  2009        90-94            0.173473        0.184013        0.177419
  2009        95-99            0.344929        0.317142        0.334927
  2009       100-104           0.572377        0.484790        0.539801
  2009       105-109           0.850815        0.746551        0.810965
  2009       110+                    .              .              .
  2010           0             0.003531        0.003916        0.003728
  2010         1-4             0.000192        0.000205        0.000198
  2010         5-9             0.000089        0.000115        0.000103
  2010        10-14            0.000108        0.000151        0.000130
  2010        15-19            0.000134        0.000365        0.000252
  2010        20-24            0.000207        0.000604        0.000409
  2010        25-29            0.000232        0.000724        0.000479
  2010        30-34            0.000338        0.000775        0.000556
  2010        35-39            0.000459        0.000925        0.000691
  2010        40-44            0.000764        0.001446        0.001102
  2010        45-49            0.001199        0.002120        0.001650
  2010        50-54            0.002078        0.003702        0.002863
  2010        55-59            0.003361        0.005355        0.004318
  2010        60-64            0.005231        0.008927        0.006986
  2010        65-69            0.008871        0.015195        0.011831
  2010        70-74            0.015135        0.023908        0.019069
  2010        75-79            0.028080        0.041142        0.033703
  2010        80-84            0.055344        0.070028        0.061180
  2010        85-89            0.095553        0.113179        0.102196
  2010        90-94            0.164485        0.173557        0.167946
  2010        95-99            0.354656        0.334292        0.347306
  2010       100-104           0.715694        0.584258        0.663925
  2010       105-109           1.499657        1.241084        1.391299
  2010       110+              6.000000              .        6.000000
  2011           0             0.003279        0.003797        0.003544
  2011         1-4             0.000244        0.000195        0.000219
  2011         5-9             0.000096        0.000127        0.000112
  2011        10-14            0.000074        0.000144        0.000110
  2011        15-19            0.000142        0.000362        0.000255
  2011        20-24            0.000146        0.000548        0.000351
  2011        25-29            0.000220        0.000535        0.000379
  2011        30-34            0.000297        0.000600        0.000448
  2011        35-39            0.000546        0.000735        0.000640
  2011        40-44            0.000751        0.001281        0.001014
  2011        45-49            0.001249        0.002133        0.001684
  2011        50-54            0.002217        0.003628        0.002899
  2011        55-59            0.003353        0.005880        0.004565
  2011        60-64            0.005307        0.009514        0.007303
  2011        65-69            0.008441        0.014223        0.011160
  2011        70-74            0.014949        0.023739        0.018895
  2011        75-79            0.028178        0.040557        0.033523
  2011        80-84            0.055045        0.068442        0.060443
  2011        85-89            0.101205        0.114093        0.105987
  2011        90-94            0.168639        0.183929        0.174559
  2011        95-99            0.359879        0.330730        0.349266
  2011       100-104           0.582685        0.497237        0.547012
  2011       105-109           1.070367        0.914017        0.995068
  2011       110+                    .              .              .
  2012           0             0.003361        0.003869        0.003621
  2012         1-4             0.000177        0.000220        0.000199
  2012         5-9             0.000095        0.000117        0.000106
  2012        10-14            0.000064        0.000124        0.000095
  2012        15-19            0.000164        0.000306        0.000236
  2012        20-24            0.000200        0.000486        0.000345
  2012        25-29            0.000177        0.000566        0.000373
  2012        30-34            0.000346        0.000543        0.000444
  2012        35-39            0.000491        0.000786        0.000638
  2012        40-44            0.000718        0.001223        0.000968
  2012        45-49            0.001170        0.002198        0.001677
  2012        50-54            0.001823        0.003826        0.002792
  2012        55-59            0.003163        0.005714        0.004386
  2012        60-64            0.005164        0.008667        0.006828
  2012        65-69            0.008355        0.014032        0.011026
  2012        70-74            0.015441        0.025108        0.019791
  2012        75-79            0.027644        0.040086        0.033034
  2012        80-84            0.056111        0.070904        0.062121
  2012        85-89            0.102340        0.115758        0.107299
  2012        90-94            0.170641        0.179767        0.174163
  2012        95-99            0.375890        0.325012        0.356980
  2012       100-104           0.507965        0.481726        0.496980
  2012       105-109           0.678457        0.871426        0.770637
  2012       110+                    .              .              .
  2013           0             0.002922        0.003358        0.003146
  2013         1-4             0.000179        0.000232        0.000206
  2013         5-9             0.000093        0.000089        0.000091
  2013        10-14            0.000065        0.000144        0.000106
  2013        15-19            0.000141        0.000288        0.000216
  2013        20-24            0.000130        0.000493        0.000315
  2013        25-29            0.000245        0.000518        0.000383
  2013        30-34            0.000331        0.000610        0.000470
  2013        35-39            0.000440        0.000809        0.000624
  2013        40-44            0.000627        0.001200        0.000910
  2013        45-49            0.001216        0.002048        0.001627
  2013        50-54            0.002132        0.003668        0.002876
  2013        55-59            0.003180        0.005919        0.004493
  2013        60-64            0.005262        0.008695        0.006894
  2013        65-69            0.007845        0.014001        0.010739
  2013        70-74            0.014762        0.022573        0.018296
  2013        75-79            0.026574        0.037094        0.031145
  2013        80-84            0.054119        0.067782        0.059704
  2013        85-89            0.097414        0.111944        0.102808
  2013        90-94            0.166216        0.182685        0.172434
  2013        95-99            0.331042        0.276389        0.310242
  2013       100-104           0.525296        0.341986        0.446798
  2013       105-109           0.881301        0.438280        0.661897
  2013       110+                    .              .              .
  2014           0             0.002967        0.003339        0.003158
  2014         1-4             0.000188        0.000233        0.000211
  2014         5-9             0.000091        0.000102        0.000097
  2014        10-14            0.000081        0.000127        0.000105
  2014        15-19            0.000135        0.000402        0.000272
  2014        20-24            0.000183        0.000625        0.000408
  2014        25-29            0.000214        0.000506        0.000361
  2014        30-34            0.000301        0.000624        0.000463
  2014        35-39            0.000540        0.000776        0.000658
  2014        40-44            0.000710        0.001217        0.000961
  2014        45-49            0.001196        0.001912        0.001550
  2014        50-54            0.001981        0.003454        0.002697
  2014        55-59            0.003108        0.005504        0.004257
  2014        60-64            0.004794        0.008892        0.006742
  2014        65-69            0.007591        0.013007        0.010132
  2014        70-74            0.013978        0.023099        0.018138
  2014        75-79            0.025836        0.037254        0.030811
  2014        80-84            0.051652        0.068015        0.058392
  2014        85-89            0.095642        0.111342        0.101519
  2014        90-94            0.170863        0.186061        0.176453
  2014        95-99            0.315965        0.286688        0.304708
  2014       100-104           0.456678        0.397473        0.430788
  2014       105-109           0.646747        0.546909        0.593304
  2014       110+                    .              .              .
  2015           0             0.002986        0.003314        0.003155
  2015         1-4             0.000149        0.000199        0.000175
  2015         5-9             0.000065        0.000129        0.000098
  2015        10-14            0.000111        0.000141        0.000127
  2015        15-19            0.000132        0.000341        0.000239
  2015        20-24            0.000164        0.000535        0.000353
  2015        25-29            0.000205        0.000511        0.000359
  2015        30-34            0.000266        0.000619        0.000442
  2015        35-39            0.000405        0.000667        0.000535
  2015        40-44            0.000703        0.001250        0.000974
  2015        45-49            0.001124        0.001916        0.001515
  2015        50-54            0.002108        0.003807        0.002937
  2015        55-59            0.002973        0.005470        0.004172
  2015        60-64            0.004711        0.008641        0.006577
  2015        65-69            0.008199        0.014068        0.010949
  2015        70-74            0.013942        0.023192        0.018191
  2015        75-79            0.025835        0.039185        0.031661
  2015        80-84            0.051366        0.067745        0.058152
  2015        85-89            0.099405        0.119733        0.107097
  2015        90-94            0.163863        0.191750        0.173859
  2015        95-99            0.328052        0.298142        0.316440
  2015       100-104           0.525652        0.432967        0.485193
  2015       105-109           0.843525        0.582710        0.697884
  2015       110+                    .              .              .
  2016           0             0.002901        0.003399        0.003157
  2016         1-4             0.000156        0.000187        0.000172
  2016         5-9             0.000089        0.000121        0.000105
  2016        10-14            0.000109        0.000107        0.000108
  2016        15-19            0.000150        0.000359        0.000257
  2016        20-24            0.000156        0.000472        0.000317
  2016        25-29            0.000210        0.000539        0.000376
  2016        30-34            0.000314        0.000602        0.000458
  2016        35-39            0.000535        0.000766        0.000650
  2016        40-44            0.000789        0.001151        0.000968
  2016        45-49            0.001092        0.001926        0.001504
  2016        50-54            0.001804        0.003421        0.002596
  2016        55-59            0.003016        0.005390        0.004156
  2016        60-64            0.004854        0.008501        0.006585
  2016        65-69            0.007681        0.013231        0.010280
  2016        70-74            0.013102        0.021922        0.017173
  2016        75-79            0.024403        0.037415        0.030082
  2016        80-84            0.050762        0.062245        0.055543
  2016        85-89            0.096341        0.111355        0.102094
  2016        90-94            0.167510        0.170075        0.168416
  2016        95-99            0.323907        0.285167        0.308673
  2016       100-104           0.592215        0.552732        0.574940
  2016       105-109           1.157049        1.150882        1.153515
  2016       110+                    .              .              .
