Republic of Korea, Population size (1-year)	Last modified: 20 Jul 2022;  Methods Protocol: v6 (2017)

  Year          Age             Female            Male           Total
  2003           0            224081.00       246170.00       470251.00
  2003         1-4           1172432.00      1284361.00      2456793.00
  2003         5-9           1649664.00      1855317.00      3504981.00
  2003        10-14          1567839.00      1765044.00      3332883.00
  2003        15-19          1587984.00      1715150.00      3303134.00
  2003        20-24          1967600.00      2081134.00      4048734.00
  2003        25-29          2014068.00      2084069.00      4098137.00
  2003        30-34          2271204.00      2369316.00      4640520.00
  2003        35-39          2049846.00      2157264.00      4207110.00
  2003        40-44          2178443.00      2267371.00      4445814.00
  2003        45-49          1699675.00      1751284.00      3450959.00
  2003        50-54          1250457.00      1268384.00      2518841.00
  2003        55-59          1035544.00       991009.00      2026553.00
  2003        60-64          1067850.00       944762.00      2012612.00
  2003        65-69           849644.00       656546.00      1506190.00
  2003        70-74           622447.00       379242.00      1001689.00
  2003        75-79           412460.00       218949.00       631409.00
  2003        80-84           245694.26       114045.45       359739.71
  2003        85-89           112527.03        38580.31       151107.34
  2003        90-94            36931.80        10170.05        47101.85
  2003        95-99             7276.53         1354.94         8631.47
  2003       100-104            1005.24          130.61         1135.85
  2003       105-109              67.05            3.60           70.65
  2003       110+                  1.09            0.00            1.09
  2004           0            225049.00       244221.00       469270.00
  2004         1-4           1102210.00      1206494.00      2308704.00
  2004         5-9           1621911.00      1808120.00      3430031.00
  2004        10-14          1602928.00      1813164.00      3416092.00
  2004        15-19          1517828.00      1657429.00      3175257.00
  2004        20-24          1980123.00      2085692.00      4065815.00
  2004        25-29          1910741.00      1998077.00      3908818.00
  2004        30-34          2247386.00      2337732.00      4585118.00
  2004        35-39          2115105.00      2201651.00      4316756.00
  2004        40-44          2168261.00      2258905.00      4427166.00
  2004        45-49          1807290.00      1869101.00      3676391.00
  2004        50-54          1277770.00      1290344.00      2568114.00
  2004        55-59          1067849.00      1037450.00      2105299.00
  2004        60-64          1074923.00       954085.00      2029008.00
  2004        65-69           885203.00       697876.00      1583079.00
  2004        70-74           646190.00       404643.00      1050833.00
  2004        75-79           429723.00       227543.00       657266.00
  2004        80-84           264218.31       122608.71       386827.02
  2004        85-89           116437.45        41296.77       157734.22
  2004        90-94            39097.22        10591.11        49688.33
  2004        95-99             7848.56         1573.57         9422.13
  2004       100-104            1007.84          128.10         1135.94
  2004       105-109              62.81            2.42           65.23
  2004       110+                  0.78            0.00            0.78
  2005           0            216761.00       234458.00       451219.00
  2005         1-4           1042990.00      1138521.00      2181511.00
  2005         5-9           1584539.00      1749058.00      3333597.00
  2005        10-14          1635956.00      1863132.00      3499088.00
  2005        15-19          1498358.00      1645641.00      3143999.00
  2005        20-24          1890769.00      2005814.00      3896583.00
  2005        25-29          1896885.00      1974896.00      3871781.00
  2005        30-34          2205296.00      2301853.00      4507149.00
  2005        35-39          2157448.00      2232118.00      4389566.00
  2005        40-44          2142906.00      2239667.00      4382573.00
  2005        45-49          1919879.00      1974437.00      3894316.00
  2005        50-54          1342624.00      1360592.00      2703216.00
  2005        55-59          1106763.00      1087127.00      2193890.00
  2005        60-64          1062619.00       947752.00      2010371.00
  2005        65-69           920737.00       738565.00      1659302.00
  2005        70-74           680238.00       438950.00      1119188.00
  2005        75-79           462901.00       242754.00       705655.00
  2005        80-84           276530.35       128220.31       404750.66
  2005        85-89           121400.15        44832.47       166232.62
  2005        90-94            41004.18        10962.21        51966.39
  2005        95-99             8316.00         1799.19        10115.19
  2005       100-104             971.81          145.38         1117.19
  2005       105-109              57.70            4.02           61.72
  2005       110+                  0.35            0.00            0.35
  2006           0            199424.00       214434.00       413858.00
  2006         1-4            966279.00      1049462.00      2015741.00
  2006         5-9           1555694.00      1706485.00      3262179.00
  2006        10-14          1671034.00      1895137.00      3566171.00
  2006        15-19          1482616.00      1648190.00      3130806.00
  2006        20-24          1796395.00      1912923.00      3709318.00
  2006        25-29          1914050.00      2003176.00      3917226.00
  2006        30-34          2144921.00      2229829.00      4374750.00
  2006        35-39          2182414.00      2264612.00      4447026.00
  2006        40-44          2098658.00      2195695.00      4294353.00
  2006        45-49          2009832.00      2069016.00      4078848.00
  2006        50-54          1473493.00      1482498.00      2955991.00
  2006        55-59          1161176.00      1144873.00      2306049.00
  2006        60-64          1044166.00       941268.00      1985434.00
  2006        65-69           934376.00       760084.00      1694460.00
  2006        70-74           721678.00       484358.00      1206036.00
  2006        75-79           491567.00       257135.00       748702.00
  2006        80-84           289100.39       132845.64       421946.03
  2006        85-89           128426.53        48498.58       176925.11
  2006        90-94            43381.63        11514.97        54896.60
  2006        95-99             8780.94         2044.11        10825.05
  2006       100-104             996.40          157.41         1153.81
  2006       105-109              57.87            4.84           62.71
  2006       110+                  0.28            0.00            0.28
  2007           0            204794.00       219943.00       424737.00
  2007         1-4            908243.00       983563.00      1891806.00
  2007         5-9           1498511.00      1635518.00      3134029.00
  2007        10-14          1662922.00      1885351.00      3548273.00
  2007        15-19          1517170.00      1689603.00      3206773.00
  2007        20-24          1685575.00      1808371.00      3493946.00
  2007        25-29          1950943.00      2042483.00      3993426.00
  2007        30-34          2054737.00      2136530.00      4191267.00
  2007        35-39          2252542.00      2313682.00      4566224.00
  2007        40-44          2027805.00      2153450.00      4181255.00
  2007        45-49          2112928.00      2168562.00      4281490.00
  2007        50-54          1599949.00      1612371.00      3212320.00
  2007        55-59          1182843.00      1165530.00      2348373.00
  2007        60-64          1024124.00       937003.00      1961127.00
  2007        65-69           966481.00       796486.00      1762967.00
  2007        70-74           764436.00       528912.00      1293348.00
  2007        75-79           518359.00       273070.00       791429.00
  2007        80-84           302459.38       137628.73       440088.11
  2007        85-89           137896.41        52903.03       190799.44
  2007        90-94            46526.16        12456.54        58982.70
  2007        95-99             9531.60         2218.29        11749.89
  2007       100-104            1071.34          178.45         1249.79
  2007       105-109              64.74            6.14           70.88
  2007       110+                  0.33            0.00            0.33
  2008           0            228180.00       242078.00       470258.00
  2008         1-4            888674.00       956834.00      1845508.00
  2008         5-9           1410736.00      1544312.00      2955048.00
  2008        10-14          1645000.00      1848861.00      3493861.00
  2008        15-19          1561356.00      1754854.00      3316210.00
  2008        20-24          1582457.00      1704753.00      3287210.00
  2008        25-29          1965048.00      2069767.00      4034815.00
  2008        30-34          2005900.00      2069146.00      4075046.00
  2008        35-39          2253574.00      2342784.00      4596358.00
  2008        40-44          2031714.00      2124710.00      4156424.00
  2008        45-49          2156848.00      2220809.00      4377657.00
  2008        50-54          1681957.00      1703733.00      3385690.00
  2008        55-59          1235307.00      1221730.00      2457037.00
  2008        60-64          1015955.00       940375.00      1956330.00
  2008        65-69          1033564.00       864809.00      1898373.00
  2008        70-74           796655.00       566309.00      1362964.00
  2008        75-79           546823.00       295822.00       842645.00
  2008        80-84           316880.36       143262.13       460142.49
  2008        85-89           153250.84        58642.20       211893.04
  2008        90-94            49705.16        13496.10        63201.26
  2008        95-99            10322.14         2375.04        12697.18
  2008       100-104            1158.29          192.31         1350.60
  2008       105-109              70.34            7.37           77.71
  2008       110+                  0.35            0.00            0.35
  2009           0            215444.00       228977.00       444421.00
  2009         1-4            891397.00       954240.00      1845637.00
  2009         5-9           1342234.00      1464571.00      2806805.00
  2009        10-14          1618701.00      1803423.00      3422124.00
  2009        15-19          1597967.00      1804831.00      3402798.00
  2009        20-24          1515272.00      1648863.00      3164135.00
  2009        25-29          1982422.00      2079081.00      4061503.00
  2009        30-34          1910584.00      1994183.00      3904767.00
  2009        35-39          2238764.00      2326763.00      4565527.00
  2009        40-44          2105474.00      2183128.00      4288602.00
  2009        45-49          2156153.00      2227093.00      4383246.00
  2009        50-54          1795484.00      1829706.00      3625190.00
  2009        55-59          1266290.00      1249093.00      2515383.00
  2009        60-64          1051170.00       989786.00      2040956.00
  2009        65-69          1044359.00       879481.00      1923840.00
  2009        70-74           834434.00       606143.00      1440577.00
  2009        75-79           573152.00       319313.00       892465.00
  2009        80-84           337913.57       151775.35       489688.92
  2009        85-89           168283.14        63761.60       232044.74
  2009        90-94            52596.75        14839.34        67436.09
  2009        95-99            11218.19         2495.93        13714.12
  2009       100-104            1293.18          231.01         1524.19
  2009       105-109              77.31           10.10           87.41
  2009       110+                  0.76            0.00            0.76
  2010           0            205773.00       218756.00       424529.00
  2010         1-4            889963.00       948933.00      1838896.00
  2010         5-9           1273641.00      1385903.00      2659544.00
  2010        10-14          1581504.00      1744514.00      3326018.00
  2010        15-19          1630998.00      1854634.00      3485632.00
  2010        20-24          1496687.00      1637339.00      3134026.00
  2010        25-29          1895066.00      1999170.00      3894236.00
  2010        30-34          1900342.00      1972288.00      3872630.00
  2010        35-39          2201693.00      2297210.00      4498903.00
  2010        40-44          2152979.00      2221799.00      4374778.00
  2010        45-49          2137352.00      2217365.00      4354717.00
  2010        50-54          1912959.00      1939614.00      3852573.00
  2010        55-59          1333470.00      1322034.00      2655504.00
  2010        60-64          1092080.00      1041371.00      2133451.00
  2010        65-69          1035225.00       878816.00      1914041.00
  2010        70-74           871869.00       646459.00      1518328.00
  2010        75-79           608541.00       350568.00       959109.00
  2010        80-84           367331.74       163567.97       530899.71
  2010        85-89           179426.57        67767.01       247193.58
  2010        90-94            56613.45        16524.44        73137.89
  2010        95-99            12177.17         2615.38        14792.55
  2010       100-104            1387.02          298.60         1685.62
  2010       105-109              76.16           13.92           90.08
  2010       110+                  0.72            0.00            0.72
  2011           0            216971.00       231504.00       448475.00
  2011         1-4            896833.00       953667.00      1850500.00
  2011         5-9           1178414.00      1276671.00      2455085.00
  2011        10-14          1552958.00      1702359.00      3255317.00
  2011        15-19          1665941.00      1887106.00      3553047.00
  2011        20-24          1481313.00      1640269.00      3121582.00
  2011        25-29          1800483.00      1904690.00      3705173.00
  2011        30-34          1916802.00      1996843.00      3913645.00
  2011        35-39          2141174.00      2223206.00      4364380.00
  2011        40-44          2178528.00      2253801.00      4432329.00
  2011        45-49          2094236.00      2175217.00      4269453.00
  2011        50-54          2003699.00      2034512.00      4038211.00
  2011        55-59          1464463.00      1442680.00      2907143.00
  2011        60-64          1146039.00      1097443.00      2243482.00
  2011        65-69          1018450.00       876025.00      1894475.00
  2011        70-74           887355.00       668424.00      1555779.00
  2011        75-79           649705.00       390363.00      1040068.00
  2011        80-84           394526.06       174990.15       569516.21
  2011        85-89           190510.56        70940.89       261451.45
  2011        90-94            61583.29        18282.05        79865.34
  2011        95-99            13217.95         2799.49        16017.44
  2011       100-104            1507.77          311.76         1819.53
  2011       105-109              81.15           13.00           94.15
  2011       110+                  0.98            0.00            0.98
  2012           0            219620.00       231942.00       451562.00
  2012         1-4            909952.00       966433.00      1876385.00
  2012         5-9           1127507.00      1217765.00      2345272.00
  2012        10-14          1496244.00      1632137.00      3128381.00
  2012        15-19          1658457.00      1877850.00      3536307.00
  2012        20-24          1517168.00      1681991.00      3199159.00
  2012        25-29          1693047.00      1800309.00      3493356.00
  2012        30-34          1955250.00      2035766.00      3991016.00
  2012        35-39          2052736.00      2130605.00      4183341.00
  2012        40-44          2249436.00      2304173.00      4553609.00
  2012        45-49          2025779.00      2136919.00      4162698.00
  2012        50-54          2107576.00      2135459.00      4243035.00
  2012        55-59          1591415.00      1571622.00      3163037.00
  2012        60-64          1168392.00      1118320.00      2286712.00
  2012        65-69          1000540.00       875866.00      1876406.00
  2012        70-74           920981.00       705271.00      1626252.00
  2012        75-79           691824.00       428955.00      1120779.00
  2012        80-84           417620.97       187561.00       605181.97
  2012        85-89           202597.00        74580.06       277177.06
  2012        90-94            68122.26        20322.23        88444.49
  2012        95-99            14863.99         3078.11        17942.10
  2012       100-104            1704.68          323.23         2027.91
  2012       105-109              90.73           12.36          103.09
  2012       110+                  1.53            0.00            1.53
  2013           0            225726.00       238629.00       464355.00
  2013         1-4            900837.00       955555.00      1856392.00
  2013         5-9           1131582.00      1213887.00      2345469.00
  2013        10-14          1409090.00      1541361.00      2950451.00
  2013        15-19          1640158.00      1841262.00      3481420.00
  2013        20-24          1560278.00      1745900.00      3306178.00
  2013        25-29          1591466.00      1695983.00      3287449.00
  2013        30-34          1969375.00      2059929.00      4029304.00
  2013        35-39          2002642.00      2059932.00      4062574.00
  2013        40-44          2248382.00      2329709.00      4578091.00
  2013        45-49          2027387.00      2105052.00      4132439.00
  2013        50-54          2149940.00      2185643.00      4335583.00
  2013        55-59          1672381.00      1660581.00      3332962.00
  2013        60-64          1221041.00      1173485.00      2394526.00
  2013        65-69           994439.00       883386.00      1877825.00
  2013        70-74           987595.00       770635.00      1758230.00
  2013        75-79           724034.00       461679.00      1185713.00
  2013        80-84           445991.93       206210.66       652202.59
  2013        85-89           215178.53        78563.46       293741.99
  2013        90-94            77125.90        22965.55       100091.45
  2013        95-99            15983.67         3384.44        19368.11
  2013       100-104            1846.73          339.31         2186.04
  2013       105-109              90.73           12.32          103.05
  2013       110+                  1.21            0.00            1.21
  2014           0            205277.00       216170.00       421447.00
  2014         1-4            912528.00       966739.00      1879267.00
  2014         5-9           1122112.00      1198807.00      2320919.00
  2014        10-14          1341434.00      1462879.00      2804313.00
  2014        15-19          1614684.00      1796635.00      3411319.00
  2014        20-24          1596473.00      1795507.00      3391980.00
  2014        25-29          1526296.00      1639816.00      3166112.00
  2014        30-34          1986703.00      2068061.00      4054764.00
  2014        35-39          1907720.00      1983304.00      3891024.00
  2014        40-44          2232575.00      2310562.00      4543137.00
  2014        45-49          2099375.00      2160064.00      4259439.00
  2014        50-54          2147511.00      2189836.00      4337347.00
  2014        55-59          1784346.00      1782408.00      3566754.00
  2014        60-64          1251635.00      1200143.00      2451778.00
  2014        65-69          1029997.00       932644.00      1962641.00
  2014        70-74           998965.00       787433.00      1786398.00
  2014        75-79           761296.00       497471.00      1258767.00
  2014        80-84           471833.74       225728.00       697561.74
  2014        85-89           232808.04        84779.09       317587.13
  2014        90-94            85992.95        25557.72       111550.67
  2014        95-99            17109.33         3780.89        20890.22
  2014       100-104            2074.03          373.47         2447.50
  2014       105-109              94.56           15.33          109.89
  2014       110+                  0.30            0.00            0.30
  2015           0            204553.00       215270.00       419823.00
  2015         1-4            911178.00       962772.00      1873950.00
  2015         5-9           1111567.00      1183972.00      2295539.00
  2015        10-14          1273527.00      1385046.00      2658573.00
  2015        15-19          1578467.00      1738971.00      3317438.00
  2015        20-24          1629717.00      1845874.00      3475591.00
  2015        25-29          1507851.00      1628838.00      3136689.00
  2015        30-34          1900024.00      1989163.00      3889187.00
  2015        35-39          1897940.00      1961321.00      3859261.00
  2015        40-44          2195231.00      2280419.00      4475650.00
  2015        45-49          2145617.00      2197923.00      4343540.00
  2015        50-54          2127474.00      2179542.00      4307016.00
  2015        55-59          1899962.00      1890087.00      3790049.00
  2015        60-64          1318242.00      1272306.00      2590548.00
  2015        65-69          1071480.00       983443.00      2054923.00
  2015        70-74           992415.00       791360.00      1783775.00
  2015        75-79           799301.00       534599.00      1333900.00
  2015        80-84           505388.78       251843.21       757231.99
  2015        85-89           256161.42        92720.80       348882.22
  2015        90-94            92095.29        27559.66       119654.95
  2015        95-99            18709.04         4304.41        23013.45
  2015       100-104            2233.41          405.10         2638.51
  2015       105-109             113.56           17.83          131.39
  2015       110+                  0.90            0.00            0.90
  2016           0            206775.00       217767.00       424542.00
  2016         1-4            896922.00       944712.00      1841634.00
  2016         5-9           1130819.00      1202263.00      2333082.00
  2016        10-14          1178944.00      1276621.00      2455565.00
  2016        15-19          1550855.00      1697739.00      3248594.00
  2016        20-24          1664424.00      1878865.00      3543289.00
  2016        25-29          1491780.00      1632009.00      3123789.00
  2016        30-34          1807248.00      1896587.00      3703835.00
  2016        35-39          1916054.00      1987476.00      3903530.00
  2016        40-44          2135914.00      2209227.00      4345141.00
  2016        45-49          2171215.00      2231081.00      4402296.00
  2016        50-54          2085215.00      2140250.00      4225465.00
  2016        55-59          1990407.00      1984630.00      3975037.00
  2016        60-64          1448662.00      1391067.00      2839729.00
  2016        65-69          1125700.00      1038335.00      2164035.00
  2016        70-74           978309.00       792612.00      1770921.00
  2016        75-79           816272.00       557071.00      1373343.00
  2016        80-84           545944.00       283711.00       829655.00
  2016        85-89           277346.14       100163.43       377509.57
  2016        90-94            98351.31        28964.09       127315.40
  2016        95-99            20568.27         4885.72        25453.99
  2016       100-104            2468.28          440.45         2908.73
  2016       105-109             134.57           21.03          155.60
  2016       110+                  1.99            0.00            1.99
  2017           0            192123.00       201531.00       393654.00
  2017         1-4            881905.00       928108.00      1810013.00
  2017         5-9           1145641.00      1214148.00      2359789.00
  2017        10-14          1128024.00      1217730.00      2345754.00
  2017        15-19          1494619.00      1627895.00      3122514.00
  2017        20-24          1656584.00      1869494.00      3526078.00
  2017        25-29          1525652.00      1673096.00      3198748.00
  2017        30-34          1699144.00      1792120.00      3491264.00
  2017        35-39          1953996.00      2024789.00      3978785.00
  2017        40-44          2047122.00      2116152.00      4163274.00
  2017        45-49          2241025.00      2280718.00      4521743.00
  2017        50-54          2016484.00      2102370.00      4118854.00
  2017        55-59          2092564.00      2083928.00      4176492.00
  2017        60-64          1574397.00      1516739.00      3091136.00
  2017        65-69          1148210.00      1059417.00      2207627.00
  2017        70-74           963363.00       796767.00      1760130.00
  2017        75-79           850213.00       592669.00      1442882.00
  2017        80-84           584721.00       314394.00       899115.00
  2017        85-89           295630.07       108919.15       404549.22
  2017        90-94           106097.30        30688.75       136786.05
  2017        95-99            23317.81         5586.28        28904.09
  2017       100-104            2846.63          502.63         3349.26
  2017       105-109             153.65           24.39          178.04
  2017       110+                  2.45            0.00            2.45
  2018           0            167639.00       178128.00       345767.00
  2018         1-4            845051.00       887778.00      1732829.00
  2018         5-9           1143326.00      1210624.00      2353950.00
  2018        10-14          1132528.00      1214158.00      2346686.00
  2018        15-19          1408239.00      1537462.00      2945701.00
  2018        20-24          1638742.00      1833098.00      3471840.00
  2018        25-29          1568187.00      1737610.00      3305797.00
  2018        30-34          1598564.00      1689263.00      3287827.00
  2018        35-39          1969056.00      2050356.00      4019412.00
  2018        40-44          1998184.00      2047932.00      4046116.00
  2018        45-49          2241022.00      2308831.00      4549853.00
  2018        50-54          2018763.00      2073731.00      4092494.00
  2018        55-59          2135445.00      2136318.00      4271763.00
  2018        60-64          1655255.00      1605618.00      3260873.00
  2018        65-69          1201388.00      1115179.00      2316567.00
  2018        70-74           961004.00       810430.00      1771434.00
  2018        75-79           916018.00       653967.00      1569985.00
  2018        80-84           616030.00       341824.00       957854.00
  2018        85-89           319323.86       122100.93       441424.79
  2018        90-94           114779.72        33047.22       147826.94
  2018        95-99            27074.05         6530.21        33604.26
  2018       100-104            3035.34          549.87         3585.21
  2018       105-109             155.64           25.83          181.47
  2018       110+                  1.88            0.00            1.88
  2019           0            154731.00       162946.00       317677.00
  2019         1-4            806880.00       849184.00      1656064.00
  2019         5-9           1131278.00      1195428.00      2326706.00
  2019        10-14          1122934.00      1198754.00      2321688.00
  2019        15-19          1340393.00      1457958.00      2798351.00
  2019        20-24          1612910.00      1788071.00      3400981.00
  2019        25-29          1603512.00      1786620.00      3390132.00
  2019        30-34          1533091.00      1633367.00      3166458.00
  2019        35-39          1985382.00      2058006.00      4043388.00
  2019        40-44          1902706.00      1970928.00      3873634.00
  2019        45-49          2223939.00      2289383.00      4513322.00
  2019        50-54          2089504.00      2128174.00      4217678.00
  2019        55-59          2133132.00      2141315.00      4274447.00
  2019        60-64          1766191.00      1725187.00      3491378.00
  2019        65-69          1232703.00      1142459.00      2375162.00
  2019        70-74           997579.00       859317.00      1856896.00
  2019        75-79           928863.00       671864.00      1600727.00
  2019        80-84           650785.00       370630.00      1021415.00
  2019        85-89           339953.12       134986.40       474939.52
  2019        90-94           125177.34        36171.87       161349.21
  2019        95-99            30226.07         7213.31        37439.38
  2019       100-104            3233.34          609.63         3842.97
  2019       105-109             171.87           28.18          200.05
  2019       110+                  2.23            0.00            2.23
  2020           0            143629.00       151485.00       295114.00
  2020         1-4            754703.00       794807.00      1549510.00
  2020         5-9           1129051.00      1190600.00      2319651.00
  2020        10-14          1112342.00      1183827.00      2296169.00
  2020        15-19          1272320.00      1379918.00      2652238.00
  2020        20-24          1576324.00      1730297.00      3306621.00
  2020        25-29          1635613.00      1836009.00      3471622.00
  2020        30-34          1514055.00      1621821.00      3135876.00
  2020        35-39          1898537.00      1978717.00      3877254.00
  2020        40-44          1892134.00      1948490.00      3840624.00
  2020        45-49          2185457.00      2258680.00      4444137.00
  2020        50-54          2134250.00      2165782.00      4300032.00
  2020        55-59          2112861.00      2132475.00      4245336.00
  2020        60-64          1880590.00      1830938.00      3711528.00
  2020        65-69          1299096.00      1213421.00      2512517.00
  2020        70-74          1039383.00       908185.00      1947568.00
  2020        75-79           925938.00       679826.00      1605764.00
  2020        80-84           688004.00       402911.00      1090915.00
  2020        85-89           368752.65       152850.92       521603.57
  2020        90-94           139443.62        40205.70       179649.32
  2020        95-99            32534.23         7739.05        40273.28
  2020       100-104            3628.92          718.76         4347.68
  2020       105-109             195.63           31.90          227.53
  2020       110+                  2.06            0.00            2.06
  2021           0            129421.00       135659.00       265080.00
  2021         1-4            687166.00       724405.00      1411571.00
  2021         5-9           1116625.00      1174501.00      2291126.00
  2021        10-14          1131673.00      1202126.00      2333799.00
  2021        15-19          1177893.00      1271894.00      2449787.00
  2021        20-24          1548754.00      1689155.00      3237909.00
  2021        25-29          1669284.00      1869453.00      3538737.00
  2021        30-34          1499320.00      1625962.00      3125282.00
  2021        35-39          1807267.00      1888354.00      3695621.00
  2021        40-44          1910701.00      1976184.00      3886885.00
  2021        45-49          2126679.00      2190700.00      4317379.00
  2021        50-54          2159898.00      2202658.00      4362556.00
  2021        55-59          2071399.00      2098435.00      4169834.00
  2021        60-64          1970970.00      1926921.00      3897891.00
  2021        65-69          1428529.00      1330138.00      2758667.00
  2021        70-74          1093475.00       960374.00      2053849.00
  2021        75-79           915158.00       684403.00      1599561.00
  2021        80-84           707060.00       423848.00      1130908.00
  2021        85-89           402868.00       174025.00       576893.00
  2021        90-94           152794.81        43891.00       196685.81
  2021        95-99            35463.72         8362.28        43826.00
  2021       100-104            4162.01          843.72         5005.73
  2021       105-109             227.74           33.98          261.72
  2021       110+                  1.66            0.00            1.66
