France, Total Population, Life tables (cohort 5x10), Males	Last modified: 23 Aug 2024;  Methods Protocol: v6 (2017)

  Year          Age         mx       qx    ax      lx      dx      Lx       Tx     ex
1816-1819        0      0.22586  0.19499  0.30  100000   19499   86333  3743453  37.43
1816-1819      1-4      0.03881  0.14146  1.49   80501   11388  293452  3657120  45.43
1816-1819      5-9      0.01234  0.05960  2.14   69114    4119  333786  3363668  48.67
1816-1819     10-14     0.00527  0.02599  2.32   64994    1689  320448  3029882  46.62
1816-1819     15-19     0.00681  0.03353  2.73   63305    2123  311702  2709434  42.80
1816-1819     20-24     0.01354  0.06557  2.63   61183    4012  296385  2397732  39.19
1816-1819     25-29     0.01025  0.04989  2.37   57171    2852  278352  2101347  36.76
1816-1819     30-34     0.00971  0.04737  2.43   54318    2573  264971  1822995  33.56
1816-1819     35-39     0.01047  0.05100  2.48   51745    2639  252077  1558024  30.11
1816-1819     40-44     0.01127  0.05481  2.54   49107    2691  238901  1305947  26.59
1816-1819     45-49     0.01500  0.07245  2.63   46415    3363  224118  1067047  22.99
1816-1819     50-54     0.02209  0.10485  2.57   43053    4514  204308   842928  19.58
1816-1819     55-59     0.02443  0.11531  2.57   38539    4444  181909   638621  16.57
1816-1819     60-64     0.03536  0.16284  2.57   34095    5552  157000   456711  13.40
1816-1819     65-69     0.05115  0.22756  2.58   28543    6495  126993   299711  10.50
1816-1819     70-74     0.08785  0.36174  2.56   22048    7976   90790   172718   7.83
1816-1819     75-79     0.13372  0.49391  2.35   14072    6950   51976    81928   5.82
1816-1819     80-84     0.20874  0.66428  2.26    7122    4731   22664    29952   4.21
1816-1819     85-89     0.31050  0.80707  2.03    2391    1930    6214     7288   3.05
1816-1819     90-94     0.41835  0.89185  1.78     461     411     983     1074   2.33
1816-1819     95-99     0.54586  0.94569  1.54      50      47      86       90   1.81
1816-1819    100-104    0.69492  1.00000  1.44       3       3       4        4   1.44
1816-1819    105-109         .       .    .       0       0       0        0      .
1816-1819    110+             .        .    .       0       0       0        0      .
1820-1829        0      0.22895  0.19729  0.30  100000   19729   86172  3752863  37.53
1820-1829      1-4      0.03866  0.14105  1.51   80271   11322  292876  3666691  45.68
1820-1829      5-9      0.01181  0.05707  2.08   68949    3935  333248  3373815  48.93
1820-1829     10-14     0.00526  0.02594  2.33   65014    1687  320574  3040567  46.77
1820-1829     15-19     0.00683  0.03366  2.84   63327    2131  312027  2719993  42.95
1820-1829     20-24     0.01225  0.05944  2.50   61196    3637  296886  2407966  39.35
1820-1829     25-29     0.01103  0.05357  2.34   57558    3084  279588  2111080  36.68
1820-1829     30-34     0.00927  0.04530  2.48   54475    2468  266150  1831493  33.62
1820-1829     35-39     0.00944  0.04614  2.55   52007    2400  254167  1565342  30.10
1820-1829     40-44     0.01318  0.06389  2.62   49607    3170  240501  1311175  26.43
1820-1829     45-49     0.01605  0.07720  2.55   46438    3585  223393  1070674  23.06
1820-1829     50-54     0.01921  0.09172  2.54   42853    3931  204597   847281  19.77
1820-1829     55-59     0.02447  0.11552  2.58   38922    4496  183750   642684  16.51
1820-1829     60-64     0.03661  0.16828  2.60   34426    5793  158222   458934  13.33
1820-1829     65-69     0.05340  0.23627  2.56   28633    6765  126677   300712  10.50
1820-1829     70-74     0.08433  0.34839  2.51   21868    7619   90339   174035   7.96
1820-1829     75-79     0.13266  0.49488  2.43   14249    7052   53156    83696   5.87
1820-1829     80-84     0.20665  0.65904  2.25    7198    4744   22955    30540   4.24
1820-1829     85-89     0.30539  0.80090  2.03    2454    1966    6436     7585   3.09
1820-1829     90-94     0.41424  0.88830  1.79     489     434    1048     1149   2.35
1820-1829     95-99     0.52574  0.94153  1.59      55      51      98      101   1.86
1820-1829    100-104    0.88561  1.00000  1.13       3       3       4        4   1.13
1820-1829    105-109         .       .    .       0       0       0        0      .
1820-1829    110+             .        .    .       0       0       0        0      .
1830-1839        0      0.21286  0.18522  0.30  100000   18522   87018  3873085  38.73
1830-1839      1-4      0.03697  0.13528  1.48   81478   11023  298179  3786068  46.47
1830-1839      5-9      0.00978  0.04755  2.08   70455    3350  342501  3487889  49.51
1830-1839     10-14     0.00500  0.02470  2.40   67105    1658  331219  3145389  46.87
1830-1839     15-19     0.00705  0.03474  2.83   65447    2274  322297  2814169  43.00
1830-1839     20-24     0.01345  0.06506  2.52   63173    4110  305656  2491872  39.45
1830-1839     25-29     0.00881  0.04304  2.34   59063    2542  288564  2186216  37.01
1830-1839     30-34     0.01012  0.04941  2.61   56521    2793  275920  1897653  33.57
1830-1839     35-39     0.01150  0.05590  2.53   53728    3004  261215  1621732  30.18
1830-1839     40-44     0.01243  0.06030  2.50   50725    3059  245980  1360517  26.82
1830-1839     45-49     0.01430  0.06907  2.56   47666    3292  230308  1114537  23.38
1830-1839     50-54     0.01828  0.08752  2.56   44374    3883  212395   884229  19.93
1830-1839     55-59     0.02369  0.11208  2.60   40490    4538  191563   671834  16.59
1830-1839     60-64     0.03570  0.16423  2.57   35952    5905  165408   480271  13.36
1830-1839     65-69     0.05388  0.23832  2.58   30047    7161  132903   314863  10.48
1830-1839     70-74     0.08532  0.35179  2.51   22887    8051   94369   181960   7.95
1830-1839     75-79     0.13375  0.49674  2.41   14835    7369   55097    87591   5.90
1830-1839     80-84     0.20043  0.64702  2.26    7466    4831   24101    32494   4.35
1830-1839     85-89     0.29356  0.78723  2.06    2635    2075    7067     8393   3.18
1830-1839     90-94     0.41072  0.88816  1.81     561     498    1213     1326   2.36
1830-1839     95-99     0.54176  0.95219  1.59      63      60     110      113   1.81
1830-1839    100-104    0.96517  1.00000  1.04       3       3       3        3   1.04
1830-1839    105-109         .       .    .       0       0       0        0      .
1830-1839    110+             .        .    .       0       0       0        0      .
1840-1849        0      0.19049  0.16805  0.30  100000   16805   88221  3973920  39.74
1840-1849      1-4      0.03440  0.12665  1.49   83195   10537  306284  3885699  46.71
1840-1849      5-9      0.00972  0.04728  2.10   72658    3436  353345  3579414  49.26
1840-1849     10-14     0.00544  0.02683  2.43   69223    1857  341337  3226070  46.60
1840-1849     15-19     0.00655  0.03225  2.70   67366    2173  331827  2884732  42.82
1840-1849     20-24     0.01286  0.06244  2.68   65193    4071  316504  2552906  39.16
1840-1849     25-29     0.01136  0.05514  2.36   61122    3370  296714  2236402  36.59
1840-1849     30-34     0.00983  0.04794  2.45   57752    2769  281689  1939687  33.59
1840-1849     35-39     0.01049  0.05113  2.54   54983    2811  268007  1657999  30.15
1840-1849     40-44     0.01274  0.06176  2.54   52172    3222  252932  1389991  26.64
1840-1849     45-49     0.01460  0.07046  2.54   48949    3449  236264  1137060  23.23
1840-1849     50-54     0.01853  0.08864  2.56   45500    4033  217664   900796  19.80
1840-1849     55-59     0.02540  0.11971  2.61   41467    4964  195476   683132  16.47
1840-1849     60-64     0.03719  0.17056  2.57   36503    6226  167400   487656  13.36
1840-1849     65-69     0.05516  0.24301  2.56   30277    7358  133398   320256  10.58
1840-1849     70-74     0.08315  0.34440  2.51   22919    7893   94932   186859   8.15
1840-1849     75-79     0.12601  0.47569  2.43   15026    7148   56724    91927   6.12
1840-1849     80-84     0.19433  0.63577  2.28    7878    5009   25774    35202   4.47
1840-1849     85-89     0.28245  0.77205  2.06    2869    2215    7843     9428   3.29
1840-1849     90-94     0.40148  0.88350  1.83     654     578    1439     1585   2.42
1840-1849     95-99     0.51269  0.93406  1.60      76      71     139      145   1.91
1840-1849    100-104    0.75862  0.96190  1.12       5       5       6        7   1.32
1840-1849    105-109    0.65977  0.94582  1.23       0       0       0        0   1.45
1840-1849    110+       3.00000  1.00000  0.33       0       0       0        0   0.33
1850-1859        0      0.20995  0.18302  0.30  100000   18302   87172  3962316  39.62
1850-1859      1-4      0.03635  0.13324  1.49   81698   10886  299489  3875144  47.43
1850-1859      5-9      0.00831  0.04053  1.94   70813    2870  345279  3575655  50.49
1850-1859     10-14     0.00459  0.02269  2.57   67943    1541  335967  3230376  47.55
1850-1859     15-19     0.00691  0.03405  2.85   66402    2261  327140  2894409  43.59
1850-1859     20-24     0.01101  0.05354  2.40   64141    3434  311776  2567270  40.03
1850-1859     25-29     0.00896  0.04379  2.43   60707    2658  296714  2255494  37.15
1850-1859     30-34     0.00971  0.04740  2.53   58049    2751  283445  1958780  33.74
1850-1859     35-39     0.01063  0.05180  2.52   55297    2864  269396  1675334  30.30
1850-1859     40-44     0.01234  0.05987  2.51   52433    3139  254362  1405939  26.81
1850-1859     45-49     0.01490  0.07190  2.56   49294    3544  237831  1151576  23.36
1850-1859     50-54     0.01925  0.09196  2.57   45750    4207  218532   913745  19.97
1850-1859     55-59     0.02594  0.12202  2.57   41543    5069  195402   695213  16.73
1850-1859     60-64     0.03554  0.16361  2.57   36474    5967  167895   499811  13.70
1850-1859     65-69     0.05138  0.22822  2.56   30506    6962  135515   331916  10.88
1850-1859     70-74     0.07906  0.33073  2.53   23544    7787   98491   196401   8.34
1850-1859     75-79     0.12215  0.46472  2.43   15757    7323   59948    97910   6.21
1850-1859     80-84     0.19066  0.63028  2.31    8435    5316   27882    37962   4.50
1850-1859     85-89     0.29212  0.78567  2.06    3118    2450    8387    10079   3.23
1850-1859     90-94     0.38561  0.86900  1.84     668     581    1506     1692   2.53
1850-1859     95-99     0.45271  0.90804  1.70      88      80     176      186   2.13
1850-1859    100-104    0.76079  0.96766  1.15       8       8      10       11   1.31
1850-1859    105-109    0.84270  0.96154  0.99       0       0       0        0   1.15
1850-1859    110+       3.00000  1.00000  0.33       0       0       0        0   0.33
1860-1869        0      0.21513  0.18694  0.30  100000   18694   86897  4068909  40.69
1860-1869      1-4      0.03402  0.12541  1.50   81306   10196  299689  3982012  48.98
1860-1869      5-9      0.00788  0.03849  2.00   71110    2737  347328  3682323  51.78
1860-1869     10-14     0.00401  0.01983  2.45   68372    1356  338410  3334996  48.78
1860-1869     15-19     0.00566  0.02796  2.78   67017    1874  330933  2996586  44.71
1860-1869     20-24     0.00935  0.04567  2.50   65143    2975  318291  2665653  40.92
1860-1869     25-29     0.00796  0.03902  2.43   62168    2426  304606  2347362  37.76
1860-1869     30-34     0.00863  0.04227  2.52   59743    2525  292457  2042756  34.19
1860-1869     35-39     0.01008  0.04920  2.56   57218    2815  279218  1750300  30.59
1860-1869     40-44     0.01205  0.05851  2.56   54402    3183  264236  1471082  27.04
1860-1869     45-49     0.01548  0.07458  2.57   51219    3820  246801  1206846  23.56
1860-1869     50-54     0.01868  0.08930  2.55   47400    4233  226642   960045  20.25
1860-1869     55-59     0.02426  0.11459  2.58   43167    4947  203857   733403  16.99
1860-1869     60-64     0.03443  0.15894  2.59   38220    6075  176448   529546  13.86
1860-1869     65-69     0.05048  0.22485  2.57   32146    7228  143179   353099  10.98
1860-1869     70-74     0.07919  0.33140  2.54   24918    8258  104283   209919   8.42
1860-1869     75-79     0.12534  0.47355  2.42   16660    7889   62945   105636   6.34
1860-1869     80-84     0.17509  0.59401  2.29    8771    5210   29756    42692   4.87
1860-1869     85-89     0.25279  0.73616  2.16    3561    2621   10370    12936   3.63
1860-1869     90-94     0.35313  0.84552  1.92     939     794    2249     2567   2.73
1860-1869     95-99     0.44271  0.89781  1.69     145     130     294      317   2.19
1860-1869    100-104    0.64202  0.95796  1.34      15      14      22       23   1.54
1860-1869    105-109    0.89621  1.00000  1.12       1       1       1        1   1.12
1860-1869    110+             .        .    .       0       0       0        0      .
1870-1879        0      0.20911  0.18238  0.30  100000   18238   87217  4210759  42.11
1870-1879      1-4      0.02788  0.10419  1.47   81762    8518  305507  4123542  50.43
1870-1879      5-9      0.00625  0.03069  1.95   73243    2248  359372  3818035  52.13
1870-1879     10-14     0.00366  0.01813  2.56   70996    1287  351833  3458663  48.72
1870-1879     15-19     0.00562  0.02777  2.82   69709    1936  344319  3106830  44.57
1870-1879     20-24     0.00850  0.04158  2.47   67773    2818  331747  2762511  40.76
1870-1879     25-29     0.00755  0.03704  2.49   64955    2406  318723  2430765  37.42
1870-1879     30-34     0.00819  0.04015  2.54   62549    2511  306572  2112042  33.77
1870-1879     35-39     0.01546  0.07452  2.61   60037    4474  289474  1805470  30.07
1870-1879     40-44     0.01546  0.07430  2.38   55563    4128  266991  1515997  27.28
1870-1879     45-49     0.01370  0.06623  2.51   51435    3407  248694  1249005  24.28
1870-1879     50-54     0.01724  0.08276  2.60   48029    3975  230588  1000311  20.83
1870-1879     55-59     0.02386  0.11282  2.60   44054    4970  208344   769724  17.47
1870-1879     60-64     0.03513  0.16200  2.60   39084    6331  180216   561380  14.36
1870-1879     65-69     0.05029  0.22368  2.53   32752    7326  145682   381164  11.64
1870-1879     70-74     0.06939  0.29579  2.51   25426    7521  108386   235482   9.26
1870-1879     75-79     0.10323  0.40975  2.48   17905    7337   71070   127095   7.10
1870-1879     80-84     0.15589  0.55198  2.36   10569    5834   37422    56025   5.30
1870-1879     85-89     0.22974  0.69774  2.19    4735    3304   14380    18603   3.93
1870-1879     90-94     0.32320  0.81676  1.97    1431    1169    3617     4223   2.95
1870-1879     95-99     0.41732  0.88950  1.78     262     233     559      606   2.31
1870-1879    100-104    0.62313  0.94890  1.34      29      27      44       47   1.63
1870-1879    105-109    0.54633  0.92405  1.42       1       1       3        3   2.03
1870-1879    110+       0.22487  1.00000  4.45       0       0       1        1   4.45
1880-1889        0      0.20233  0.17720  0.30  100000   17720   87580  4060539  40.61
1880-1889      1-4      0.02706  0.10119  1.42   82280    8326  307678  3972959  48.29
1880-1889      5-9      0.00528  0.02599  1.86   73955    1922  363747  3665281  49.56
1880-1889     10-14     0.00294  0.01460  2.54   72033    1052  357573  3301534  45.83
1880-1889     15-19     0.00500  0.02474  2.77   70981    1756  350997  2943960  41.48
1880-1889     20-24     0.00730  0.03586  2.49   69225    2482  339885  2592964  37.46
1880-1889     25-29     0.02203  0.10486  2.72   66743    6999  317760  2253079  33.76
1880-1889     30-34     0.02758  0.12860  2.38   59744    7683  278565  1935319  32.39
1880-1889     35-39     0.01326  0.06381  2.09   52061    3322  250622  1656753  31.82
1880-1889     40-44     0.01021  0.04980  2.58   48739    2427  237825  1406131  28.85
1880-1889     45-49     0.01298  0.06295  2.59   46312    2915  224546  1168306  25.23
1880-1889     50-54     0.01790  0.08580  2.60   43396    3723  208058   943761  21.75
1880-1889     55-59     0.02363  0.11169  2.55   39673    4431  187488   735703  18.54
1880-1889     60-64     0.02933  0.13679  2.55   35242    4821  164375   548215  15.56
1880-1889     65-69     0.04077  0.18565  2.60   30421    5648  138531   383840  12.62
1880-1889     70-74     0.06153  0.26733  2.55   24773    6623  107635   245309   9.90
1880-1889     75-79     0.09345  0.37859  2.49   18151    6872   73531   137673   7.59
1880-1889     80-84     0.14181  0.51709  2.38   11279    5832   41126    64143   5.69
1880-1889     85-89     0.20917  0.66207  2.23    5447    3606   17240    23017   4.23
1880-1889     90-94     0.30027  0.79388  2.03    1841    1461    4866     5777   3.14
1880-1889     95-99     0.40068  0.87851  1.80     379     333     832      911   2.40
1880-1889    100-104    0.58728  0.95375  1.46      46      44      75       79   1.71
1880-1889    105-109    0.53117  0.92105  1.45       2       2       4        4   1.89
1880-1889    110+       0.51854  1.00000  1.93       0       0       0        0   1.93
1890-1899        0      0.20368  0.17823  0.30  100000   17823   87508  4098547  40.99
1890-1899      1-4      0.02071  0.07847  1.32   82177    6449  311410  4011039  48.81
1890-1899      5-9      0.00431  0.02128  2.14   75728    1612  374024  3699629  48.85
1890-1899     10-14     0.00254  0.01263  2.51   74116     936  368252  3325605  44.87
1890-1899     15-19     0.01234  0.06064  3.60   73180    4438  359682  2957353  40.41
1890-1899     20-24     0.03587  0.16413  2.41   68742   11283  314528  2597671  37.79
1890-1899     25-29     0.01385  0.06633  1.84   57460    3811  275254  2283143  39.73
1890-1899     30-34     0.00657  0.03232  2.54   53648    1734  263978  2007889  37.43
1890-1899     35-39     0.00782  0.03838  2.59   51914    1993  254770  1743910  33.59
1890-1899     40-44     0.01065  0.05191  2.61   49922    2591  243427  1489141  29.83
1890-1899     45-49     0.01322  0.06398  2.49   47330    3028  229042  1245714  26.32
1890-1899     50-54     0.01414  0.06832  2.54   44302    3027  214068  1016672  22.95
1890-1899     55-59     0.01856  0.08889  2.63   41276    3669  197664   802604  19.45
1890-1899     60-64     0.02677  0.12578  2.60   37607    4730  176686   604940  16.09
1890-1899     65-69     0.03923  0.17918  2.59   32877    5891  150162   428254  13.03
1890-1899     70-74     0.05869  0.25641  2.54   26986    6920  117909   278092  10.31
1890-1899     75-79     0.08749  0.35860  2.49   20066    7196   82243   160183   7.98
1890-1899     80-84     0.13005  0.48614  2.40   12870    6257   48110    77940   6.06
1890-1899     85-89     0.19247  0.63028  2.26    6614    4168   21657    29830   4.51
1890-1899     90-94     0.27818  0.76799  2.08    2445    1878    6750     8172   3.34
1890-1899     95-99     0.38330  0.86877  1.85     567     493    1286     1422   2.51
1890-1899    100-104    0.54117  0.94500  1.56      74      70     130      136   1.83
1890-1899    105-109    0.67927  0.98109  1.38       4       4       6        6   1.46
1890-1899    110+       1.36623  1.00000  0.73       0       0       0        0   0.73
1900-1909        0      0.17305  0.15433  0.30  100000   15433   89183  5080071  50.80
1900-1909      1-4      0.01514  0.05818  1.31   84567    4920  325044  4990888  59.02
1900-1909      5-9      0.00338  0.01673  2.20   79647    1332  394508  4665844  58.58
1900-1909     10-14     0.00255  0.01265  2.56   78315     991  389155  4271336  54.54
1900-1909     15-19     0.00473  0.02342  2.73   77324    1811  382511  3882181  50.21
1900-1909     20-24     0.00572  0.02818  2.44   75513    2128  372117  3499670  46.35
1900-1909     25-29     0.00534  0.02636  2.51   73385    1934  362112  3127553  42.62
1900-1909     30-34     0.00765  0.03759  2.65   71451    2686  350937  2765441  38.70
1900-1909     35-39     0.00932  0.04550  2.43   68765    3129  335785  2414504  35.11
1900-1909     40-44     0.00778  0.03814  2.43   65636    2503  321752  2078719  31.67
1900-1909     45-49     0.00821  0.04029  2.63   63133    2543  309628  1756967  27.83
1900-1909     50-54     0.01195  0.05809  2.62   60589    3520  294568  1447339  23.89
1900-1909     55-59     0.01754  0.08422  2.63   57070    4806  273953  1152771  20.20
1900-1909     60-64     0.02597  0.12223  2.60   52263    6388  245969   878818  16.82
1900-1909     65-69     0.03737  0.17127  2.57   45875    7857  210244   632849  13.80
1900-1909     70-74     0.05296  0.23432  2.54   38018    8909  168209   422604  11.12
1900-1909     75-79     0.07640  0.32069  2.50   29110    9335  122194   254395   8.74
1900-1909     80-84     0.11253  0.43645  2.43   19775    8631   76693   132202   6.69
1900-1909     85-89     0.16641  0.57678  2.34   11144    6428   38625    55508   4.98
1900-1909     90-94     0.25410  0.73766  2.16    4716    3479   13692    16884   3.58
1900-1909     95-99     0.37295  0.86249  1.88    1237    1067    2861     3192   2.58
1900-1909    100-104    0.50660  0.93571  1.63     170     159     314      331   1.94
1900-1909    105-109    0.66133  0.98063  1.41      11      11      16       16   1.49
1900-1909    110+       1.67523  1.00000  0.60       0       0       0        0   0.60
1910-1919        0      0.15540  0.14013  0.30  100000   14013   90178  5322345  53.22
1910-1919      1-4      0.01432  0.05515  1.28   85987    4742  331037  5232167  60.85
1910-1919      5-9      0.00308  0.01528  2.10   81245    1241  402621  4901130  60.33
1910-1919     10-14     0.00185  0.00921  2.59   80003     737  398244  4498509  56.23
1910-1919     15-19     0.00346  0.01719  2.75   79267    1362  393269  4100265  51.73
1910-1919     20-24     0.00807  0.03963  2.74   77904    3087  382536  3706996  47.58
1910-1919     25-29     0.01152  0.05596  2.42   74817    4186  363285  3324460  44.43
1910-1919     30-34     0.00682  0.03343  2.15   70631    2361  346414  2961175  41.92
1910-1919     35-39     0.00357  0.01770  2.54   68269    1208  338376  2614761  38.30
1910-1919     40-44     0.00467  0.02311  2.63   67061    1550  331635  2276384  33.94
1910-1919     45-49     0.00687  0.03381  2.66   65511    2215  322371  1944749  29.69
1910-1919     50-54     0.01059  0.05168  2.65   63296    3271  308785  1622379  25.63
1910-1919     55-59     0.01573  0.07581  2.61   60025    4550  289251  1313594  21.88
1910-1919     60-64     0.02235  0.10604  2.59   55475    5883  263216  1024342  18.47
1910-1919     65-69     0.03063  0.14250  2.56   49592    7067  230743   761126  15.35
1910-1919     70-74     0.04250  0.19243  2.55   42525    8183  192558   530383  12.47
1910-1919     75-79     0.06015  0.26197  2.54   34342    8997  149577   337825   9.84
1910-1919     80-84     0.09356  0.37920  2.50   25345    9611  102724   188248   7.43
1910-1919     85-89     0.14699  0.53107  2.39   15734    8356   56846    85524   5.44
1910-1919     90-94     0.22769  0.69616  2.21    7378    5136   22559    28678   3.89
1910-1919     95-99     0.34698  0.84578  1.97    2242    1896    5465     6119   2.73
1910-1919    100-104    0.51394  0.94284  1.64     346     326     634      654   1.89
1910-1919    105-109    0.99697  0.99578  0.98      20      20      20       20   1.00
1910-1919    110+       2.29930  1.00000  0.43       0       0       0        0   0.43
1920-1929        0      0.11752  0.10858  0.30  100000   10858   92390  6031288  60.31
1920-1929      1-4      0.00915  0.03571  1.24   89142    3183  347783  5938898  66.62
1920-1929      5-9      0.00211  0.01048  2.19   85959     901  427266  5591115  65.04
1920-1929     10-14     0.00153  0.00760  2.63   85058     647  423755  5163849  60.71
1920-1929     15-19     0.00407  0.02017  3.01   84411    1703  418662  4740094  56.15
1920-1929     20-24     0.00692  0.03396  2.25   82708    2809  405817  4321432  52.25
1920-1929     25-29     0.00224  0.01114  2.38   79900     890  397170  3915615  49.01
1920-1929     30-34     0.00228  0.01136  2.56   79010     898  392862  3518445  44.53
1920-1929     35-39     0.00293  0.01456  2.63   78112    1137  387863  3125583  40.01
1920-1929     40-44     0.00444  0.02196  2.67   76975    1690  380933  2737720  35.57
1920-1929     45-49     0.00688  0.03384  2.66   75285    2548  370454  2356787  31.30
1920-1929     50-54     0.01021  0.04985  2.63   72737    3626  355080  1986333  27.31
1920-1929     55-59     0.01418  0.06855  2.59   69112    4738  334156  1631253  23.60
1920-1929     60-64     0.01896  0.09062  2.57   64374    5834  307708  1297097  20.15
1920-1929     65-69     0.02487  0.11728  2.57   58540    6866  276051   989389  16.90
1920-1929     70-74     0.03448  0.15908  2.57   51674    8220  238387   713338  13.80
1920-1929     75-79     0.04934  0.22009  2.55   43454    9564  193845   474952  10.93
1920-1929     80-84     0.07587  0.31935  2.52   33890   10823  142647   281106   8.29
1920-1929     85-89     0.12248  0.46737  2.47   23067   10781   88020   138460   6.00
1920-1929     90-94     0.20903  0.66794  2.30   12287    8207   39262    50440   4.11
1920-1929     95-99     0.34454  0.84413  1.98    4080    3444    9996    11178   2.74
1920-1929    100-104    0.52195  0.94075  1.60     636     598    1146     1183   1.86
1920-1929    105-109    1.02872  0.99558  0.95      38      38      36       37   0.97
1920-1929    110+       2.25085  1.00000  0.44       0       0       0        0   0.44
1930-1931        0      0.09702  0.09084  0.30  100000    9084   93633  6452767  64.53
1930-1931      1-4      0.00736  0.02884  1.24   90916    2622  356435  6359134  69.95
1930-1931      5-9      0.00181  0.00902  2.32   88293     797  439333  6002699  67.99
1930-1931     10-14     0.00213  0.01058  2.83   87497     926  435479  5563367  63.58
1930-1931     15-19     0.00156  0.00776  2.46   86571     672  431145  5127888  59.23
1930-1931     20-24     0.00163  0.00810  2.62   85899     696  427841  4696742  54.68
1930-1931     25-29     0.00189  0.00940  2.51   85203     801  424024  4268901  50.10
1930-1931     30-34     0.00214  0.01066  2.60   84402     900  419850  3844877  45.55
1930-1931     35-39     0.00292  0.01450  2.66   83502    1211  414680  3425027  41.02
1930-1931     40-44     0.00444  0.02198  2.69   82292    1809  407272  3010347  36.58
1930-1931     45-49     0.00685  0.03373  2.64   80483    2714  396010  2603075  32.34
1930-1931     50-54     0.00976  0.04768  2.61   77768    3708  379978  2207065  28.38
1930-1931     55-59     0.01299  0.06297  2.56   74060    4664  358904  1827087  24.67
1930-1931     60-64     0.01697  0.08148  2.58   69397    5654  333292  1468183  21.16
1930-1931     65-69     0.02273  0.10770  2.56   63742    6865  301986  1134891  17.80
1930-1931     70-74     0.03014  0.14041  2.57   56878    7986  264943   832905  14.64
1930-1931     75-79     0.04144  0.18831  2.58   48892    9207  222183   567963  11.62
1930-1931     80-84     0.06599  0.28439  2.57   39685   11286  171036   345779   8.71
1930-1931     85-89     0.11474  0.44729  2.54   28399   12703  110712   174743   6.15
1930-1931     90-94     0.21113  0.67051  2.28   15696   10525   49849    64031   4.08
1930-1931     95-99     0.34436  0.84401  1.98    5172    4365   12676    14182   2.74
1930-1931    100-104    0.51974  0.94033  1.61     807     759    1460     1506   1.87
1930-1931    105-109    1.02872  0.99558  0.95      48      48      47       47   0.97
1930-1931    110+       2.25085  1.00000  0.44       0       0       0        0   0.44
