Germany, Life tables (period 5x1), Males	Last modified: 03 Jun 2022;  Methods Protocol: v6 (2017)

  Year          Age         mx       qx    ax      lx      dx      Lx       Tx     ex
  1990           0      0.00808  0.00803  0.13  100000     803   99304  7191125  71.91
  1990         1-4      0.00047  0.00186  1.69   99197     185  396361  7091821  71.49
  1990         5-9      0.00024  0.00122  2.35   99012     121  494741  6695460  67.62
  1990        10-14     0.00025  0.00123  2.74   98892     122  494183  6200719  62.70
  1990        15-19     0.00078  0.00391  3.03   98770     387  493087  5706536  57.78
  1990        20-24     0.00110  0.00548  2.43   98383     539  490533  5213449  52.99
  1990        25-29     0.00113  0.00565  2.56   97844     553  487872  4722915  48.27
  1990        30-34     0.00147  0.00734  2.63   97291     715  484762  4235043  43.53
  1990        35-39     0.00203  0.01011  2.63   96577     977  480569  3750281  38.83
  1990        40-44     0.00286  0.01422  2.65   95600    1359  474809  3269712  34.20
  1990        45-49     0.00470  0.02324  2.65   94241    2190  466065  2794903  29.66
  1990        50-54     0.00762  0.03745  2.68   92051    3447  452242  2328839  25.30
  1990        55-59     0.01267  0.06151  2.66   88604    5450  430282  1876596  21.18
  1990        60-64     0.01976  0.09433  2.61   83154    7844  396996  1446314  17.39
  1990        65-69     0.03080  0.14348  2.62   75310   10806  350847  1049318  13.93
  1990        70-74     0.04837  0.21614  2.54   64504   13942  288211   698470  10.83
  1990        75-79     0.07966  0.33300  2.54   50563   16837  211351   410259   8.11
  1990        80-84     0.13143  0.49098  2.42   33725   16558  125986   198908   5.90
  1990        85-89     0.20581  0.65657  2.24   17167   11271   54765    72921   4.25
  1990        90-94     0.30506  0.80098  2.04    5896    4722   15480    18156   3.08
  1990        95-99     0.42769  0.89885  1.78    1173    1055    2466     2676   2.28
  1990       100-104    0.55939  0.95149  1.53     119     113     202      210   1.77
  1990       105-109    0.68435  0.97585  1.34       6       6       8        8   1.46
  1990       110+       0.77607  1.00000  1.29       0       0       0        0   1.29
  1991           0      0.00727  0.00723  0.13  100000     723   99375  7209448  72.09
  1991         1-4      0.00045  0.00179  1.66   99277     178  396692  7110073  71.62
  1991         5-9      0.00022  0.00109  2.36   99099     109  495208  6713381  67.74
  1991        10-14     0.00021  0.00105  2.66   98990     104  494708  6218174  62.82
  1991        15-19     0.00081  0.00406  3.00   98886     402  493631  5723465  57.88
  1991        20-24     0.00114  0.00567  2.49   98485     558  491023  5229835  53.10
  1991        25-29     0.00121  0.00602  2.57   97926     590  488197  4738812  48.39
  1991        30-34     0.00152  0.00755  2.60   97337     735  484921  4250615  43.67
  1991        35-39     0.00213  0.01057  2.63   96602    1021  480584  3765693  38.98
  1991        40-44     0.00301  0.01493  2.63   95580    1427  474522  3285110  34.37
  1991        45-49     0.00471  0.02331  2.68   94153    2194  465679  2810588  29.85
  1991        50-54     0.00750  0.03685  2.66   91959    3389  451864  2344909  25.50
  1991        55-59     0.01226  0.05962  2.68   88570    5281  430621  1893045  21.37
  1991        60-64     0.01982  0.09464  2.61   83289    7883  397642  1462424  17.56
  1991        65-69     0.02984  0.13929  2.62   75407   10503  352009  1064782  14.12
  1991        70-74     0.04743  0.21264  2.57   64903   13801  290962   712774  10.98
  1991        75-79     0.07725  0.32486  2.55   51102   16601  214915   421812   8.25
  1991        80-84     0.12790  0.48200  2.45   34501   16629  130019   206897   6.00
  1991        85-89     0.20282  0.65158  2.26   17872   11645   57416    76878   4.30
  1991        90-94     0.29929  0.79419  2.05    6227    4945   16523    19463   3.13
  1991        95-99     0.42499  0.89748  1.78    1282    1150    2706     2940   2.29
  1991       100-104    0.55823  0.95127  1.54     131     125     224      233   1.78
  1991       105-109    0.68474  0.97595  1.34       6       6       9        9   1.46
  1991       110+       0.77743  1.00000  1.29       0       0       0        0   1.29
  1992           0      0.00679  0.00675  0.14  100000     675   99417  7252902  72.53
  1992         1-4      0.00039  0.00156  1.69   99325     155  396942  7153486  72.02
  1992         5-9      0.00020  0.00099  2.37   99170      98  495592  6756543  68.13
  1992        10-14     0.00020  0.00098  2.69   99072      97  495134  6260951  63.20
  1992        15-19     0.00076  0.00379  3.11   98974     375  494164  5765817  58.26
  1992        20-24     0.00110  0.00548  2.44   98600     540  491614  5271653  53.47
  1992        25-29     0.00113  0.00564  2.55   98060     553  488945  4780039  48.75
  1992        30-34     0.00148  0.00737  2.63   97506     719  485832  4291095  44.01
  1992        35-39     0.00207  0.01032  2.65   96788     999  481593  3805262  39.32
  1992        40-44     0.00298  0.01481  2.62   95789    1418  475575  3323670  34.70
  1992        45-49     0.00454  0.02244  2.67   94371    2118  466929  2848095  30.18
  1992        50-54     0.00726  0.03569  2.65   92253    3292  453524  2381166  25.81
  1992        55-59     0.01192  0.05800  2.69   88961    5160  432894  1927642  21.67
  1992        60-64     0.01936  0.09258  2.64   83801    7758  400677  1494748  17.84
  1992        65-69     0.02884  0.13496  2.63   76042   10263  355854  1094071  14.39
  1992        70-74     0.04609  0.20726  2.57   65779   13633  295798   738216  11.22
  1992        75-79     0.07449  0.31470  2.54   52146   16410  220305   442418   8.48
  1992        80-84     0.12145  0.46345  2.45   35736   16562  136364   222113   6.22
  1992        85-89     0.19174  0.63014  2.28   19174   12082   63014    85749   4.47
  1992        90-94     0.29142  0.78509  2.06    7092    5568   19105    22735   3.21
  1992        95-99     0.40799  0.88719  1.82    1524    1352    3314     3629   2.38
  1992       100-104    0.53977  0.94591  1.57     172     163     301      315   1.83
  1992       105-109    0.66730  0.97346  1.36       9       9      14       14   1.49
  1992       110+       0.76218  1.00000  1.31       0       0       0        0   1.31
  1993           0      0.00650  0.00646  0.14  100000     646   99442  7263407  72.63
  1993         1-4      0.00037  0.00149  1.69   99354     148  397073  7163965  72.11
  1993         5-9      0.00020  0.00097  2.40   99206      97  495777  6766892  68.21
  1993        10-14     0.00021  0.00104  2.73   99109     103  495311  6271115  63.28
  1993        15-19     0.00075  0.00376  3.07   99006     373  494312  5775804  58.34
  1993        20-24     0.00107  0.00533  2.46   98634     526  491831  5281492  53.55
  1993        25-29     0.00103  0.00516  2.55   98108     506  489299  4789661  48.82
  1993        30-34     0.00139  0.00693  2.65   97602     677  486419  4300361  44.06
  1993        35-39     0.00204  0.01017  2.69   96925     986  482349  3813942  39.35
  1993        40-44     0.00292  0.01450  2.64   95940    1391  476417  3331594  34.73
  1993        45-49     0.00454  0.02248  2.71   94548    2126  467880  2855177  30.20
  1993        50-54     0.00718  0.03532  2.67   92423    3264  454510  2387297  25.83
  1993        55-59     0.01159  0.05646  2.70   89158    5034  434197  1932787  21.68
  1993        60-64     0.01924  0.09206  2.66   84124    7745  402464  1498590  17.81
  1993        65-69     0.02910  0.13604  2.61   76379   10390  357070  1096126  14.35
  1993        70-74     0.04646  0.20887  2.59   65989   13783  296663   739056  11.20
  1993        75-79     0.07387  0.31278  2.55   52206   16329  221041   442394   8.47
  1993        80-84     0.12170  0.46454  2.45   35877   16666  136947   221353   6.17
  1993        85-89     0.19560  0.63798  2.28   19210   12256   62657    84406   4.39
  1993        90-94     0.29943  0.79519  2.05    6955    5530   18469    21748   3.13
  1993        95-99     0.42313  0.89680  1.79    1424    1277    3019     3279   2.30
  1993       100-104    0.56023  0.95204  1.53     147     140     250      260   1.77
  1993       105-109    0.68999  0.97675  1.33       7       7      10       10   1.45
  1993       110+       0.78429  1.00000  1.28       0       0       0        0   1.28
  1994           0      0.00611  0.00608  0.14  100000     608   99476  7294743  72.95
  1994         1-4      0.00036  0.00144  1.66   99392     143  397234  7195267  72.39
  1994         5-9      0.00018  0.00091  2.37   99249      91  496008  6798033  68.49
  1994        10-14     0.00019  0.00095  2.64   99158      94  495570  6302026  63.56
  1994        15-19     0.00078  0.00390  3.03   99064     386  494560  5806456  58.61
  1994        20-24     0.00104  0.00516  2.45   98678     509  492090  5311896  53.83
  1994        25-29     0.00103  0.00512  2.54   98169     502  489606  4819806  49.10
  1994        30-34     0.00138  0.00688  2.65   97666     672  486752  4330201  44.34
  1994        35-39     0.00201  0.01001  2.63   96994     971  482667  3843449  39.63
  1994        40-44     0.00299  0.01487  2.62   96023    1428  476723  3360781  35.00
  1994        45-49     0.00446  0.02208  2.69   94595    2089  468144  2884059  30.49
  1994        50-54     0.00702  0.03452  2.66   92506    3193  455072  2415915  26.12
  1994        55-59     0.01125  0.05480  2.68   89313    4895  435216  1960843  21.95
  1994        60-64     0.01853  0.08885  2.68   84418    7501  404689  1525627  18.07
  1994        65-69     0.02858  0.13372  2.60   76918   10286  359861  1120938  14.57
  1994        70-74     0.04560  0.20580  2.64   66632   13713  300730   761077  11.42
  1994        75-79     0.06989  0.29933  2.60   52919   15840  226655   460346   8.70
  1994        80-84     0.11782  0.45339  2.46   37079   16811  142685   233691   6.30
  1994        85-89     0.19056  0.62838  2.29   20268   12736   66835    91006   4.49
  1994        90-94     0.29023  0.78472  2.07    7532    5910   20364    24170   3.21
  1994        95-99     0.41420  0.89152  1.81    1621    1446    3490     3806   2.35
  1994       100-104    0.55097  0.94948  1.55     176     167     303      316   1.80
  1994       105-109    0.68169  0.97565  1.34       9       9      13       13   1.46
  1994       110+       0.77739  1.00000  1.29       0       0       0        0   1.29
  1995           0      0.00593  0.00590  0.14  100000     590   99492  7311978  73.12
  1995         1-4      0.00036  0.00142  1.60   99410     142  397303  7212487  72.55
  1995         5-9      0.00016  0.00082  2.32   99269      81  496126  6815184  68.65
  1995        10-14     0.00018  0.00090  2.80   99188      89  495741  6319058  63.71
  1995        15-19     0.00077  0.00383  3.09   99098     379  494768  5823317  58.76
  1995        20-24     0.00103  0.00514  2.48   98719     507  492315  5328549  53.98
  1995        25-29     0.00100  0.00497  2.59   98212     488  489882  4836234  49.24
  1995        30-34     0.00128  0.00637  2.63   97724     622  487145  4346352  44.48
  1995        35-39     0.00196  0.00973  2.68   97102     945  483311  3859207  39.74
  1995        40-44     0.00297  0.01475  2.67   96157    1418  477476  3375896  35.11
  1995        45-49     0.00435  0.02153  2.68   94739    2040  468957  2898420  30.59
  1995        50-54     0.00687  0.03379  2.64   92699    3132  456101  2429463  26.21
  1995        55-59     0.01092  0.05323  2.67   89567    4768  436745  1973362  22.03
  1995        60-64     0.01813  0.08695  2.66   84800    7373  406774  1536617  18.12
  1995        65-69     0.02860  0.13379  2.60   77427   10359  362267  1129843  14.59
  1995        70-74     0.04452  0.20113  2.60   67067   13490  303016   767576  11.44
  1995        75-79     0.07073  0.30076  2.51   53578   16114  227813   464560   8.67
  1995        80-84     0.11768  0.45231  2.44   37464   16945  143994   236747   6.32
  1995        85-89     0.18767  0.62415  2.32   20519   12807   68239    92753   4.52
  1995        90-94     0.29403  0.78902  2.06    7712    6085   20694    24513   3.18
  1995        95-99     0.41424  0.89160  1.81    1627    1451    3502     3819   2.35
  1995       100-104    0.55160  0.94970  1.55     176     167     304      317   1.80
  1995       105-109    0.68277  0.97581  1.34       9       9      13       13   1.46
  1995       110+       0.77867  1.00000  1.28       0       0       0        0   1.28
  1996           0      0.00569  0.00567  0.14  100000     567   99512  7342132  73.42
  1996         1-4      0.00029  0.00116  1.57   99433     116  397453  7242620  72.84
  1996         5-9      0.00015  0.00077  2.30   99318      76  496382  6845167  68.92
  1996        10-14     0.00018  0.00089  2.78   99241      88  496012  6348785  63.97
  1996        15-19     0.00073  0.00364  3.07   99153     361  495070  5852773  59.03
  1996        20-24     0.00102  0.00508  2.45   98792     502  492680  5357703  54.23
  1996        25-29     0.00098  0.00490  2.57   98290     482  490282  4865022  49.50
  1996        30-34     0.00125  0.00622  2.63   97809     608  487604  4374740  44.73
  1996        35-39     0.00179  0.00894  2.65   97200     869  483960  3887137  39.99
  1996        40-44     0.00283  0.01408  2.68   96332    1356  478519  3403177  35.33
  1996        45-49     0.00426  0.02110  2.65   94976    2004  470172  2924658  30.79
  1996        50-54     0.00682  0.03357  2.65   92971    3121  457537  2454486  26.40
  1996        55-59     0.01055  0.05149  2.68   89850    4627  438506  1996949  22.23
  1996        60-64     0.01761  0.08458  2.65   85224    7208  409213  1558443  18.29
  1996        65-69     0.02808  0.13151  2.60   78015   10260  365413  1149230  14.73
  1996        70-74     0.04328  0.19615  2.62   67756   13291  307107   783817  11.57
  1996        75-79     0.06952  0.29666  2.53   54465   16158  232404   476710   8.75
  1996        80-84     0.11556  0.44704  2.47   38308   17125  148195   244306   6.38
  1996        85-89     0.18722  0.62246  2.31   21183   13185   70428    96110   4.54
  1996        90-94     0.28999  0.78522  2.08    7997    6280   21654    25682   3.21
  1996        95-99     0.41455  0.89194  1.81    1718    1532    3696     4028   2.34
  1996       100-104    0.55335  0.95027  1.55     186     176     319      332   1.79
  1996       105-109    0.68560  0.97623  1.34       9       9      13       13   1.45
  1996       110+       0.78193  1.00000  1.28       0       0       0        0   1.28
  1997           0      0.00540  0.00538  0.14  100000     538   99537  7388021  73.88
  1997         1-4      0.00032  0.00126  1.63   99462     126  397551  7288484  73.28
  1997         5-9      0.00016  0.00078  2.50   99337      77  496491  6890933  69.37
  1997        10-14     0.00016  0.00080  2.79   99259      80  496121  6394442  64.42
  1997        15-19     0.00076  0.00379  3.15   99180     376  495203  5898321  59.47
  1997        20-24     0.00096  0.00479  2.46   98804     473  492818  5403118  54.69
  1997        25-29     0.00093  0.00463  2.53   98331     455  490532  4910300  49.94
  1997        30-34     0.00114  0.00567  2.61   97876     555  488053  4419768  45.16
  1997        35-39     0.00170  0.00845  2.67   97321     822  484690  3931715  40.40
  1997        40-44     0.00273  0.01354  2.70   96499    1307  479488  3447026  35.72
  1997        45-49     0.00419  0.02073  2.62   95192    1974  471255  2967538  31.17
  1997        50-54     0.00656  0.03232  2.66   93218    3013  459047  2496282  26.78
  1997        55-59     0.01006  0.04916  2.66   90205    4434  440672  2037235  22.58
  1997        60-64     0.01665  0.08015  2.66   85771    6874  412795  1596564  18.61
  1997        65-69     0.02718  0.12766  2.63   78897   10072  370614  1183769  15.00
  1997        70-74     0.04143  0.18843  2.60   68825   12969  313006   813155  11.81
  1997        75-79     0.06701  0.28738  2.52   55857   16052  239531   500149   8.95
  1997        80-84     0.11096  0.43318  2.47   39805   17243  155391   260619   6.55
  1997        85-89     0.17985  0.60749  2.33   22562   13706   76207   105228   4.66
  1997        90-94     0.28302  0.77762  2.10    8856    6886   24332    29021   3.28
  1997        95-99     0.40759  0.88785  1.82    1969    1748    4290     4689   2.38
  1997       100-104    0.54792  0.94885  1.56     221     210     382      399   1.81
  1997       105-109    0.68236  0.97585  1.34      11      11      16       17   1.46
  1997       110+       0.78041  1.00000  1.28       0       0       0        0   1.28
  1998           0      0.00512  0.00509  0.14  100000     509   99561  7431529  74.32
  1998         1-4      0.00028  0.00114  1.56   99491     113  397686  7331968  73.70
  1998         5-9      0.00013  0.00066  2.40   99377      66  496716  6934282  69.78
  1998        10-14     0.00018  0.00087  2.83   99311      87  496368  6437567  64.82
  1998        15-19     0.00066  0.00331  3.10   99225     329  495498  5941198  59.88
  1998        20-24     0.00093  0.00461  2.40   98896     456  493292  5445700  55.07
  1998        25-29     0.00084  0.00420  2.55   98439     413  491185  4952408  50.31
  1998        30-34     0.00102  0.00511  2.65   98026     501  488953  4461223  45.51
  1998        35-39     0.00156  0.00775  2.70   97526     756  485891  3972270  40.73
  1998        40-44     0.00264  0.01314  2.66   96770    1271  480879  3486379  36.03
  1998        45-49     0.00404  0.02003  2.66   95498    1913  473007  3005500  31.47
  1998        50-54     0.00623  0.03071  2.69   93585    2874  461288  2532493  27.06
  1998        55-59     0.00975  0.04766  2.67   90711    4324  443460  2071205  22.83
  1998        60-64     0.01589  0.07664  2.68   86387    6620  416555  1627745  18.84
  1998        65-69     0.02617  0.12327  2.65   79767    9833  375703  1211190  15.18
  1998        70-74     0.04040  0.18415  2.60   69934   12878  318736   835487  11.95
  1998        75-79     0.06567  0.28264  2.54   57056   16127  245554   516751   9.06
  1998        80-84     0.10827  0.42612  2.50   40929   17441  161085   271197   6.63
  1998        85-89     0.17796  0.60357  2.34   23489   14177   79665   110112   4.69
  1998        90-94     0.28328  0.77690  2.09    9312    7234   25537    30447   3.27
  1998        95-99     0.41070  0.89011  1.82    2077    1849    4502     4910   2.36
  1998       100-104    0.55434  0.95085  1.55     228     217     392      408   1.79
  1998       105-109    0.69088  0.97706  1.33      11      11      16       16   1.44
  1998       110+       0.78940  1.00000  1.27       0       0       0        0   1.27
  1999           0      0.00495  0.00493  0.14  100000     493   99576  7457653  74.58
  1999         1-4      0.00029  0.00115  1.67   99507     114  397764  7358076  73.94
  1999         5-9      0.00015  0.00073  2.47   99393      73  496782  6960312  70.03
  1999        10-14     0.00017  0.00087  2.79   99321      86  496413  6463530  65.08
  1999        15-19     0.00068  0.00341  3.07   99234     339  495517  5967117  60.13
  1999        20-24     0.00096  0.00479  2.48   98896     474  493284  5471600  55.33
  1999        25-29     0.00087  0.00434  2.51   98422     427  491045  4978316  50.58
  1999        30-34     0.00096  0.00481  2.59   97995     472  488839  4487271  45.79
  1999        35-39     0.00152  0.00758  2.71   97523     739  485926  3998433  41.00
  1999        40-44     0.00254  0.01262  2.70   96784    1222  481114  3512506  36.29
  1999        45-49     0.00400  0.01982  2.64   95562    1894  473342  3031392  31.72
  1999        50-54     0.00614  0.03025  2.66   93668    2834  461710  2558050  27.31
  1999        55-59     0.00942  0.04608  2.64   90835    4185  444310  2096339  23.08
  1999        60-64     0.01523  0.07355  2.68   86650    6373  418464  1652030  19.07
  1999        65-69     0.02527  0.11932  2.67   80276    9579  379033  1233566  15.37
  1999        70-74     0.03956  0.18060  2.60   70697   12768  322782   854533  12.09
  1999        75-79     0.06487  0.28094  2.62   57929   16275  250862   531751   9.18
  1999        80-84     0.10523  0.41825  2.55   41655   17422  165567   280890   6.74
  1999        85-89     0.17368  0.59454  2.35   24233   14407   82954   115322   4.76
  1999        90-94     0.28000  0.77348  2.11    9825    7600   27142    32368   3.29
  1999        95-99     0.41342  0.89222  1.81    2226    1986    4803     5227   2.35
  1999       100-104    0.56136  0.95299  1.53     240     229     407      423   1.76
  1999       105-109    0.70075  0.97840  1.32      11      11      16       16   1.42
  1999       110+       0.79994  1.00000  1.25       0       0       0        0   1.25
  2000           0      0.00485  0.00483  0.14  100000     483   99584  7485884  74.86
  2000         1-4      0.00027  0.00107  1.57   99517     107  397807  7386300  74.22
  2000         5-9      0.00013  0.00066  2.52   99410      66  496886  6988493  70.30
  2000        10-14     0.00015  0.00075  2.69   99344      74  496550  6491607  65.34
  2000        15-19     0.00063  0.00312  3.11   99270     310  495764  5995057  60.39
  2000        20-24     0.00093  0.00464  2.42   98960     459  493613  5499293  55.57
  2000        25-29     0.00085  0.00424  2.52   98501     417  491467  5005680  50.82
  2000        30-34     0.00097  0.00486  2.61   98083     477  489279  4514212  46.02
  2000        35-39     0.00144  0.00719  2.70   97607     702  486417  4024933  41.24
  2000        40-44     0.00251  0.01250  2.70   96905    1211  481739  3538516  36.52
  2000        45-49     0.00401  0.01987  2.68   95693    1901  474047  3056777  31.94
  2000        50-54     0.00605  0.02983  2.67   93792    2798  462449  2582730  27.54
  2000        55-59     0.00939  0.04592  2.64   90994    4178  445117  2120281  23.30
  2000        60-64     0.01474  0.07121  2.64   86816    6182  419486  1675164  19.30
  2000        65-69     0.02447  0.11565  2.63   80634    9325  381069  1255678  15.57
  2000        70-74     0.03866  0.17674  2.58   71308   12603  325996   874609  12.27
  2000        75-79     0.06142  0.26752  2.59   58705   15705  255704   548613   9.35
  2000        80-84     0.10288  0.40848  2.48   43000   17565  170736   292908   6.81
  2000        85-89     0.17235  0.59062  2.34   25436   15023   87166   122172   4.80
  2000        90-94     0.27395  0.76474  2.11   10413    7963   29068    35006   3.36
  2000        95-99     0.39944  0.88293  1.84    2450    2163    5415     5938   2.42
  2000       100-104    0.54230  0.94740  1.57     287     272     501      523   1.82
  2000       105-109    0.67992  0.97561  1.35      15      15      22       22   1.47
  2000       110+       0.78027  1.00000  1.28       0       0       0        0   1.28
  2001           0      0.00471  0.00469  0.14  100000     469   99597  7527898  75.28
  2001         1-4      0.00028  0.00113  1.60   99531     112  397854  7428302  74.63
  2001         5-9      0.00012  0.00061  2.51   99419      61  496942  7030448  70.72
  2001        10-14     0.00016  0.00080  2.84   99358      80  496618  6533506  65.76
  2001        15-19     0.00059  0.00294  3.10   99278     292  495837  6036888  60.81
  2001        20-24     0.00086  0.00431  2.42   98986     427  493827  5541050  55.98
  2001        25-29     0.00077  0.00382  2.51   98559     377  491858  5047223  51.21
  2001        30-34     0.00091  0.00455  2.59   98182     447  489837  4555365  46.40
  2001        35-39     0.00139  0.00693  2.69   97736     678  487113  4065529  41.60
  2001        40-44     0.00236  0.01171  2.70   97058    1137  482679  3578416  36.87
  2001        45-49     0.00394  0.01950  2.66   95921    1871  475222  3095737  32.27
  2001        50-54     0.00589  0.02903  2.66   94050    2730  463871  2620515  27.86
  2001        55-59     0.00926  0.04534  2.66   91320    4140  446913  2156644  23.62
  2001        60-64     0.01422  0.06880  2.65   87179    5998  421831  1709731  19.61
  2001        65-69     0.02314  0.10974  2.66   81182    8909  385082  1287900  15.86
  2001        70-74     0.03747  0.17180  2.59   72273   12416  331406   902818  12.49
  2001        75-79     0.05929  0.25936  2.59   59856   15525  261853   571412   9.55
  2001        80-84     0.09906  0.39643  2.48   44332   17574  177405   309559   6.98
  2001        85-89     0.16591  0.57738  2.37   26757   15449   93119   132155   4.94
  2001        90-94     0.26503  0.75394  2.14   11308    8526   32170    39036   3.45
  2001        95-99     0.39158  0.87773  1.86    2782    2442    6237     6866   2.47
  2001       100-104    0.53457  0.94511  1.58     340     322     602      629   1.85
  2001       105-109    0.67347  0.97473  1.36      19      18      27       28   1.48
  2001       110+       0.77533  1.00000  1.29       0       0       1        1   1.29
  2002           0      0.00447  0.00446  0.14  100000     446   99617  7544021  75.44
  2002         1-4      0.00023  0.00091  1.52   99554      91  397992  7444404  74.78
  2002         5-9      0.00011  0.00057  2.24   99464      57  497160  7046413  70.84
  2002        10-14     0.00014  0.00072  2.67   99407      72  496866  6549252  65.88
  2002        15-19     0.00060  0.00302  3.08   99335     300  496098  6052386  60.93
  2002        20-24     0.00083  0.00413  2.45   99035     409  494135  5556288  56.10
  2002        25-29     0.00074  0.00370  2.56   98626     365  492241  5062153  51.33
  2002        30-34     0.00087  0.00436  2.62   98261     428  490288  4569912  46.51
  2002        35-39     0.00133  0.00664  2.71   97833     650  487679  4079624  41.70
  2002        40-44     0.00231  0.01148  2.71   97183    1116  483361  3591945  36.96
  2002        45-49     0.00394  0.01950  2.67   96068    1874  475963  3108584  32.36
  2002        50-54     0.00598  0.02947  2.65   94194    2776  464436  2632621  27.95
  2002        55-59     0.00911  0.04462  2.66   91418    4079  447524  2168185  23.72
  2002        60-64     0.01388  0.06721  2.65   87339    5870  422877  1720661  19.70
  2002        65-69     0.02256  0.10714  2.65   81469    8729  386831  1297784  15.93
  2002        70-74     0.03713  0.17056  2.62   72740   12407  334122   910953  12.52
  2002        75-79     0.05829  0.25547  2.58   60333   15413  264432   576831   9.56
  2002        80-84     0.09925  0.39712  2.48   44920   17839  179735   312399   6.95
  2002        85-89     0.16734  0.58040  2.36   27081   15718   93927   132664   4.90
  2002        90-94     0.26916  0.76016  2.14   11363    8638   32093    38737   3.41
  2002        95-99     0.39674  0.88140  1.85    2725    2402    6055     6645   2.44
  2002       100-104    0.54179  0.94740  1.57     323     306     565      590   1.83
  2002       105-109    0.68156  0.97590  1.34      17      17      24       25   1.46
  2002       110+       0.78312  1.00000  1.28       0       0       1        1   1.28
  2003           0      0.00465  0.00463  0.14  100000     463   99601  7551364  75.51
  2003         1-4      0.00025  0.00098  1.59   99537      98  397911  7451762  74.86
  2003         5-9      0.00013  0.00067  2.45   99439      67  497024  7053851  70.94
  2003        10-14     0.00015  0.00075  2.81   99372      75  496696  6556827  65.98
  2003        15-19     0.00055  0.00275  3.03   99297     273  495950  6060130  61.03
  2003        20-24     0.00078  0.00391  2.46   99024     387  494141  5564181  56.19
  2003        25-29     0.00078  0.00390  2.45   98638     385  492204  5070040  51.40
  2003        30-34     0.00088  0.00437  2.62   98253     429  490241  4577836  46.59
  2003        35-39     0.00130  0.00648  2.68   97823     634  487643  4087595  41.79
  2003        40-44     0.00224  0.01112  2.72   97190    1081  483485  3599951  37.04
  2003        45-49     0.00389  0.01929  2.68   96109    1854  476246  3116467  32.43
  2003        50-54     0.00593  0.02926  2.65   94255    2758  464781  2640221  28.01
  2003        55-59     0.00905  0.04429  2.67   91496    4053  448048  2175440  23.78
  2003        60-64     0.01364  0.06610  2.66   87444    5780  423672  1727392  19.75
  2003        65-69     0.02220  0.10554  2.66   81664    8619  388147  1303720  15.96
  2003        70-74     0.03671  0.16888  2.64   73045   12336  336056   915573  12.53
  2003        75-79     0.05849  0.25614  2.58   60709   15550  265861   579517   9.55
  2003        80-84     0.09920  0.39693  2.48   45159   17925  180690   313657   6.95
  2003        85-89     0.16739  0.58275  2.39   27234   15871   94810   132967   4.88
  2003        90-94     0.27359  0.76429  2.11   11363    8685   31744    38157   3.36
  2003        95-99     0.40459  0.88682  1.83    2678    2375    5871     6413   2.39
  2003       100-104    0.55295  0.95077  1.55     303     288     521      543   1.79
  2003       105-109    0.69405  0.97760  1.33      15      15      21       21   1.44
  2003       110+       0.79506  1.00000  1.26       0       0       0        0   1.26
  2004           0      0.00451  0.00449  0.14  100000     449   99614  7614786  76.15
  2004         1-4      0.00022  0.00087  1.54   99551      87  397990  7515172  75.49
  2004         5-9      0.00011  0.00053  2.39   99464      53  497183  7117181  71.56
  2004        10-14     0.00012  0.00061  2.76   99411      61  496921  6619998  66.59
  2004        15-19     0.00050  0.00250  3.08   99351     249  496276  6123077  61.63
  2004        20-24     0.00071  0.00355  2.50   99102     352  494632  5626801  56.78
  2004        25-29     0.00070  0.00351  2.47   98750     347  492871  5132170  51.97
  2004        30-34     0.00083  0.00414  2.64   98403     408  491055  4639299  47.15
  2004        35-39     0.00123  0.00614  2.68   97995     601  488584  4148244  42.33
  2004        40-44     0.00216  0.01075  2.74   97394    1047  484600  3659659  37.58
  2004        45-49     0.00364  0.01807  2.69   96347    1741  477720  3175060  32.95
  2004        50-54     0.00578  0.02851  2.66   94606    2697  466728  2697339  28.51
  2004        55-59     0.00862  0.04224  2.66   91910    3882  450468  2230611  24.27
  2004        60-64     0.01319  0.06396  2.63   88027    5630  426806  1780143  20.22
  2004        65-69     0.02082  0.09924  2.66   82397    8177  392819  1353337  16.42
  2004        70-74     0.03427  0.15852  2.64   74220   11765  343356   960518  12.94
  2004        75-79     0.05559  0.24488  2.57   62455   15294  275148   617163   9.88
  2004        80-84     0.09493  0.38559  2.57   47161   18185  191564   342014   7.25
  2004        85-89     0.15303  0.55014  2.45   28976   15941  104171   150450   5.19
  2004        90-94     0.25584  0.74087  2.16   13035    9657   37748    46279   3.55
  2004        95-99     0.38137  0.87085  1.88    3378    2942    7713     8531   2.53
  2004       100-104    0.52649  0.94275  1.60     436     411     781      818   1.88
  2004       105-109    0.66870  0.97414  1.36      25      24      36       37   1.49
  2004       110+       0.77323  1.00000  1.29       1       1       1        1   1.29
  2005           0      0.00431  0.00429  0.14  100000     429   99631  7635573  76.36
  2005         1-4      0.00023  0.00091  1.66   99571      91  398071  7535942  75.68
  2005         5-9      0.00012  0.00058  2.45   99480      57  497255  7137871  71.75
  2005        10-14     0.00013  0.00063  2.88   99423      63  496980  6640616  66.79
  2005        15-19     0.00044  0.00222  3.01   99360     221  496360  6143636  61.83
  2005        20-24     0.00066  0.00330  2.51   99139     327  494879  5647276  56.96
  2005        25-29     0.00069  0.00346  2.54   98812     342  493219  5152397  52.14
  2005        30-34     0.00081  0.00403  2.61   98470     397  491404  4659178  47.32
  2005        35-39     0.00114  0.00568  2.69   98073     557  489081  4167774  42.50
  2005        40-44     0.00202  0.01004  2.73   97517     979  485359  3678693  37.72
  2005        45-49     0.00356  0.01765  2.70   96538    1704  478777  3193334  33.08
  2005        50-54     0.00577  0.02849  2.67   94834    2701  467877  2714557  28.62
  2005        55-59     0.00860  0.04212  2.62   92132    3881  451431  2246680  24.39
  2005        60-64     0.01298  0.06294  2.63   88251    5555  428074  1795249  20.34
  2005        65-69     0.02014  0.09613  2.64   82696    7950  394699  1367175  16.53
  2005        70-74     0.03321  0.15392  2.63   74747   11505  346445   972476  13.01
  2005        75-79     0.05511  0.24309  2.58   63242   15373  278940   626031   9.90
  2005        80-84     0.09301  0.37859  2.54   47868   18122  194840   347091   7.25
  2005        85-89     0.15559  0.55213  2.37   29746   16424  105554   152251   5.12
  2005        90-94     0.25932  0.74328  2.13   13322    9902   38186    46697   3.51
  2005        95-99     0.38761  0.87558  1.87    3420    2995    7726     8511   2.49
  2005       100-104    0.53571  0.94581  1.58     426     402     751      785   1.85
  2005       105-109    0.67931  0.97570  1.35      23      23      33       34   1.47
  2005       110+       0.78358  1.00000  1.28       1       1       1        1   1.28
  2006           0      0.00411  0.00409  0.14  100000     409   99649  7675015  76.75
  2006         1-4      0.00021  0.00083  1.61   99591      83  398166  7575366  76.06
  2006         5-9      0.00011  0.00054  2.41   99508      54  497402  7177200  72.13
  2006        10-14     0.00012  0.00058  2.78   99455      57  497145  6679798  67.16
  2006        15-19     0.00043  0.00216  3.05   99397     215  496567  6182652  62.20
  2006        20-24     0.00062  0.00309  2.46   99182     306  495135  5686085  57.33
  2006        25-29     0.00063  0.00314  2.47   98876     311  493596  5190950  52.50
  2006        30-34     0.00075  0.00375  2.62   98565     370  491947  4697355  47.66
  2006        35-39     0.00111  0.00554  2.71   98196     544  489734  4205408  42.83
  2006        40-44     0.00194  0.00965  2.74   97651     942  486131  3715674  38.05
  2006        45-49     0.00339  0.01684  2.72   96709    1629  479828  3229543  33.39
  2006        50-54     0.00563  0.02780  2.67   95080    2643  469235  2749716  28.92
  2006        55-59     0.00844  0.04136  2.66   92437    3824  453221  2280481  24.67
  2006        60-64     0.01269  0.06162  2.63   88614    5461  430138  1827260  20.62
  2006        65-69     0.01930  0.09231  2.64   83153    7675  397680  1397122  16.80
  2006        70-74     0.03195  0.14859  2.65   75478   11215  350991   999441  13.24
  2006        75-79     0.05305  0.23510  2.58   64262   15108  284789   648450  10.09
  2006        80-84     0.08998  0.36880  2.56   49154   18128  201476   363661   7.40
  2006        85-89     0.15131  0.54282  2.40   31026   16842  111307   162184   5.23
  2006        90-94     0.25231  0.73668  2.18   14185   10450   41415    50878   3.59
  2006        95-99     0.37989  0.87013  1.89    3735    3250    8555     9463   2.53
  2006       100-104    0.52801  0.94345  1.59     485     458     867      907   1.87
  2006       105-109    0.67289  0.97483  1.36      27      27      40       41   1.48
  2006       110+       0.77870  1.00000  1.28       1       1       1        1   1.28
  2007           0      0.00437  0.00435  0.14  100000     435   99626  7691073  76.91
  2007         1-4      0.00021  0.00084  1.60   99565      84  398057  7591447  76.25
  2007         5-9      0.00011  0.00056  2.29   99481      56  497252  7193389  72.31
  2007        10-14     0.00011  0.00054  2.69   99425      54  496999  6696137  67.35
  2007        15-19     0.00041  0.00207  3.04   99371     206  496450  6199138  62.38
  2007        20-24     0.00063  0.00314  2.45   99165     311  495033  5702688  57.51
  2007        25-29     0.00065  0.00325  2.51   98854     321  493469  5207656  52.68
  2007        30-34     0.00076  0.00378  2.60   98533     373  491769  4714186  47.84
  2007        35-39     0.00105  0.00525  2.66   98160     515  489595  4222417  43.02
  2007        40-44     0.00181  0.00902  2.74   97645     881  486237  3732822  38.23
  2007        45-49     0.00333  0.01655  2.73   96764    1601  480189  3246586  33.55
  2007        50-54     0.00549  0.02710  2.68   95163    2579  469822  2766397  29.07
  2007        55-59     0.00829  0.04067  2.64   92584    3766  454028  2296575  24.81
  2007        60-64     0.01263  0.06133  2.64   88818    5447  431247  1842547  20.75
  2007        65-69     0.01896  0.09068  2.62   83371    7560  398845  1411301  16.93
  2007        70-74     0.03079  0.14357  2.65   75811   10884  353448  1012456  13.35
  2007        75-79     0.05242  0.23276  2.59   64927   15112  288286   659008  10.15
  2007        80-84     0.08823  0.36215  2.53   49815   18041  204464   370722   7.44
  2007        85-89     0.15068  0.53958  2.37   31774   17145  113787   166259   5.23
  2007        90-94     0.25247  0.73762  2.18   14629   10791   42742    52472   3.59
  2007        95-99     0.37961  0.87003  1.89    3838    3340    8797     9729   2.53
  2007       100-104    0.52863  0.94371  1.59     499     471     891      932   1.87
  2007       105-109    0.67428  0.97505  1.36      28      27      41       42   1.48
  2007       110+       0.78043  1.00000  1.28       1       1       1        1   1.28
  2008           0      0.00391  0.00390  0.14  100000     390   99665  7710427  77.10
  2008         1-4      0.00020  0.00081  1.58   99610      80  398246  7610762  76.41
  2008         5-9      0.00010  0.00048  2.48   99530      48  497527  7212516  72.47
  2008        10-14     0.00011  0.00056  2.75   99482      56  497281  6714988  67.50
  2008        15-19     0.00040  0.00201  2.99   99426     200  496726  6217707  62.54
  2008        20-24     0.00058  0.00292  2.52   99226     289  495409  5720981  57.66
  2008        25-29     0.00063  0.00316  2.57   98936     312  493921  5225572  52.82
  2008        30-34     0.00078  0.00387  2.59   98624     382  492198  4731650  47.98
  2008        35-39     0.00104  0.00518  2.66   98242     509  490022  4239452  43.15
  2008        40-44     0.00175  0.00869  2.70   97733     850  486708  3749430  38.36
  2008        45-49     0.00318  0.01580  2.73   96883    1531  480941  3262722  33.68
  2008        50-54     0.00541  0.02670  2.69   95353    2546  470894  2781781  29.17
  2008        55-59     0.00824  0.04043  2.65   92807    3752  455233  2310887  24.90
  2008        60-64     0.01265  0.06142  2.63   89055    5470  432309  1855654  20.84
  2008        65-69     0.01852  0.08870  2.63   83585    7414  400377  1423345  17.03
  2008        70-74     0.02992  0.13983  2.67   76171   10651  356024  1022968  13.43
  2008        75-79     0.05175  0.23037  2.62   65520   15094  291695   666944  10.18
  2008        80-84     0.08783  0.36083  2.53   50426   18195  207172   375250   7.44
  2008        85-89     0.15127  0.54119  2.37   32231   17443  115313   168078   5.21
  2008        90-94     0.25390  0.74032  2.18   14788   10948   43119    52765   3.57
  2008        95-99     0.38339  0.87295  1.88    3840    3352    8744     9646   2.51
  2008       100-104    0.53441  0.94562  1.58     488     461     863      902   1.85
  2008       105-109    0.68103  0.97603  1.35      27      26      38       39   1.46
  2008       110+       0.78702  1.00000  1.27       1       1       1        1   1.27
  2009           0      0.00389  0.00387  0.14  100000     387   99667  7723304  77.23
  2009         1-4      0.00022  0.00089  1.61   99613      88  398239  7623636  76.53
  2009         5-9      0.00009  0.00046  2.33   99524      45  497500  7225397  72.60
  2009        10-14     0.00011  0.00054  2.87   99479      54  497280  6727898  67.63
  2009        15-19     0.00038  0.00188  2.94   99425     186  496741  6230618  62.67
  2009        20-24     0.00055  0.00276  2.47   99239     274  495501  5733877  57.78
  2009        25-29     0.00064  0.00320  2.54   98965     317  494046  5238376  52.93
  2009        30-34     0.00076  0.00381  2.54   98649     376  492317  4744330  48.09
  2009        35-39     0.00104  0.00518  2.64   98272     509  490158  4252012  43.27
  2009        40-44     0.00169  0.00842  2.73   97763     823  486946  3761854  38.48
  2009        45-49     0.00310  0.01538  2.73   96940    1491  481317  3274908  33.78
  2009        50-54     0.00534  0.02636  2.69   95449    2516  471434  2793591  29.27
  2009        55-59     0.00835  0.04097  2.65   92934    3807  455731  2322157  24.99
  2009        60-64     0.01240  0.06023  2.63   89126    5368  432914  1866426  20.94
  2009        65-69     0.01847  0.08847  2.63   83758    7410  401242  1433511  17.11
  2009        70-74     0.02924  0.13685  2.66   76348   10448  357259  1032270  13.52
  2009        75-79     0.05029  0.22469  2.63   65900   14807  294432   675010  10.24
  2009        80-84     0.08764  0.36039  2.54   51093   18413  210109   380578   7.45
  2009        85-89     0.15379  0.55149  2.44   32680   18022  117191   170468   5.22
  2009        90-94     0.24733  0.73638  2.25   14657   10793   43640    53277   3.63
  2009        95-99     0.38635  0.87522  1.88    3864    3382    8753     9637   2.49
  2009       100-104    0.53907  0.94713  1.58     482     457     847      884   1.83
  2009       105-109    0.68651  0.97679  1.34      25      25      36       37   1.45
  2009       110+       0.79237  1.00000  1.26       1       1       1        1   1.26
  2010           0      0.00378  0.00377  0.14  100000     377   99677  7743271  77.43
  2010         1-4      0.00019  0.00075  1.62   99623      74  398316  7643594  76.73
  2010         5-9      0.00009  0.00047  2.27   99549      47  497616  7245278  72.78
  2010        10-14     0.00011  0.00054  2.89   99502      54  497395  6747662  67.81
  2010        15-19     0.00035  0.00176  2.98   99448     175  496886  6250267  62.85
  2010        20-24     0.00053  0.00266  2.53   99273     264  495712  5753381  57.96
  2010        25-29     0.00065  0.00324  2.60   99009     321  494274  5257669  53.10
  2010        30-34     0.00076  0.00379  2.67   98688     374  492571  4763395  48.27
  2010        35-39     0.00106  0.00530  2.68   98314     521  490359  4270824  43.44
  2010        40-44     0.00166  0.00828  2.72   97793     810  487120  3780466  38.66
  2010        45-49     0.00295  0.01463  2.73   96983    1419  481695  3293345  33.96
  2010        50-54     0.00523  0.02585  2.70   95564    2470  472149  2811650  29.42
  2010        55-59     0.00829  0.04064  2.65   93094    3783  456560  2339501  25.13
  2010        60-64     0.01233  0.05990  2.63   89311    5350  433854  1882941  21.08
  2010        65-69     0.01840  0.08812  2.60   83961    7399  402078  1449087  17.26
  2010        70-74     0.02853  0.13365  2.64   76562   10233  358635  1047009  13.68
  2010        75-79     0.04920  0.22040  2.64   66330   14619  297149   688374  10.38
  2010        80-84     0.08538  0.35293  2.54   51711   18251  213746   391224   7.57
  2010        85-89     0.14805  0.53600  2.43   33460   17935  121139   177478   5.30
  2010        90-94     0.24796  0.73015  2.19   15526   11336   45718    56338   3.63
  2010        95-99     0.37940  0.87024  1.89    4190    3646    9610    10620   2.53
  2010       100-104    0.53161  0.94486  1.59     544     514     966     1010   1.86
  2010       105-109    0.67983  0.97591  1.35      30      29      43       44   1.47
  2010       110+       0.78699  1.00000  1.27       1       1       1        1   1.27
  2011           0      0.00393  0.00391  0.14  100000     391   99664  7776883  77.77
  2011         1-4      0.00018  0.00074  1.56   99609      73  398255  7677219  77.07
  2011         5-9      0.00009  0.00045  2.37   99535      45  497558  7278964  73.13
  2011        10-14     0.00011  0.00057  2.55   99490      57  497313  6781406  68.16
  2011        15-19     0.00034  0.00172  3.04   99434     171  496835  6284093  63.20
  2011        20-24     0.00058  0.00289  2.53   99263     286  495609  5787258  58.30
  2011        25-29     0.00058  0.00291  2.60   98977     288  494194  5291649  53.46
  2011        30-34     0.00074  0.00371  2.57   98689     366  492556  4797455  48.61
  2011        35-39     0.00097  0.00483  2.70   98323     474  490520  4304900  43.78
  2011        40-44     0.00159  0.00790  2.71   97848     773  487469  3814379  38.98
  2011        45-49     0.00278  0.01384  2.74   97075    1343  482342  3326911  34.27
  2011        50-54     0.00503  0.02487  2.69   95732    2381  473158  2844569  29.71
  2011        55-59     0.00813  0.03992  2.67   93351    3726  458077  2371411  25.40
  2011        60-64     0.01206  0.05861  2.62   89625    5253  435596  1913334  21.35
  2011        65-69     0.01806  0.08657  2.63   84372    7304  404519  1477737  17.51
  2011        70-74     0.02717  0.12763  2.63   77068    9836  362076  1073218  13.93
  2011        75-79     0.04730  0.21274  2.64   67232   14303  302356   711142  10.58
  2011        80-84     0.08223  0.34239  2.56   52929   18123  220402   408786   7.72
  2011        85-89     0.14379  0.52564  2.44   34806   18295  127233   188385   5.41
  2011        90-94     0.24144  0.71995  2.20   16511   11887   49233    61151   3.70
  2011        95-99     0.37228  0.86504  1.91    4624    4000   10744    11918   2.58
  2011       100-104    0.52478  0.94276  1.60     624     588    1121     1174   1.88
  2011       105-109    0.67446  0.97520  1.36      36      35      52       53   1.48
  2011       110+       0.78320  1.00000  1.28       1       1       1        1   1.28
  2012           0      0.00354  0.00353  0.14  100000     353   99698  7796493  77.96
  2012         1-4      0.00017  0.00069  1.66   99647      69  398429  7696796  77.24
  2012         5-9      0.00009  0.00047  2.32   99579      47  497768  7298367  73.29
  2012        10-14     0.00011  0.00054  2.82   99532      53  497543  6800600  68.33
  2012        15-19     0.00034  0.00170  2.95   99479     169  497047  6303056  63.36
  2012        20-24     0.00050  0.00252  2.54   99309     250  495932  5806010  58.46
  2012        25-29     0.00055  0.00276  2.54   99059     273  494626  5310078  53.60
  2012        30-34     0.00069  0.00344  2.59   98786     340  493110  4815452  48.75
  2012        35-39     0.00094  0.00467  2.67   98446     460  491157  4322342  43.91
  2012        40-44     0.00155  0.00773  2.72   97986     757  488204  3831185  39.10
  2012        45-49     0.00271  0.01345  2.72   97229    1308  483159  3342981  34.38
  2012        50-54     0.00483  0.02390  2.72   95921    2293  474379  2859822  29.81
  2012        55-59     0.00795  0.03903  2.67   93628    3654  459642  2385444  25.48
  2012        60-64     0.01210  0.05882  2.63   89974    5292  437345  1925802  21.40
  2012        65-69     0.01783  0.08555  2.63   84683    7244  406217  1488457  17.58
  2012        70-74     0.02693  0.12656  2.62   77438    9801  363907  1082240  13.98
  2012        75-79     0.04572  0.20629  2.64   67638   13953  305194   718333  10.62
  2012        80-84     0.08289  0.34472  2.56   53684   18506  223263   413139   7.70
  2012        85-89     0.14377  0.52498  2.43   35178   18468  128456   189876   5.40
  2012        90-94     0.24372  0.72171  2.18   16710   12060   49483    61421   3.68
  2012        95-99     0.37400  0.86635  1.90    4650    4029   10772    11937   2.57
  2012       100-104    0.52673  0.94339  1.60     622     586    1113     1165   1.87
  2012       105-109    0.67630  0.97546  1.35      35      34      51       52   1.47
  2012       110+       0.78474  1.00000  1.27       1       1       1        1   1.27
  2013           0      0.00364  0.00363  0.14  100000     363   99688  7798155  77.98
  2013         1-4      0.00018  0.00070  1.53   99637      70  398374  7698467  77.27
  2013         5-9      0.00010  0.00049  2.53   99567      49  497711  7300093  73.32
  2013        10-14     0.00008  0.00040  2.77   99517      40  497498  6802382  68.35
  2013        15-19     0.00032  0.00158  3.00   99478     157  497076  6304883  63.38
  2013        20-24     0.00045  0.00223  2.53   99321     222  496058  5807808  58.48
  2013        25-29     0.00054  0.00268  2.55   99099     265  494847  5311750  53.60
  2013        30-34     0.00070  0.00348  2.61   98834     344  493347  4816903  48.74
  2013        35-39     0.00096  0.00478  2.68   98490     470  491359  4323556  43.90
  2013        40-44     0.00150  0.00746  2.71   98020     731  488422  3832197  39.10
  2013        45-49     0.00266  0.01324  2.72   97288    1288  483506  3343775  34.37
  2013        50-54     0.00479  0.02367  2.73   96000    2272  474854  2860269  29.79
  2013        55-59     0.00797  0.03914  2.68   93728    3669  460116  2385415  25.45
  2013        60-64     0.01214  0.05900  2.63   90059    5314  437681  1925299  21.38
  2013        65-69     0.01817  0.08712  2.63   84745    7383  406248  1487619  17.55
  2013        70-74     0.02708  0.12721  2.63   77363    9842  363441  1081371  13.98
  2013        75-79     0.04518  0.20414  2.64   67521   13784  305109   717931  10.63
  2013        80-84     0.08260  0.34432  2.58   53737   18503  223999   412822   7.68
  2013        85-89     0.14519  0.52889  2.43   35235   18635  128352   188823   5.36
  2013        90-94     0.24528  0.72225  2.15   16599   11989   48879    60471   3.64
  2013        95-99     0.38263  0.87307  1.89    4611    4025   10520    11592   2.51
  2013       100-104    0.53944  0.94751  1.58     585     554    1028     1072   1.83
  2013       105-109    0.69068  0.97744  1.33      31      30      43       44   1.44
  2013       110+       0.79837  1.00000  1.25       1       1       1        1   1.25
  2014           0      0.00353  0.00352  0.14  100000     352   99698  7842701  78.43
  2014         1-4      0.00015  0.00061  1.76   99648      61  398456  7743003  77.70
  2014         5-9      0.00009  0.00043  2.53   99587      43  497831  7344547  73.75
  2014        10-14     0.00010  0.00049  2.72   99545      49  497612  6846715  68.78
  2014        15-19     0.00030  0.00151  2.98   99496     150  497177  6349103  63.81
  2014        20-24     0.00046  0.00227  2.57   99346     226  496180  5851926  58.90
  2014        25-29     0.00052  0.00258  2.53   99120     256  494969  5355746  54.03
  2014        30-34     0.00069  0.00342  2.64   98864     338  493522  4860777  49.17
  2014        35-39     0.00095  0.00474  2.62   98526     467  491518  4367255  44.33
  2014        40-44     0.00147  0.00732  2.71   98059     718  488653  3875737  39.52
  2014        45-49     0.00254  0.01262  2.73   97341    1229  483909  3387084  34.80
  2014        50-54     0.00456  0.02255  2.73   96112    2167  475630  2903175  30.21
  2014        55-59     0.00761  0.03742  2.69   93945    3515  461600  2427545  25.84
  2014        60-64     0.01201  0.05837  2.64   90430    5279  439683  1965944  21.74
  2014        65-69     0.01731  0.08312  2.61   85151    7078  408815  1526261  17.92
  2014        70-74     0.02622  0.12339  2.61   78073    9634  367368  1117446  14.31
  2014        75-79     0.04272  0.19412  2.65   68440   13286  310969   750078  10.96
  2014        80-84     0.07715  0.32556  2.60   55154   17956  232752   439109   7.96
  2014        85-89     0.13705  0.50723  2.44   37198   18868  137668   206356   5.55
  2014        90-94     0.23843  0.72026  2.25   18330   13203   55373    68689   3.75
  2014        95-99     0.36889  0.86298  1.92    5128    4425   11996    13315   2.60
  2014       100-104    0.52573  0.94338  1.60     703     663    1261     1319   1.88
  2014       105-109    0.67948  0.97602  1.35      40      39      57       58   1.47
  2014       110+       0.79018  1.00000  1.27       1       1       1        1   1.27
  2015           0      0.00346  0.00345  0.14  100000     345   99704  7812659  78.13
  2015         1-4      0.00018  0.00071  1.59   99655      71  398447  7712955  77.40
  2015         5-9      0.00008  0.00040  2.36   99584      40  497814  7314508  73.45
  2015        10-14     0.00009  0.00043  2.64   99544      43  497619  6816695  68.48
  2015        15-19     0.00030  0.00148  2.92   99501     147  497199  6319075  63.51
  2015        20-24     0.00047  0.00234  2.48   99354     233  496182  5821876  58.60
  2015        25-29     0.00054  0.00268  2.64   99121     266  494977  5325695  53.73
  2015        30-34     0.00072  0.00360  2.60   98855     356  493421  4830717  48.87
  2015        35-39     0.00098  0.00488  2.59   98499     481  491336  4337296  44.03
  2015        40-44     0.00152  0.00758  2.66   98018     743  488347  3845960  39.24
  2015        45-49     0.00256  0.01271  2.71   97275    1236  483537  3357612  34.52
  2015        50-54     0.00452  0.02235  2.73   96039    2147  475313  2874075  29.93
  2015        55-59     0.00778  0.03824  2.69   93892    3590  461169  2398761  25.55
  2015        60-64     0.01233  0.05993  2.65   90302    5411  438792  1937593  21.46
  2015        65-69     0.01809  0.08670  2.61   84890    7360  406895  1498801  17.66
  2015        70-74     0.02727  0.12796  2.59   77530    9921  363744  1091906  14.08
  2015        75-79     0.04356  0.19731  2.62   67609   13340  306268   728162  10.77
  2015        80-84     0.07978  0.33448  2.59   54270   18152  227513   421893   7.77
  2015        85-89     0.14319  0.52304  2.42   36118   18891  131925   194380   5.38
  2015        90-94     0.24791  0.73203  2.20   17227   12611   50868    62455   3.63
  2015        95-99     0.38321  0.87379  1.89    4616    4034   10526    11587   2.51
  2015       100-104    0.54277  0.94866  1.57     583     553    1018     1061   1.82
  2015       105-109    0.69599  0.97817  1.33      30      29      42       43   1.43
  2015       110+       0.80419  1.00000  1.24       1       1       1        1   1.24
  2016           0      0.00381  0.00380  0.14  100000     380   99674  7838064  78.38
  2016         1-4      0.00017  0.00069  1.56   99620      69  398313  7738389  77.68
  2016         5-9      0.00010  0.00050  2.28   99551      50  497620  7340077  73.73
  2016        10-14     0.00009  0.00047  2.74   99501      46  497401  6842457  68.77
  2016        15-19     0.00030  0.00150  2.91   99455     150  496961  6345056  63.80
  2016        20-24     0.00045  0.00225  2.54   99305     223  495975  5848095  58.89
  2016        25-29     0.00049  0.00244  2.59   99082     242  494826  5352120  54.02
  2016        30-34     0.00068  0.00339  2.67   98840     336  493418  4857294  49.14
  2016        35-39     0.00098  0.00491  2.64   98505     483  491381  4363876  44.30
  2016        40-44     0.00152  0.00755  2.67   98021     740  488385  3872495  39.51
  2016        45-49     0.00249  0.01239  2.72   97281    1205  483657  3384110  34.79
  2016        50-54     0.00435  0.02154  2.73   96076    2070  475682  2900453  30.19
  2016        55-59     0.00758  0.03724  2.69   94006    3501  461959  2424771  25.79
  2016        60-64     0.01208  0.05875  2.66   90505    5317  440096  1962812  21.69
  2016        65-69     0.01807  0.08662  2.61   85188    7379  408314  1522717  17.87
  2016        70-74     0.02672  0.12555  2.61   77810    9769  365672  1114402  14.32
  2016        75-79     0.04220  0.19181  2.63   68041   13051  309286   748730  11.00
  2016        80-84     0.07577  0.32051  2.60   54989   17625  232594   439444   7.99
  2016        85-89     0.13823  0.51112  2.45   37365   19098  138160   206850   5.54
  2016        90-94     0.23605  0.71477  2.24   18267   13057   55314    68690   3.76
  2016        95-99     0.37353  0.86683  1.91    5210    4516   12091    13376   2.57
  2016       100-104    0.53344  0.94596  1.59     694     656    1230     1285   1.85
  2016       105-109    0.68873  0.97730  1.34      37      37      53       54   1.45
  2016       110+       0.79917  1.00000  1.25       1       1       1        1   1.25
  2017           0      0.00350  0.00348  0.14  100000     348   99701  7855977  78.56
  2017         1-4      0.00015  0.00060  1.48   99652      60  398455  7756276  77.83
  2017         5-9      0.00007  0.00037  2.36   99592      37  497861  7357821  73.88
  2017        10-14     0.00008  0.00042  2.88   99555      41  497686  6859960  68.91
  2017        15-19     0.00028  0.00138  2.98   99513     138  497289  6362274  63.93
  2017        20-24     0.00042  0.00209  2.54   99376     207  496368  5864986  59.02
  2017        25-29     0.00046  0.00230  2.60   99168     228  495296  5368617  54.14
  2017        30-34     0.00068  0.00340  2.64   98941     336  493911  4873322  49.26
  2017        35-39     0.00097  0.00483  2.65   98605     476  491903  4379411  44.41
  2017        40-44     0.00142  0.00708  2.71   98129     695  489050  3887507  39.62
  2017        45-49     0.00240  0.01192  2.68   97434    1162  484477  3398457  34.88
  2017        50-54     0.00418  0.02069  2.74   96272    1992  476853  2913980  30.27
  2017        55-59     0.00728  0.03582  2.69   94281    3377  463612  2437127  25.85
  2017        60-64     0.01188  0.05778  2.66   90904    5253  442209  1973515  21.71
  2017        65-69     0.01802  0.08640  2.62   85651    7401  410655  1531306  17.88
  2017        70-74     0.02673  0.12561  2.61   78250    9829  367743  1120651  14.32
  2017        75-79     0.04197  0.19073  2.61   68421   13050  310965   752909  11.00
  2017        80-84     0.07487  0.31728  2.60   55371   17568  234650   441944   7.98
  2017        85-89     0.13900  0.51326  2.45   37803   19403  139585   207294   5.48
  2017        90-94     0.24220  0.72307  2.21   18400   13305   54933    67709   3.68
  2017        95-99     0.38342  0.87454  1.89    5096    4456   11623    12776   2.51
  2017       100-104    0.54826  0.95055  1.56     639     608    1108     1153   1.80
  2017       105-109    0.70535  0.97940  1.31      32      31      44       45   1.41
  2017       110+       0.81453  1.00000  1.23       1       1       1        1   1.23
  2018           0      0.00347  0.00346  0.14  100000     346   99704  7851077  78.51
  2018         1-4      0.00016  0.00065  1.66   99654      65  398466  7751373  77.78
  2018         5-9      0.00009  0.00046  2.55   99590      45  497838  7352907  73.83
  2018        10-14     0.00010  0.00048  2.80   99544      48  497617  6855069  68.86
  2018        15-19     0.00030  0.00149  2.85   99497     149  497164  6357452  63.90
  2018        20-24     0.00044  0.00218  2.54   99348     217  496207  5860288  58.99
  2018        25-29     0.00047  0.00234  2.55   99131     232  495087  5364081  54.11
  2018        30-34     0.00063  0.00314  2.67   98899     311  493769  4868994  49.23
  2018        35-39     0.00094  0.00471  2.73   98588     465  491887  4375225  44.38
  2018        40-44     0.00148  0.00739  2.65   98123     725  488916  3883338  39.58
  2018        45-49     0.00239  0.01188  2.70   97398    1157  484332  3394422  34.85
  2018        50-54     0.00418  0.02071  2.72   96241    1993  476652  2910091  30.24
  2018        55-59     0.00734  0.03607  2.69   94248    3400  463388  2433439  25.82
  2018        60-64     0.01208  0.05876  2.66   90849    5338  441761  1970051  21.68
  2018        65-69     0.01819  0.08717  2.61   85510    7454  409745  1528289  17.87
  2018        70-74     0.02717  0.12759  2.62   78056    9959  366597  1118545  14.33
  2018        75-79     0.04193  0.19063  2.62   68097   12981  309609   751948  11.04
  2018        80-84     0.07404  0.31437  2.60   55116   17327  234013   442339   8.03
  2018        85-89     0.13773  0.51083  2.47   37789   19304  140151   208327   5.51
  2018        90-94     0.24147  0.72364  2.23   18485   13377   55397    68175   3.69
  2018        95-99     0.38434  0.87536  1.89    5108    4472   11635    12778   2.50
  2018       100-104    0.55073  0.95132  1.56     637     606    1100     1143   1.80
  2018       105-109    0.70876  0.97982  1.31      31      30      43       44   1.41
  2018       110+       0.81798  1.00000  1.22       1       1       1        1   1.22
  2019           0      0.00348  0.00347  0.14  100000     347   99703  7882711  78.83
  2019         1-4      0.00017  0.00067  1.63   99653      67  398455  7783008  78.10
  2019         5-9      0.00009  0.00045  2.26   99586      45  497810  7384554  74.15
  2019        10-14     0.00009  0.00045  2.72   99542      45  497607  6886744  69.18
  2019        15-19     0.00029  0.00145  2.99   99497     144  497194  6389136  64.21
  2019        20-24     0.00041  0.00205  2.54   99353     203  496264  5891942  59.30
  2019        25-29     0.00046  0.00229  2.55   99149     227  495191  5395678  54.42
  2019        30-34     0.00063  0.00313  2.64   98922     309  493881  4900487  49.54
  2019        35-39     0.00093  0.00466  2.66   98613     460  491988  4406607  44.69
  2019        40-44     0.00146  0.00727  2.64   98153     713  489082  3914618  39.88
  2019        45-49     0.00237  0.01179  2.72   97440    1149  484576  3425536  35.16
  2019        50-54     0.00397  0.01965  2.73   96291    1892  477158  2940960  30.54
  2019        55-59     0.00694  0.03414  2.71   94399    3223  464607  2463802  26.10
  2019        60-64     0.01163  0.05664  2.69   91177    5164  443936  1999195  21.93
  2019        65-69     0.01803  0.08646  2.62   86013    7437  412349  1555259  18.08
  2019        70-74     0.02656  0.12490  2.62   78576    9814  369474  1142910  14.55
  2019        75-79     0.04109  0.18705  2.61   68762   12862  313047   773436  11.25
  2019        80-84     0.07086  0.30311  2.62   55900   16944  239132   460389   8.24
  2019        85-89     0.13170  0.49484  2.49   38956   19277  146376   221256   5.68
  2019        90-94     0.23198  0.70746  2.24   19679   13922   60014    74880   3.81
  2019        95-99     0.37078  0.86532  1.92    5757    4982   13435    14866   2.58
  2019       100-104    0.53536  0.94687  1.59     775     734    1371     1430   1.84
  2019       105-109    0.69475  0.97817  1.33      41      40      58       59   1.44
  2019       110+       0.80684  1.00000  1.24       1       1       1        1   1.24
  2020           0      0.00323  0.00322  0.14  100000     322   99724  7859565  78.60
  2020         1-4      0.00013  0.00050  1.76   99678      50  398598  7759841  77.85
  2020         5-9      0.00008  0.00040  2.45   99628      40  498036  7361243  73.89
  2020        10-14     0.00008  0.00040  2.85   99588      40  497851  6863207  68.92
  2020        15-19     0.00028  0.00138  3.03   99547     137  497467  6365356  63.94
  2020        20-24     0.00042  0.00211  2.57   99410     210  496542  5867889  59.03
  2020        25-29     0.00044  0.00222  2.55   99201     220  495465  5371347  54.15
  2020        30-34     0.00062  0.00308  2.65   98981     304  494191  4875882  49.26
  2020        35-39     0.00101  0.00502  2.69   98677     495  492238  4381691  44.40
  2020        40-44     0.00153  0.00760  2.66   98181     746  489160  3889453  39.61
  2020        45-49     0.00235  0.01170  2.75   97435    1140  484605  3400293  34.90
  2020        50-54     0.00405  0.02005  2.70   96295    1931  477039  2915688  30.28
  2020        55-59     0.00706  0.03475  2.69   94364    3279  464248  2438649  25.84
  2020        60-64     0.01183  0.05754  2.67   91085    5241  443228  1974402  21.68
  2020        65-69     0.01860  0.08908  2.63   85843    7647  411106  1531173  17.84
  2020        70-74     0.02712  0.12733  2.60   78197    9957  367110  1120068  14.32
  2020        75-79     0.04243  0.19240  2.58   68240   13129  309403   752958  11.03
  2020        80-84     0.07284  0.30965  2.58   55110   17065  234275   443555   8.05
  2020        85-89     0.13790  0.51146  2.48   38045   19459  141103   209280   5.50
  2020        90-94     0.24312  0.72501  2.22   18587   13476   55427    68177   3.67
  2020        95-99     0.38547  0.87629  1.89    5111    4479   11619    12750   2.49
  2020       100-104    0.55308  0.95203  1.56     632     602    1088     1131   1.79
  2020       105-109    0.71177  0.98018  1.30      30      30      42       43   1.40
  2020       110+       0.82092  1.00000  1.22       1       1       1        1   1.22
