Israel, Total Population, Life tables (period 5x1), Males	Last modified: 31 Oct 2018;  Methods Protocol: v6 (2017)

  Year          Age         mx       qx    ax      lx      dx      Lx       Tx     ex
  1983           0      0.01471  0.01453  0.12  100000    1453   98722  7310027  73.10
  1983         1-4      0.00063  0.00251  1.78   98547     248  393639  7211305  73.18
  1983         5-9      0.00026  0.00130  2.14   98300     128  491131  6817666  69.36
  1983        10-14     0.00031  0.00156  2.77   98171     153  490516  6326535  64.44
  1983        15-19     0.00076  0.00379  2.95   98018     371  489332  5836018  59.54
  1983        20-24     0.00108  0.00541  2.28   97647     528  486803  5346687  54.76
  1983        25-29     0.00093  0.00462  2.34   97119     449  484401  4859884  50.04
  1983        30-34     0.00106  0.00528  2.45   96670     511  482049  4375483  45.26
  1983        35-39     0.00142  0.00706  2.63   96160     678  479189  3893434  40.49
  1983        40-44     0.00210  0.01045  2.74   95481     997  475152  3414245  35.76
  1983        45-49     0.00378  0.01872  2.69   94484    1769  468342  2939093  31.11
  1983        50-54     0.00661  0.03258  2.73   92715    3020  456729  2470751  26.65
  1983        55-59     0.01149  0.05594  2.62   89695    5018  436534  2014022  22.45
  1983        60-64     0.01690  0.08125  2.62   84677    6880  407000  1577488  18.63
  1983        65-69     0.02692  0.12670  2.69   77797    9857  366184  1170488  15.05
  1983        70-74     0.04488  0.20285  2.63   67941   13782  307067   804304  11.84
  1983        75-79     0.07176  0.30569  2.58   54159   16556  230710   497237   9.18
  1983        80-84     0.10501  0.41400  2.45   37603   15568  148247   266527   7.09
  1983        85-89     0.15205  0.54315  2.37   22035   11968   78712   118281   5.37
  1983        90-94     0.23194  0.69497  2.12   10067    6996   30163    39569   3.93
  1983        95-99     0.30934  0.80251  2.00    3071    2464    7966     9406   3.06
  1983       100-104    0.41077  0.88663  1.80     606     538    1309     1440   2.37
  1983       105-109    0.52053  0.93820  1.59      69      65     124      131   1.90
  1983       110+       0.61023  1.00000  1.64       4       4       7        7   1.64
  1984           0      0.01301  0.01286  0.12  100000    1286   98872  7330517  73.31
  1984         1-4      0.00073  0.00293  1.64   98714     289  394171  7231644  73.26
  1984         5-9      0.00029  0.00147  2.36   98424     145  491739  6837473  69.47
  1984        10-14     0.00030  0.00148  2.78   98279     146  491074  6345734  64.57
  1984        15-19     0.00073  0.00362  3.13   98133     355  490001  5854661  59.66
  1984        20-24     0.00107  0.00532  2.57   97778     521  487624  5364660  54.87
  1984        25-29     0.00087  0.00436  2.68   97257     424  485306  4877036  50.15
  1984        30-34     0.00098  0.00491  2.54   96833     475  482999  4391730  45.35
  1984        35-39     0.00129  0.00643  2.59   96358     620  480299  3908731  40.56
  1984        40-44     0.00189  0.00939  2.76   95738     899  476680  3428432  35.81
  1984        45-49     0.00396  0.01961  2.87   94839    1860  470234  2951752  31.12
  1984        50-54     0.00668  0.03292  2.74   92979    3061  457968  2481519  26.69
  1984        55-59     0.01119  0.05450  2.63   89918    4900  437965  2023550  22.50
  1984        60-64     0.01706  0.08196  2.60   85018    6968  408386  1585586  18.65
  1984        65-69     0.02619  0.12315  2.58   78050    9612  367026  1177200  15.08
  1984        70-74     0.04479  0.20232  2.62   68438   13846  309170   810174  11.84
  1984        75-79     0.07247  0.30739  2.53   54592   16781  231559   501004   9.18
  1984        80-84     0.10524  0.41929  2.58   37811   15854  150645   269445   7.13
  1984        85-89     0.15178  0.54226  2.37   21957   11906   78446   118800   5.41
  1984        90-94     0.22510  0.68750  2.17   10051    6910   30696    40354   4.02
  1984        95-99     0.30790  0.80105  2.01    3141    2516    8171     9658   3.07
  1984       100-104    0.40992  0.88618  1.80     625     554    1351     1486   2.38
  1984       105-109    0.52045  0.93823  1.59      71      67     128      135   1.90
  1984       110+       0.61082  1.00000  1.64       4       4       7        7   1.64
  1985           0      0.01293  0.01278  0.12  100000    1278   98879  7369792  73.70
  1985         1-4      0.00053  0.00213  1.54   98722     211  394369  7270913  73.65
  1985         5-9      0.00031  0.00156  2.27   98511     154  492135  6876544  69.80
  1985        10-14     0.00025  0.00125  2.31   98357     123  491454  6384409  64.91
  1985        15-19     0.00077  0.00386  3.21   98234     379  490492  5892954  59.99
  1985        20-24     0.00095  0.00473  2.27   97855     463  488010  5402462  55.21
  1985        25-29     0.00086  0.00430  2.64   97392     419  485969  4914452  50.46
  1985        30-34     0.00098  0.00487  2.53   96972     473  483694  4428482  45.67
  1985        35-39     0.00113  0.00562  2.70   96500     543  481252  3944788  40.88
  1985        40-44     0.00204  0.01015  2.48   95957     974  477329  3463536  36.09
  1985        45-49     0.00361  0.01791  2.79   94983    1702  471151  2986207  31.44
  1985        50-54     0.00606  0.02989  2.76   93282    2788  460163  2515056  26.96
  1985        55-59     0.01115  0.05433  2.68   90494    4917  441059  2054893  22.71
  1985        60-64     0.01694  0.08132  2.54   85577    6959  410773  1613834  18.86
  1985        65-69     0.02511  0.11834  2.57   78618    9304  370481  1203060  15.30
  1985        70-74     0.04210  0.19114  2.59   69314   13248  314671   832579  12.01
  1985        75-79     0.06973  0.29764  2.54   56066   16687  239330   517908   9.24
  1985        80-84     0.10064  0.40008  2.44   39378   15755  156542   278578   7.07
  1985        85-89     0.15877  0.55413  2.28   23624   13091   82448   122037   5.17
  1985        90-94     0.24219  0.71529  2.14   10533    7534   31109    39588   3.76
  1985        95-99     0.33750  0.83214  1.95    2999    2495    7394     8479   2.83
  1985       100-104    0.45507  0.91238  1.72     503     459    1009     1085   2.16
  1985       105-109    0.57835  0.95590  1.50      44      42      73       76   1.72
  1985       110+       0.67639  1.00000  1.48       2       2       3        3   1.48
  1986           0      0.01248  0.01235  0.12  100000    1235   98919  7343954  73.44
  1986         1-4      0.00056  0.00225  1.85   98765     222  394584  7245035  73.36
  1986         5-9      0.00025  0.00127  2.36   98543     125  492386  6850451  69.52
  1986        10-14     0.00021  0.00104  2.85   98418     102  491870  6358065  64.60
  1986        15-19     0.00057  0.00286  2.77   98316     281  490951  5866194  59.67
  1986        20-24     0.00087  0.00436  2.30   98034     427  489021  5375244  54.83
  1986        25-29     0.00077  0.00386  2.44   97607     377  487071  4886223  50.06
  1986        30-34     0.00086  0.00429  2.57   97230     417  485141  4399152  45.24
  1986        35-39     0.00129  0.00645  2.70   96814     625  482630  3914011  40.43
  1986        40-44     0.00208  0.01035  2.81   96189     995  478764  3431381  35.67
  1986        45-49     0.00390  0.01935  2.64   95193    1842  471628  2952616  31.02
  1986        50-54     0.00630  0.03106  2.71   93352    2900  460123  2480989  26.58
  1986        55-59     0.01131  0.05511  2.73   90452    4985  440920  2020866  22.34
  1986        60-64     0.01805  0.08671  2.75   85467    7410  410630  1579946  18.49
  1986        65-69     0.02752  0.12917  2.63   78056   10082  366388  1169316  14.98
  1986        70-74     0.04312  0.19560  2.63   67974   13295  308366   802929  11.81
  1986        75-79     0.07259  0.30842  2.56   54678   16864  232322   494562   9.04
  1986        80-84     0.10679  0.41954  2.45   37814   15865  148564   262240   6.93
  1986        85-89     0.16274  0.56758  2.34   21950   12458   76552   113676   5.18
  1986        90-94     0.23080  0.70066  2.20    9491    6650   28814    37124   3.91
  1986        95-99     0.32559  0.81974  1.97    2841    2329    7153     8310   2.92
  1986       100-104    0.43326  0.90026  1.75     512     461    1064     1157   2.26
  1986       105-109    0.54789  0.94719  1.55      51      48      88       93   1.81
  1986       110+       0.64053  1.00000  1.56       3       3       4        4   1.56
  1987           0      0.01244  0.01231  0.12  100000    1231   98923  7371552  73.72
  1987         1-4      0.00056  0.00223  1.58   98769     221  394543  7272630  73.63
  1987         5-9      0.00031  0.00152  2.31   98549     150  492339  6878087  69.79
  1987        10-14     0.00027  0.00137  2.60   98399     135  491668  6385748  64.90
  1987        15-19     0.00073  0.00364  3.08   98263     357  490633  5894080  59.98
  1987        20-24     0.00082  0.00409  2.23   97906     401  488422  5403447  55.19
  1987        25-29     0.00094  0.00471  2.38   97505     459  486325  4915025  50.41
  1987        30-34     0.00096  0.00478  2.53   97046     464  484084  4428700  45.63
  1987        35-39     0.00118  0.00590  2.41   96582     570  481437  3944615  40.84
  1987        40-44     0.00188  0.00934  2.51   96012     896  477833  3463178  36.07
  1987        45-49     0.00328  0.01629  2.78   95116    1549  472134  2985345  31.39
  1987        50-54     0.00645  0.03178  2.74   93567    2974  461100  2513212  26.86
  1987        55-59     0.01032  0.05042  2.76   90593    4567  442743  2052112  22.65
  1987        60-64     0.01813  0.08695  2.65   86025    7480  412528  1609369  18.71
  1987        65-69     0.02709  0.12749  2.69   78545   10014  369612  1196841  15.24
  1987        70-74     0.04188  0.19026  2.60   68531   13039  311357   827228  12.07
  1987        75-79     0.07048  0.30149  2.60   55492   16730  237367   515872   9.30
  1987        80-84     0.10135  0.40454  2.51   38762   15681  154711   278505   7.18
  1987        85-89     0.15628  0.55429  2.38   23081   12794   81866   123794   5.36
  1987        90-94     0.21735  0.68109  2.26   10288    7007   32237    41928   4.08
  1987        95-99     0.32157  0.81621  1.98    3281    2678    8327     9690   2.95
  1987       100-104    0.43255  0.90024  1.76     603     543    1255     1363   2.26
  1987       105-109    0.55103  0.94834  1.54      60      57     104      108   1.80
  1987       110+       0.64669  1.00000  1.55       3       3       5        5   1.55
  1988           0      0.01046  0.01036  0.13  100000    1036   99097  7409441  74.09
  1988         1-4      0.00053  0.00211  1.54   98964     209  395339  7310344  73.87
  1988         5-9      0.00029  0.00144  2.44   98755     143  493408  6915005  70.02
  1988        10-14     0.00025  0.00123  2.52   98612     121  492760  6421597  65.12
  1988        15-19     0.00074  0.00368  3.17   98491     363  491789  5928837  60.20
  1988        20-24     0.00086  0.00431  2.42   98128     423  489550  5437048  55.41
  1988        25-29     0.00088  0.00437  2.38   97705     427  487407  4947498  50.64
  1988        30-34     0.00126  0.00627  2.50   97278     610  484865  4460091  45.85
  1988        35-39     0.00140  0.00697  2.72   96668     674  481799  3975226  41.12
  1988        40-44     0.00194  0.00968  2.67   95994     929  477800  3493427  36.39
  1988        45-49     0.00364  0.01803  2.60   95065    1714  471210  3015627  31.72
  1988        50-54     0.00566  0.02792  2.68   93351    2606  460706  2544417  27.26
  1988        55-59     0.01053  0.05141  2.72   90745    4665  443077  2083711  22.96
  1988        60-64     0.01637  0.07886  2.69   86079    6788  414696  1640634  19.06
  1988        65-69     0.02666  0.12530  2.61   79291    9935  372707  1225938  15.46
  1988        70-74     0.04168  0.18932  2.58   69355   13130  315059   853231  12.30
  1988        75-79     0.06509  0.28070  2.55   56225   15783  242487   538172   9.57
  1988        80-84     0.09873  0.39494  2.47   40443   15973  161779   295685   7.31
  1988        85-89     0.14853  0.53491  2.39   24470   13089   88125   133906   5.47
  1988        90-94     0.22145  0.68577  2.22   11381    7805   35243    45781   4.02
  1988        95-99     0.32218  0.81717  1.99    3576    2922    9070    10537   2.95
  1988       100-104    0.43605  0.90244  1.75     654     590    1353     1467   2.24
  1988       105-109    0.55745  0.95033  1.53      64      61     109      114   1.78
  1988       110+       0.65515  1.00000  1.53       3       3       5        5   1.53
  1989           0      0.01055  0.01046  0.13  100000    1046   99088  7478311  74.78
  1989         1-4      0.00053  0.00210  1.62   98954     208  395323  7379222  74.57
  1989         5-9      0.00024  0.00119  2.46   98746     118  493433  6983899  70.73
  1989        10-14     0.00019  0.00093  2.35   98629      91  492901  6490466  65.81
  1989        15-19     0.00069  0.00347  2.93   98537     341  491978  5997565  60.87
  1989        20-24     0.00077  0.00386  2.32   98196     379  489964  5505587  56.07
  1989        25-29     0.00090  0.00451  2.47   97817     441  487969  5015623  51.28
  1989        30-34     0.00097  0.00486  2.90   97376     473  485887  4527654  46.50
  1989        35-39     0.00107  0.00532  2.61   96903     516  483280  4041767  41.71
  1989        40-44     0.00189  0.00942  2.65   96387     908  479802  3558487  36.92
  1989        45-49     0.00306  0.01517  2.65   95480    1448  473995  3078685  32.24
  1989        50-54     0.00559  0.02759  2.68   94031    2595  464145  2604690  27.70
  1989        55-59     0.00973  0.04761  2.74   91437    4353  447346  2140545  23.41
  1989        60-64     0.01569  0.07561  2.60   87084    6585  419616  1693199  19.44
  1989        65-69     0.02459  0.11614  2.61   80499    9349  380182  1273584  15.82
  1989        70-74     0.03970  0.18138  2.62   71150   12905  325048   893402  12.56
  1989        75-79     0.06329  0.27529  2.64   58245   16034  253348   568354   9.76
  1989        80-84     0.09644  0.38725  2.46   42210   16346  169482   315006   7.46
  1989        85-89     0.14645  0.53125  2.42   25865   13741   93823   145523   5.63
  1989        90-94     0.20675  0.65852  2.24   12124    7984   38616    51700   4.26
  1989        95-99     0.29808  0.79042  2.03    4140    3272   10978    13084   3.16
  1989       100-104    0.40086  0.88059  1.82     868     764    1906     2106   2.43
  1989       105-109    0.51324  0.93587  1.61     104      97     189      200   1.93
  1989       110+       0.60551  1.00000  1.65       7       7      11       11   1.65
  1990           0      0.01074  0.01064  0.13  100000    1064   99072  7531449  75.31
  1990         1-4      0.00048  0.00191  1.64   98936     189  395296  7432378  75.12
  1990         5-9      0.00019  0.00096  2.59   98747      94  493507  7037081  71.26
  1990        10-14     0.00015  0.00073  2.42   98653      72  493078  6543574  66.33
  1990        15-19     0.00067  0.00335  2.93   98581     330  492222  6050496  61.38
  1990        20-24     0.00082  0.00408  2.44   98251     401  490229  5558273  56.57
  1990        25-29     0.00079  0.00396  2.34   97850     388  488219  5068045  51.79
  1990        30-34     0.00100  0.00497  2.39   97462     484  486047  4579826  46.99
  1990        35-39     0.00108  0.00537  2.50   96978     521  483584  4093779  42.21
  1990        40-44     0.00176  0.00879  2.67   96457     848  480308  3610195  37.43
  1990        45-49     0.00278  0.01380  2.66   95610    1319  474958  3129887  32.74
  1990        50-54     0.00466  0.02305  2.71   94290    2173  466472  2654928  28.16
  1990        55-59     0.00906  0.04438  2.71   92117    4088  451227  2188456  23.76
  1990        60-64     0.01542  0.07441  2.66   88029    6550  424851  1737229  19.73
  1990        65-69     0.02500  0.11782  2.57   81479    9599  384055  1312378  16.11
  1990        70-74     0.03757  0.17190  2.53   71880   12356  328879   928324  12.91
  1990        75-79     0.05934  0.25938  2.58   59523   15439  260178   599445  10.07
  1990        80-84     0.09172  0.37165  2.45   44084   16384  178622   339267   7.70
  1990        85-89     0.13385  0.49422  2.35   27700   13690  102277   160645   5.80
  1990        90-94     0.21457  0.66855  2.18   14010    9367   43653    58368   4.17
  1990        95-99     0.29664  0.78931  2.04    4644    3665   12356    14716   3.17
  1990       100-104    0.40337  0.88269  1.81     978     864    2141     2359   2.41
  1990       105-109    0.52022  0.93862  1.60     115     108     207      219   1.90
  1990       110+       0.61602  1.00000  1.62       7       7      11       11   1.62
  1991           0      0.00997  0.00988  0.13  100000     988   99140  7513866  75.14
  1991         1-4      0.00050  0.00198  1.56   99012     196  395568  7414727  74.89
  1991         5-9      0.00020  0.00099  2.70   98815      98  493850  7019159  71.03
  1991        10-14     0.00025  0.00123  2.72   98717     121  493308  6525309  66.10
  1991        15-19     0.00053  0.00264  2.87   98596     260  492426  6032001  61.18
  1991        20-24     0.00088  0.00437  2.23   98336     430  490489  5539575  56.33
  1991        25-29     0.00079  0.00397  2.56   97906     388  488580  5049086  51.57
  1991        30-34     0.00083  0.00414  2.61   97518     404  486622  4560506  46.77
  1991        35-39     0.00116  0.00581  2.72   97114     564  484281  4073884  41.95
  1991        40-44     0.00173  0.00860  2.57   96550     830  480734  3589604  37.18
  1991        45-49     0.00285  0.01416  2.67   95720    1356  475441  3108869  32.48
  1991        50-54     0.00529  0.02614  2.75   94364    2467  466274  2633429  27.91
  1991        55-59     0.00919  0.04500  2.71   91897    4135  450001  2167154  23.58
  1991        60-64     0.01502  0.07258  2.70   87761    6370  424163  1717154  19.57
  1991        65-69     0.02519  0.11894  2.67   81392    9680  384361  1292990  15.89
  1991        70-74     0.03696  0.16966  2.58   71711   12167  329151   908629  12.67
  1991        75-79     0.06496  0.28003  2.54   59545   16674  256704   579478   9.73
  1991        80-84     0.09221  0.37322  2.45   42870   16000  173524   322774   7.53
  1991        85-89     0.14638  0.53035  2.40   26870   14251   97355   149250   5.55
  1991        90-94     0.21468  0.67245  2.22   12620    8486   39529    51895   4.11
  1991        95-99     0.31638  0.81157  2.00    4134    3355   10604    12366   2.99
  1991       100-104    0.43193  0.90042  1.76     779     701    1624     1762   2.26
  1991       105-109    0.55574  0.95000  1.54      78      74     133      138   1.79
  1991       110+       0.65553  1.00000  1.53       4       4       6        6   1.53
  1992           0      0.00988  0.00979  0.13  100000     979   99148  7489213  74.89
  1992         1-4      0.00040  0.00159  1.89   99021     158  395749  7390065  74.63
  1992         5-9      0.00019  0.00097  2.31   98863      96  494056  6994316  70.75
  1992        10-14     0.00023  0.00115  2.75   98767     113  493580  6500261  65.81
  1992        15-19     0.00064  0.00318  3.20   98654     314  492702  6006681  60.89
  1992        20-24     0.00091  0.00455  2.52   98340     448  490590  5513979  56.07
  1992        25-29     0.00083  0.00414  2.57   97892     405  488474  5023389  51.32
  1992        30-34     0.00094  0.00467  2.55   97487     456  486319  4534915  46.52
  1992        35-39     0.00115  0.00574  2.60   97031     557  483819  4048596  41.72
  1992        40-44     0.00172  0.00856  2.77   96474     826  480531  3564777  36.95
  1992        45-49     0.00323  0.01602  2.61   95648    1532  474581  3084247  32.25
  1992        50-54     0.00518  0.02557  2.67   94116    2407  464975  2609666  27.73
  1992        55-59     0.00923  0.04521  2.68   91709    4146  448926  2144691  23.39
  1992        60-64     0.01595  0.07683  2.60   87564    6727  421652  1695766  19.37
  1992        65-69     0.02480  0.11721  2.67   80837    9474  382097  1274113  15.76
  1992        70-74     0.03973  0.18154  2.62   71362   12955  326039   892016  12.50
  1992        75-79     0.06173  0.26890  2.61   58407   15706  254426   565977   9.69
  1992        80-84     0.09732  0.39258  2.54   42702   16764  172248   311551   7.30
  1992        85-89     0.15330  0.54537  2.36   25938   14146   92278   139303   5.37
  1992        90-94     0.22122  0.69130  2.29   11792    8152   36850    47025   3.99
  1992        95-99     0.34133  0.83643  1.95    3640    3045    8920    10175   2.80
  1992       100-104    0.46593  0.91810  1.70     595     547    1173     1255   2.11
  1992       105-109    0.59558  0.96027  1.47      49      47      79       81   1.67
  1992       110+       0.69748  1.00000  1.43       2       2       3        3   1.43
  1993           0      0.00842  0.00836  0.13  100000     836   99275  7547637  75.48
  1993         1-4      0.00051  0.00203  1.67   99164     202  396188  7448362  75.11
  1993         5-9      0.00024  0.00122  2.38   98963     120  494499  7052174  71.26
  1993        10-14     0.00019  0.00093  2.79   98843      92  494009  6557675  66.34
  1993        15-19     0.00060  0.00299  2.93   98750     295  493142  6063667  61.40
  1993        20-24     0.00094  0.00468  2.32   98455     461  491042  5570525  56.58
  1993        25-29     0.00083  0.00414  2.51   97994     405  488963  5079484  51.83
  1993        30-34     0.00093  0.00464  2.45   97589     453  486792  4590521  47.04
  1993        35-39     0.00126  0.00627  2.46   97136     609  484131  4103729  42.25
  1993        40-44     0.00178  0.00884  2.54   96527     853  480535  3619599  37.50
  1993        45-49     0.00281  0.01394  2.65   95674    1334  475234  3139064  32.81
  1993        50-54     0.00482  0.02385  2.71   94340    2250  466548  2663830  28.24
  1993        55-59     0.00882  0.04320  2.65   92089    3978  451086  2197282  23.86
  1993        60-64     0.01508  0.07285  2.68   88111    6419  425631  1746196  19.82
  1993        65-69     0.02348  0.11124  2.64   81692    9087  386982  1320566  16.17
  1993        70-74     0.03628  0.16679  2.59   72604   12110  333787   933583  12.86
  1993        75-79     0.05855  0.25715  2.63   60495   15556  265676   599797   9.91
  1993        80-84     0.09299  0.37636  2.47   44939   16913  181871   334121   7.44
  1993        85-89     0.15280  0.54247  2.33   28025   15203   99497   152249   5.43
  1993        90-94     0.21266  0.67121  2.25   12823    8607   40472    52752   4.11
  1993        95-99     0.32598  0.82153  1.98    4216    3463   10625    12280   2.91
  1993       100-104    0.44510  0.90767  1.74     752     683    1534     1655   2.20
  1993       105-109    0.57135  0.95431  1.51      69      66     116      121   1.74
  1993       110+       0.67217  1.00000  1.49       3       3       5        5   1.49
  1994           0      0.00793  0.00788  0.13  100000     788   99317  7567814  75.68
  1994         1-4      0.00035  0.00139  1.47   99212     137  396500  7468497  75.28
  1994         5-9      0.00019  0.00095  2.25   99074      94  495114  7071998  71.38
  1994        10-14     0.00013  0.00063  2.58   98980      62  494752  6576884  66.45
  1994        15-19     0.00058  0.00288  3.07   98918     285  494041  6082132  61.49
  1994        20-24     0.00100  0.00498  2.49   98633     491  491934  5588090  56.66
  1994        25-29     0.00091  0.00452  2.35   98142     443  489539  5096157  51.93
  1994        30-34     0.00094  0.00469  2.44   97699     458  487324  4606618  47.15
  1994        35-39     0.00122  0.00610  2.43   97241     593  484678  4119294  42.36
  1994        40-44     0.00191  0.00950  2.77   96648     918  481191  3634616  37.61
  1994        45-49     0.00294  0.01458  2.77   95730    1396  475543  3153425  32.94
  1994        50-54     0.00478  0.02366  2.71   94334    2232  466563  2677882  28.39
  1994        55-59     0.00856  0.04200  2.71   92102    3868  451660  2211319  24.01
  1994        60-64     0.01424  0.06881  2.59   88234    6071  426509  1759659  19.94
  1994        65-69     0.02227  0.10571  2.59   82162    8685  389923  1333150  16.23
  1994        70-74     0.03682  0.16912  2.60   73477   12427  337501   943227  12.84
  1994        75-79     0.05851  0.25528  2.50   61050   15585  266352   605726   9.92
  1994        80-84     0.09521  0.38391  2.48   45466   17455  183338   339374   7.46
  1994        85-89     0.14820  0.53429  2.39   28011   14966  100984   156036   5.57
  1994        90-94     0.20801  0.66333  2.27   13045    8653   41600    55052   4.22
  1994        95-99     0.30844  0.80254  2.01    4392    3525   11427    13453   3.06
  1994       100-104    0.41766  0.89168  1.79     867     773    1851     2025   2.34
  1994       105-109    0.53581  0.94377  1.57      94      89     165      174   1.85
  1994       110+       0.63196  1.00000  1.58       5       5       8        8   1.58
  1995           0      0.00750  0.00745  0.13  100000     745   99355  7560042  75.60
  1995         1-4      0.00042  0.00169  1.61   99255     167  396619  7460687  75.17
  1995         5-9      0.00015  0.00074  2.39   99087      73  495246  7064068  71.29
  1995        10-14     0.00024  0.00118  2.88   99014     116  494824  6568823  66.34
  1995        15-19     0.00063  0.00315  3.36   98898     311  493977  6073999  61.42
  1995        20-24     0.00097  0.00482  2.27   98586     476  491636  5580022  56.60
  1995        25-29     0.00084  0.00417  2.50   98111     409  489533  5088386  51.86
  1995        30-34     0.00108  0.00540  2.69   97702     528  487288  4598853  47.07
  1995        35-39     0.00131  0.00651  2.69   97174     633  484404  4111565  42.31
  1995        40-44     0.00165  0.00824  2.61   96541     796  480807  3627161  37.57
  1995        45-49     0.00298  0.01479  2.64   95745    1416  475380  3146354  32.86
  1995        50-54     0.00494  0.02442  2.58   94330    2303  466085  2670974  28.32
  1995        55-59     0.00834  0.04086  2.61   92026    3761  451143  2204889  23.96
  1995        60-64     0.01443  0.06981  2.68   88266    6162  427036  1753747  19.87
  1995        65-69     0.02338  0.11082  2.66   82104    9099  389209  1326711  16.16
  1995        70-74     0.03565  0.16417  2.59   73005   11985  336193   937502  12.84
  1995        75-79     0.05988  0.26092  2.54   61020   15921  265891   601309   9.85
  1995        80-84     0.09348  0.37927  2.51   45098   17104  182978   335418   7.44
  1995        85-89     0.15320  0.54550  2.36   27994   15271   99681   152440   5.45
  1995        90-94     0.21097  0.66780  2.25   12723    8497   40275    52760   4.15
  1995        95-99     0.32100  0.81630  1.99    4227    3450   10749    12485   2.95
  1995       100-104    0.43730  0.90336  1.75     776     701    1604     1737   2.24
  1995       105-109    0.56132  0.95154  1.53      75      71     127      133   1.77
  1995       110+       0.66094  1.00000  1.51       4       4       6        6   1.51
  1996           0      0.00670  0.00667  0.14  100000     667   99424  7619933  76.20
  1996         1-4      0.00041  0.00163  1.50   99333     162  396929  7520509  75.71
  1996         5-9      0.00018  0.00092  2.42   99171      92  495620  7123580  71.83
  1996        10-14     0.00023  0.00113  2.85   99080     112  495157  6627960  66.90
  1996        15-19     0.00053  0.00264  2.85   98968     262  494276  6132803  61.97
  1996        20-24     0.00096  0.00476  2.22   98706     470  492223  5638527  57.12
  1996        25-29     0.00082  0.00410  2.54   98236     403  490185  5146304  52.39
  1996        30-34     0.00098  0.00488  2.54   97833     478  487987  4656119  47.59
  1996        35-39     0.00131  0.00654  2.58   97355     636  485234  4168132  42.81
  1996        40-44     0.00170  0.00846  2.61   96719     818  481640  3682898  38.08
  1996        45-49     0.00283  0.01406  2.88   95901    1349  476639  3201258  33.38
  1996        50-54     0.00447  0.02215  2.80   94552    2094  468149  2724619  28.82
  1996        55-59     0.00817  0.04010  2.68   92458    3708  453704  2256471  24.41
  1996        60-64     0.01375  0.06663  2.68   88750    5914  430049  1802766  20.31
  1996        65-69     0.02181  0.10373  2.65   82837    8593  394015  1372718  16.57
  1996        70-74     0.03331  0.15420  2.60   74244   11449  343686   978702  13.18
  1996        75-79     0.05763  0.25304  2.59   62795   15890  275742   635016  10.11
  1996        80-84     0.08841  0.36316  2.54   46906   17034  192680   359275   7.66
  1996        85-89     0.14967  0.53618  2.36   29871   16016  107009   166594   5.58
  1996        90-94     0.20090  0.64309  2.20   13855    8910   44351    59585   4.30
  1996        95-99     0.30603  0.80033  2.02    4945    3958   12932    15235   3.08
  1996       100-104    0.41815  0.89231  1.79     987     881    2107     2302   2.33
  1996       105-109    0.53966  0.94518  1.56     106     101     186      195   1.84
  1996       110+       0.63843  1.00000  1.57       6       6       9        9   1.57
  1997           0      0.00661  0.00657  0.14  100000     657   99432  7602256  76.02
  1997         1-4      0.00044  0.00177  1.85   99343     176  396994  7502824  75.52
  1997         5-9      0.00022  0.00110  1.92   99167     109  495499  7105830  71.66
  1997        10-14     0.00022  0.00108  2.96   99058     107  495072  6610331  66.73
  1997        15-19     0.00058  0.00291  3.11   98951     288  494214  6115259  61.80
  1997        20-24     0.00131  0.00653  2.20   98664     644  491517  5621044  56.97
  1997        25-29     0.00096  0.00477  2.46   98019     468  488905  5129527  52.33
  1997        30-34     0.00100  0.00498  2.72   97551     486  486650  4640621  47.57
  1997        35-39     0.00132  0.00657  2.65   97066     637  483834  4153972  42.80
  1997        40-44     0.00182  0.00904  2.53   96428     872  479988  3670138  38.06
  1997        45-49     0.00251  0.01248  2.56   95556    1192  474873  3190150  33.39
  1997        50-54     0.00462  0.02287  2.66   94364    2158  466767  2715277  28.77
  1997        55-59     0.00765  0.03762  2.72   92206    3468  453135  2248510  24.39
  1997        60-64     0.01330  0.06453  2.70   88738    5726  430539  1795375  20.23
  1997        65-69     0.02249  0.10674  2.62   83011    8861  393958  1364837  16.44
  1997        70-74     0.03483  0.16081  2.62   74150   11924  342395   970879  13.09
  1997        75-79     0.05607  0.24665  2.56   62226   15348  273739   628484  10.10
  1997        80-84     0.09166  0.37296  2.50   46878   17484  190745   354745   7.57
  1997        85-89     0.14729  0.53032  2.36   29394   15588  105838   163999   5.58
  1997        90-94     0.20768  0.65933  2.23   13806    9103   43831    58161   4.21
  1997        95-99     0.30998  0.80457  2.01    4703    3784   12207    14331   3.05
  1997       100-104    0.42240  0.89479  1.78     919     822    1947     2123   2.31
  1997       105-109    0.54374  0.94640  1.56      97      92     168      176   1.82
  1997       110+       0.64215  1.00000  1.56       5       5       8        8   1.56
  1998           0      0.00676  0.00672  0.14  100000     672   99419  7611477  76.11
  1998         1-4      0.00046  0.00185  1.66   99328     184  396881  7512058  75.63
  1998         5-9      0.00018  0.00089  2.46   99144      89  495494  7115177  71.77
  1998        10-14     0.00018  0.00089  2.38   99055      88  495045  6619683  66.83
  1998        15-19     0.00057  0.00286  3.23   98967     283  494336  6124638  61.89
  1998        20-24     0.00088  0.00441  2.57   98684     435  492363  5630302  57.05
  1998        25-29     0.00081  0.00405  2.48   98249     398  490243  5137939  52.29
  1998        30-34     0.00094  0.00469  2.51   97851     459  488111  4647696  47.50
  1998        35-39     0.00136  0.00677  2.75   97392     659  485480  4159585  42.71
  1998        40-44     0.00190  0.00947  2.67   96733     916  481533  3674105  37.98
  1998        45-49     0.00280  0.01389  2.75   95818    1331  476089  3192572  33.32
  1998        50-54     0.00493  0.02438  2.75   94487    2303  467256  2716482  28.75
  1998        55-59     0.00811  0.03979  2.70   92184    3668  452473  2249227  24.40
  1998        60-64     0.01348  0.06536  2.69   88516    5786  429238  1796754  20.30
  1998        65-69     0.02259  0.10730  2.67   82730    8877  392944  1367516  16.53
  1998        70-74     0.03415  0.15773  2.58   73854   11649  341134   974571  13.20
  1998        75-79     0.05530  0.24466  2.65   62204   15219  275190   633438  10.18
  1998        80-84     0.08895  0.36537  2.56   46986   17167  193005   358248   7.62
  1998        85-89     0.14606  0.52856  2.39   29818   15761  107903   165243   5.54
  1998        90-94     0.21806  0.67890  2.22   14058    9544   43767    57340   4.08
  1998        95-99     0.31434  0.80965  2.01    4514    3655   11626    13573   3.01
  1998       100-104    0.43114  0.90014  1.76     859     773    1794     1947   2.27
  1998       105-109    0.55650  0.95031  1.54      86      82     147      153   1.78
  1998       110+       0.65750  1.00000  1.52       4       4       6        6   1.52
  1999           0      0.00622  0.00618  0.14  100000     618   99466  7659121  76.59
  1999         1-4      0.00039  0.00157  1.63   99382     156  397158  7559654  76.07
  1999         5-9      0.00015  0.00073  2.55   99226      72  495953  7162496  72.18
  1999        10-14     0.00024  0.00118  2.55   99154     117  495484  6666543  67.23
  1999        15-19     0.00045  0.00226  3.02   99037     223  494744  6171059  62.31
  1999        20-24     0.00077  0.00384  2.43   98814     380  493094  5676315  57.44
  1999        25-29     0.00083  0.00416  2.41   98434     410  491109  5183220  52.66
  1999        30-34     0.00092  0.00460  2.81   98025     451  489137  4692111  47.87
  1999        35-39     0.00120  0.00599  2.56   97574     585  486445  4202974  43.07
  1999        40-44     0.00191  0.00951  2.75   96990     923  482873  3716529  38.32
  1999        45-49     0.00285  0.01415  2.65   96067    1360  477143  3233656  33.66
  1999        50-54     0.00464  0.02298  2.75   94707    2176  468647  2756513  29.11
  1999        55-59     0.00728  0.03580  2.72   92531    3312  455089  2287866  24.73
  1999        60-64     0.01250  0.06079  2.73   89218    5424  433779  1832777  20.54
  1999        65-69     0.02152  0.10242  2.66   83795    8583  398897  1398998  16.70
  1999        70-74     0.03443  0.15892  2.58   75212   11952  347139  1000101  13.30
  1999        75-79     0.05237  0.23253  2.59   63260   14710  280879   652962  10.32
  1999        80-84     0.08590  0.35588  2.59   48550   17278  201153   372083   7.66
  1999        85-89     0.14897  0.53666  2.40   31272   16782  112653   170930   5.47
  1999        90-94     0.21838  0.67315  2.15   14490    9754   44663    58277   4.02
  1999        95-99     0.33022  0.82658  1.98    4736    3915   11855    13614   2.87
  1999       100-104    0.45751  0.91453  1.72     821     751    1642     1760   2.14
  1999       105-109    0.59127  0.95951  1.48      70      67     114      118   1.68
  1999       110+       0.69665  1.00000  1.44       3       3       4        4   1.44
  2000           0      0.00629  0.00626  0.14  100000     626   99460  7664235  76.64
  2000         1-4      0.00033  0.00133  1.56   99374     132  397174  7564776  76.12
  2000         5-9      0.00016  0.00081  2.35   99242      81  495997  7167602  72.22
  2000        10-14     0.00016  0.00078  2.40   99161      77  495606  6671605  67.28
  2000        15-19     0.00066  0.00329  3.17   99084     326  494824  6175999  62.33
  2000        20-24     0.00087  0.00434  2.26   98758     429  492618  5681175  57.53
  2000        25-29     0.00087  0.00432  2.62   98330     425  490636  5188557  52.77
  2000        30-34     0.00098  0.00490  2.74   97905     480  488440  4697921  47.98
  2000        35-39     0.00149  0.00744  2.70   97424     725  485455  4209481  43.21
  2000        40-44     0.00200  0.00998  2.67   96700     965  481247  3724026  38.51
  2000        45-49     0.00299  0.01485  2.70   95735    1422  475400  3242778  33.87
  2000        50-54     0.00443  0.02191  2.69   94313    2066  466783  2767378  29.34
  2000        55-59     0.00734  0.03609  2.76   92247    3329  453763  2300595  24.94
  2000        60-64     0.01200  0.05836  2.68   88918    5190  432566  1846832  20.77
  2000        65-69     0.02060  0.09839  2.72   83729    8238  399875  1414266  16.89
  2000        70-74     0.03322  0.15389  2.61   75491   11618  349717  1014391  13.44
  2000        75-79     0.05308  0.23489  2.55   63873   15003  282621   664674  10.41
  2000        80-84     0.08349  0.34608  2.53   48870   16913  202564   382053   7.82
  2000        85-89     0.14108  0.51747  2.43   31957   16537  117218   179488   5.62
  2000        90-94     0.21877  0.67171  2.13   15420   10358   47345    62270   4.04
  2000        95-99     0.32082  0.81724  2.00    5062    4137   12896    14925   2.95
  2000       100-104    0.44609  0.90883  1.74     925     841    1885     2030   2.19
  2000       105-109    0.57918  0.95663  1.50      84      81     139      145   1.72
  2000       110+       0.68492  1.00000  1.46       4       4       5        5   1.46
  2001           0      0.00521  0.00519  0.14  100000     519   99553  7704223  77.04
  2001         1-4      0.00036  0.00144  1.58   99481     143  397578  7604670  76.44
  2001         5-9      0.00015  0.00075  2.21   99338      75  496482  7207092  72.55
  2001        10-14     0.00020  0.00098  2.74   99263      97  496098  6710610  67.60
  2001        15-19     0.00066  0.00332  3.19   99166     329  495234  6214513  62.67
  2001        20-24     0.00107  0.00532  2.35   98837     525  492795  5719278  57.87
  2001        25-29     0.00097  0.00482  2.56   98312     474  490402  5226483  53.16
  2001        30-34     0.00093  0.00463  2.81   97838     453  488200  4736081  48.41
  2001        35-39     0.00139  0.00692  2.55   97385     673  485277  4247881  43.62
  2001        40-44     0.00196  0.00978  2.68   96711     946  481359  3762604  38.91
  2001        45-49     0.00266  0.01320  2.55   95766    1264  475729  3281245  34.26
  2001        50-54     0.00415  0.02054  2.74   94502    1941  468112  2805515  29.69
  2001        55-59     0.00691  0.03400  2.67   92560    3147  455462  2337403  25.25
  2001        60-64     0.01143  0.05569  2.69   89413    4979  435582  1881941  21.05
  2001        65-69     0.02023  0.09661  2.68   84434    8158  403272  1446359  17.13
  2001        70-74     0.03150  0.14660  2.64   76276   11182  354937  1043087  13.68
  2001        75-79     0.05136  0.22870  2.61   65094   14887  289834   688151  10.57
  2001        80-84     0.07994  0.33409  2.54   50207   16774  209819   398317   7.93
  2001        85-89     0.14079  0.51936  2.48   33433   17364  123336   188498   5.64
  2001        90-94     0.21996  0.68151  2.21   16069   10951   49789    65162   4.06
  2001        95-99     0.31398  0.81021  2.01    5118    4147   13207    15373   3.00
  2001       100-104    0.43823  0.90474  1.76     971     879    2005     2166   2.23
  2001       105-109    0.57125  0.95466  1.51      93      88     155      161   1.74
  2001       110+       0.67750  1.00000  1.48       4       4       6        6   1.48
  2002           0      0.00570  0.00568  0.14  100000     568   99511  7712169  77.12
  2002         1-4      0.00034  0.00135  1.55   99432     134  397401  7612658  76.56
  2002         5-9      0.00016  0.00080  2.47   99298      80  496288  7215258  72.66
  2002        10-14     0.00016  0.00080  2.58   99218      79  495900  6718970  67.72
  2002        15-19     0.00068  0.00339  3.03   99139     336  495033  6223070  62.77
  2002        20-24     0.00121  0.00601  2.29   98803     594  492409  5728036  57.97
  2002        25-29     0.00099  0.00492  2.63   98209     483  489900  5235627  53.31
  2002        30-34     0.00097  0.00486  2.61   97726     475  487495  4745728  48.56
  2002        35-39     0.00128  0.00638  2.67   97251     621  484807  4258233  43.79
  2002        40-44     0.00199  0.00993  2.66   96631     959  480912  3773425  39.05
  2002        45-49     0.00261  0.01295  2.59   95672    1239  475371  3292513  34.41
  2002        50-54     0.00432  0.02140  2.66   94433    2021  467437  2817142  29.83
  2002        55-59     0.00658  0.03242  2.62   92412    2996  454927  2349705  25.43
  2002        60-64     0.01121  0.05466  2.68   89416    4887  435760  1894778  21.19
  2002        65-69     0.01892  0.09058  2.65   84529    7657  404687  1459018  17.26
  2002        70-74     0.03242  0.15067  2.66   76872   11583  357250  1054330  13.72
  2002        75-79     0.05038  0.22490  2.62   65290   14684  291458   697080  10.68
  2002        80-84     0.07757  0.32601  2.56   50606   16498  212694   405622   8.02
  2002        85-89     0.13714  0.50787  2.45   34108   17322  126312   192928   5.66
  2002        90-94     0.22379  0.68783  2.20   16785   11546   51592    66616   3.97
  2002        95-99     0.33042  0.82788  1.99    5240    4338   13129    15024   2.87
  2002       100-104    0.46667  0.91958  1.71     902     829    1777     1896   2.10
  2002       105-109    0.60899  0.96374  1.45      73      70     115      118   1.63
  2002       110+       0.71943  1.00000  1.39       3       3       4        4   1.39
  2003           0      0.00530  0.00527  0.14  100000     527   99546  7748988  77.49
  2003         1-4      0.00038  0.00152  1.72   99473     152  397544  7649442  76.90
  2003         5-9      0.00013  0.00067  2.63   99321      66  496448  7251898  73.01
  2003        10-14     0.00020  0.00100  2.34   99255      99  496009  6755450  68.06
  2003        15-19     0.00053  0.00263  3.14   99155     261  495291  6259441  63.13
  2003        20-24     0.00100  0.00498  2.40   98894     492  493194  5764150  58.29
  2003        25-29     0.00073  0.00366  2.68   98402     360  491177  5270956  53.57
  2003        30-34     0.00082  0.00410  2.48   98042     402  489198  4779779  48.75
  2003        35-39     0.00119  0.00595  2.62   97640     581  486818  4290580  43.94
  2003        40-44     0.00175  0.00870  2.58   97059     844  483251  3803762  39.19
  2003        45-49     0.00263  0.01307  2.62   96215    1258  478076  3320512  34.51
  2003        50-54     0.00394  0.01954  2.64   94957    1856  470402  2842436  29.93
  2003        55-59     0.00687  0.03383  2.73   93102    3150  458344  2372033  25.48
  2003        60-64     0.01099  0.05360  2.69   89952    4821  438609  1913689  21.27
  2003        65-69     0.01865  0.08934  2.65   85131    7606  407803  1475080  17.33
  2003        70-74     0.03083  0.14368  2.64   77526   11139  361289  1067277  13.77
  2003        75-79     0.05162  0.22884  2.52   66387   15192  294326   705988  10.63
  2003        80-84     0.08079  0.33662  2.52   51195   17233  213320   411662   8.04
  2003        85-89     0.13184  0.49607  2.51   33962   16847  127783   198342   5.84
  2003        90-94     0.21551  0.67468  2.23   17114   11547   53578    70558   4.12
  2003        95-99     0.30852  0.80436  2.03    5568    4478   14516    16980   3.05
  2003       100-104    0.43148  0.90103  1.77    1089     981    2275     2464   2.26
  2003       105-109    0.56395  0.95275  1.53     108     103     182      190   1.76
  2003       110+       0.67028  1.00000  1.49       5       5       8        8   1.49
  2004           0      0.00472  0.00470  0.14  100000     470   99595  7796200  77.96
  2004         1-4      0.00029  0.00116  1.41   99530     116  397819  7696604  77.33
  2004         5-9      0.00021  0.00104  2.36   99414     103  496799  7298785  73.42
  2004        10-14     0.00019  0.00096  2.47   99311      95  496314  6801986  68.49
  2004        15-19     0.00054  0.00269  3.16   99216     267  495589  6305672  63.56
  2004        20-24     0.00084  0.00421  2.53   98949     416  493720  5810083  58.72
  2004        25-29     0.00081  0.00407  2.62   98533     401  491711  5316363  53.96
  2004        30-34     0.00085  0.00423  2.63   98133     415  489679  4824652  49.16
  2004        35-39     0.00115  0.00575  2.78   97717     562  487337  4334973  44.36
  2004        40-44     0.00166  0.00825  2.62   97155     802  483867  3847636  39.60
  2004        45-49     0.00254  0.01260  2.63   96354    1215  478894  3363769  34.91
  2004        50-54     0.00408  0.02022  2.77   95139    1923  471408  2884875  30.32
  2004        55-59     0.00656  0.03233  2.71   93216    3014  459190  2413466  25.89
  2004        60-64     0.01074  0.05239  2.70   90202    4726  440134  1954276  21.67
  2004        65-69     0.01779  0.08544  2.69   85476    7303  410495  1514143  17.71
  2004        70-74     0.02971  0.13883  2.65   78172   10852  365321  1103648  14.12
  2004        75-79     0.04746  0.21264  2.55   67320   14315  301589   738326  10.97
  2004        80-84     0.07792  0.32746  2.56   53005   17357  222758   436738   8.24
  2004        85-89     0.12197  0.46776  2.51   35648   16675  136710   213980   6.00
  2004        90-94     0.22029  0.68691  2.26   18974   13033   59163    77270   4.07
  2004        95-99     0.30826  0.80465  2.03    5941    4780   15506    18107   3.05
  2004       100-104    0.43569  0.90378  1.76    1160    1049    2407     2601   2.24
  2004       105-109    0.57276  0.95527  1.51     112     107     186      194   1.73
  2004       110+       0.68216  1.00000  1.47       5       5       7        7   1.47
  2005           0      0.00464  0.00462  0.14  100000     462   99603  7817045  78.17
  2005         1-4      0.00033  0.00131  1.64   99538     130  397844  7717442  77.53
  2005         5-9      0.00010  0.00051  2.23   99408      51  496898  7319598  73.63
  2005        10-14     0.00016  0.00082  2.86   99357      82  496609  6822700  68.67
  2005        15-19     0.00040  0.00198  2.98   99275     196  495979  6326091  63.72
  2005        20-24     0.00083  0.00412  2.40   99079     408  494331  5830112  58.84
  2005        25-29     0.00071  0.00353  2.70   98670     349  492550  5335781  54.08
  2005        30-34     0.00084  0.00417  2.69   98322     410  490661  4843231  49.26
  2005        35-39     0.00102  0.00507  2.71   97912     496  488425  4352569  44.45
  2005        40-44     0.00173  0.00860  2.70   97416     837  485150  3864144  39.67
  2005        45-49     0.00273  0.01357  2.68   96579    1311  479854  3378993  34.99
  2005        50-54     0.00425  0.02106  2.73   95268    2007  471776  2899140  30.43
  2005        55-59     0.00618  0.03047  2.61   93262    2841  459505  2427364  26.03
  2005        60-64     0.01100  0.05362  2.64   90420    4848  440639  1967859  21.76
  2005        65-69     0.01703  0.08189  2.66   85572    7008  411445  1527219  17.85
  2005        70-74     0.02854  0.13387  2.69   78565   10518  368482  1115775  14.20
  2005        75-79     0.04773  0.21476  2.67   68047   14614  306147   747293  10.98
  2005        80-84     0.07580  0.31941  2.54   53433   17067  225176   441145   8.26
  2005        85-89     0.12354  0.46744  2.40   36366   16999  137599   215969   5.94
  2005        90-94     0.21984  0.68089  2.21   19367   13187   59983    78370   4.05
  2005        95-99     0.31670  0.81408  2.02    6180    5031   15886    18387   2.98
  2005       100-104    0.44964  0.91139  1.74    1149    1047    2329     2500   2.18
  2005       105-109    0.59091  0.95981  1.48     102      98     165      171   1.68
  2005       110+       0.70214  1.00000  1.42       4       4       6        6   1.42
  2006           0      0.00452  0.00450  0.14  100000     450   99613  7858479  78.58
  2006         1-4      0.00037  0.00149  1.59   99550     149  397843  7758866  77.94
  2006         5-9      0.00019  0.00093  2.46   99401      92  496773  7361023  74.05
  2006        10-14     0.00014  0.00071  2.42   99309      71  496362  6864251  69.12
  2006        15-19     0.00045  0.00222  3.17   99238     221  495786  6367888  64.17
  2006        20-24     0.00073  0.00364  2.51   99017     360  494192  5872103  59.30
  2006        25-29     0.00064  0.00322  2.79   98657     318  492584  5377911  54.51
  2006        30-34     0.00077  0.00384  2.68   98340     377  490823  4885326  49.68
  2006        35-39     0.00101  0.00504  2.67   97962     494  488659  4394503  44.86
  2006        40-44     0.00166  0.00825  2.74   97469     804  485525  3905844  40.07
  2006        45-49     0.00258  0.01283  2.68   96664    1240  480449  3420319  35.38
  2006        50-54     0.00414  0.02050  2.65   95424    1956  472525  2939870  30.81
  2006        55-59     0.00623  0.03069  2.62   93468    2869  460515  2467345  26.40
  2006        60-64     0.00986  0.04823  2.70   90599    4369  442934  2006831  22.15
  2006        65-69     0.01672  0.08051  2.69   86229    6942  415134  1563897  18.14
  2006        70-74     0.02720  0.12791  2.67   79287   10142  372852  1148762  14.49
  2006        75-79     0.04628  0.20837  2.61   69146   14408  311303   775910  11.22
  2006        80-84     0.07192  0.30572  2.55   54738   16735  232693   464607   8.49
  2006        85-89     0.11970  0.45816  2.44   38003   17411  145463   231914   6.10
  2006        90-94     0.20897  0.66911  2.31   20592   13778   65934    86451   4.20
  2006        95-99     0.31197  0.80954  2.03    6813    5516   17681    20517   3.01
  2006       100-104    0.44732  0.91053  1.74    1298    1182    2642     2836   2.19
  2006       105-109    0.59171  0.96015  1.48     116     111     188      195   1.68
  2006       110+       0.70530  1.00000  1.42       5       5       7        7   1.42
  2007           0      0.00417  0.00416  0.14  100000     416   99643  7870008  78.70
  2007         1-4      0.00028  0.00111  1.50   99584     111  398059  7770365  78.03
  2007         5-9      0.00013  0.00064  2.44   99473      63  497205  7372306  74.11
  2007        10-14     0.00016  0.00080  2.84   99410      80  496877  6875101  69.16
  2007        15-19     0.00049  0.00243  2.60   99330     241  496072  6378224  64.21
  2007        20-24     0.00067  0.00336  2.54   99089     333  494626  5882152  59.36
  2007        25-29     0.00062  0.00312  2.42   98756     308  492988  5387526  54.55
  2007        30-34     0.00073  0.00365  2.50   98449     359  491344  4894538  49.72
  2007        35-39     0.00098  0.00489  2.60   98089     480  489293  4403194  44.89
  2007        40-44     0.00149  0.00742  2.79   97609     724  486446  3913901  40.10
  2007        45-49     0.00250  0.01245  2.61   96885    1206  481546  3427456  35.38
  2007        50-54     0.00383  0.01896  2.63   95679    1814  474102  2945910  30.79
  2007        55-59     0.00630  0.03103  2.60   93865    2913  462339  2471808  26.33
  2007        60-64     0.00961  0.04700  2.70   90952    4274  444918  2009469  22.09
  2007        65-69     0.01656  0.07965  2.60   86677    6904  416834  1564551  18.05
  2007        70-74     0.02777  0.13034  2.65   79773   10397  374469  1147717  14.39
  2007        75-79     0.04613  0.20785  2.62   69376   14420  312565   773247  11.15
  2007        80-84     0.07373  0.31216  2.55   54956   17155  232680   460683   8.38
  2007        85-89     0.12363  0.46978  2.45   37801   17758  143646   228003   6.03
  2007        90-94     0.20615  0.66170  2.29   20043   13262   64332    84357   4.21
  2007        95-99     0.31907  0.81699  2.01    6780    5540   17361    20025   2.95
  2007       100-104    0.45618  0.91493  1.73    1241    1135    2489     2663   2.15
  2007       105-109    0.60113  0.96222  1.47     106     102     169      175   1.65
  2007       110+       0.71427  1.00000  1.40       4       4       6        6   1.40
  2008           0      0.00442  0.00441  0.14  100000     441   99621  7902327  79.02
  2008         1-4      0.00028  0.00113  1.63   99559     112  397972  7802706  78.37
  2008         5-9      0.00016  0.00078  2.27   99447      77  497025  7404734  74.46
  2008        10-14     0.00014  0.00072  3.12   99370      71  496716  6907709  69.52
  2008        15-19     0.00050  0.00249  2.88   99299     247  495969  6410993  64.56
  2008        20-24     0.00075  0.00373  2.42   99051     370  494302  5915024  59.72
  2008        25-29     0.00062  0.00311  2.33   98682     306  492591  5420722  54.93
  2008        30-34     0.00073  0.00363  2.59   98375     357  491015  4928132  50.10
  2008        35-39     0.00096  0.00480  2.47   98018     471  488900  4437116  45.27
  2008        40-44     0.00152  0.00757  2.67   97547     739  486013  3948216  40.47
  2008        45-49     0.00242  0.01202  2.71   96809    1164  481377  3462203  35.76
  2008        50-54     0.00405  0.02007  2.66   95645    1920  473728  2980826  31.17
  2008        55-59     0.00593  0.02924  2.64   93725    2741  462157  2507098  26.75
  2008        60-64     0.00932  0.04561  2.65   90985    4149  445166  2044941  22.48
  2008        65-69     0.01548  0.07468  2.63   86835    6485  418807  1599775  18.42
  2008        70-74     0.02572  0.12146  2.72   80350    9759  379454  1180968  14.70
  2008        75-79     0.04434  0.20030  2.59   70591   14140  318886   801514  11.35
  2008        80-84     0.07210  0.30584  2.52   56451   17265  239471   482628   8.55
  2008        85-89     0.12093  0.46255  2.46   39186   18125  149879   243157   6.21
  2008        90-94     0.19103  0.63104  2.31   21061   13290   69569    93278   4.43
  2008        95-99     0.30734  0.80439  2.04    7771    6251   20338    23709   3.05
  2008       100-104    0.44040  0.90684  1.76    1520    1378    3130     3371   2.22
  2008       105-109    0.58329  0.95814  1.50     142     136     233      241   1.70
  2008       110+       0.69645  1.00000  1.44       6       6       9        9   1.44
  2009           0      0.00422  0.00420  0.14  100000     420   99639  7961539  79.62
  2009         1-4      0.00020  0.00082  1.54   99580      81  398119  7861900  78.95
  2009         5-9      0.00014  0.00072  2.47   99498      72  497310  7463781  75.01
  2009        10-14     0.00012  0.00061  2.78   99426      60  496999  6966471  70.07
  2009        15-19     0.00035  0.00173  3.12   99366     172  496508  6469472  65.11
  2009        20-24     0.00070  0.00351  2.47   99194     348  495088  5972965  60.21
  2009        25-29     0.00060  0.00300  2.40   98846     297  493457  5477877  55.42
  2009        30-34     0.00076  0.00379  2.55   98549     373  491831  4984420  50.58
  2009        35-39     0.00088  0.00438  2.68   98176     430  489884  4492589  45.76
  2009        40-44     0.00134  0.00669  2.68   97746     654  487213  4002705  40.95
  2009        45-49     0.00225  0.01119  2.68   97092    1087  482939  3515492  36.21
  2009        50-54     0.00372  0.01846  2.65   96006    1773  475863  3032553  31.59
  2009        55-59     0.00575  0.02836  2.64   94233    2673  464850  2556691  27.13
  2009        60-64     0.00886  0.04340  2.64   91560    3974  448414  2091841  22.85
  2009        65-69     0.01506  0.07275  2.66   87587    6372  423047  1643427  18.76
  2009        70-74     0.02457  0.11621  2.67   81214    9438  384128  1220380  15.03
  2009        75-79     0.04171  0.18963  2.61   71776   13611  326313   836252  11.65
  2009        80-84     0.06911  0.29542  2.54   58165   17183  248631   509940   8.77
  2009        85-89     0.11536  0.44494  2.43   40982   18235  158069   261309   6.38
  2009        90-94     0.18670  0.62940  2.41   22747   14317   76684   103240   4.54
  2009        95-99     0.29604  0.79168  2.06    8430    6674   22545    26556   3.15
  2009       100-104    0.42649  0.89922  1.78    1756    1579    3703     4012   2.28
  2009       105-109    0.56856  0.95450  1.52     177     169     297      309   1.75
  2009       110+       0.68233  1.00000  1.47       8       8      12       12   1.47
  2010           0      0.00392  0.00390  0.14  100000     390   99665  7970612  79.71
  2010         1-4      0.00020  0.00081  1.81   99610      81  398261  7870947  79.02
  2010         5-9      0.00011  0.00057  2.29   99529      57  497488  7472686  75.08
  2010        10-14     0.00015  0.00076  2.98   99471      76  497205  6975197  70.12
  2010        15-19     0.00037  0.00183  2.73   99396     182  496567  6477993  65.17
  2010        20-24     0.00060  0.00301  2.28   99214     299  495258  5981426  60.29
  2010        25-29     0.00072  0.00361  2.45   98915     357  493664  5486168  55.46
  2010        30-34     0.00077  0.00386  2.56   98558     381  491862  4992504  50.66
  2010        35-39     0.00093  0.00463  2.67   98177     455  489826  4500642  45.84
  2010        40-44     0.00145  0.00723  2.59   97723     707  486913  4010815  41.04
  2010        45-49     0.00213  0.01057  2.63   97016    1026  482651  3523903  36.32
  2010        50-54     0.00371  0.01838  2.64   95990    1764  475779  3041252  31.68
  2010        55-59     0.00535  0.02643  2.71   94226    2490  465422  2565473  27.23
  2010        60-64     0.00894  0.04379  2.63   91735    4017  449170  2100050  22.89
  2010        65-69     0.01536  0.07418  2.71   87718    6507  423658  1650880  18.82
  2010        70-74     0.02393  0.11342  2.70   81211    9211  384833  1227222  15.11
  2010        75-79     0.04130  0.18817  2.64   72000   13549  328072   842390  11.70
  2010        80-84     0.07021  0.29900  2.52   58452   17477  248932   514318   8.80
  2010        85-89     0.11393  0.44254  2.48   40975   18133  159153   265386   6.48
  2010        90-94     0.17731  0.59955  2.30   22842   13695   77235   106233   4.65
  2010        95-99     0.29391  0.78909  2.07    9147    7218   24558    28999   3.17
  2010       100-104    0.42304  0.89715  1.79    1929    1731    4091     4440   2.30
  2010       105-109    0.56408  0.95329  1.53     198     189     335      349   1.76
  2010       110+       0.67739  1.00000  1.48       9       9      14       14   1.48
  2011           0      0.00380  0.00378  0.14  100000     378   99675  7986520  79.87
  2011         1-4      0.00019  0.00077  1.57   99622      77  398301  7886844  79.17
  2011         5-9      0.00013  0.00064  2.81   99545      63  497586  7488544  75.23
  2011        10-14     0.00015  0.00073  2.98   99482      72  497261  6990958  70.27
  2011        15-19     0.00036  0.00181  2.77   99409     180  496644  6493696  65.32
  2011        20-24     0.00055  0.00274  2.51   99229     272  495470  5997052  60.44
  2011        25-29     0.00054  0.00268  2.57   98957     265  494142  5501582  55.60
  2011        30-34     0.00060  0.00300  2.65   98693     296  492766  5007440  50.74
  2011        35-39     0.00074  0.00369  2.74   98396     363  491159  4514674  45.88
  2011        40-44     0.00129  0.00644  2.67   98033     631  488694  4023515  41.04
  2011        45-49     0.00214  0.01066  2.73   97402    1039  484656  3534821  36.29
  2011        50-54     0.00364  0.01805  2.76   96363    1740  477924  3050165  31.65
  2011        55-59     0.00588  0.02900  2.71   94624    2744  466843  2572241  27.18
  2011        60-64     0.00952  0.04660  2.69   91879    4282  449521  2105398  22.91
  2011        65-69     0.01460  0.07067  2.73   87598    6190  423958  1655877  18.90
  2011        70-74     0.02363  0.11203  2.69   81407    9120  385929  1231919  15.13
  2011        75-79     0.04087  0.18631  2.63   72287   13468  329572   845990  11.70
  2011        80-84     0.06872  0.29375  2.53   58819   17278  251436   516418   8.78
  2011        85-89     0.11460  0.44350  2.45   41541   18423  160765   264982   6.38
  2011        90-94     0.18562  0.61016  2.19   23117   14105   75990   104217   4.51
  2011        95-99     0.29796  0.79400  2.06    9012    7156   24015    28227   3.13
  2011       100-104    0.42970  0.90111  1.78    1857    1673    3893     4211   2.27
  2011       105-109    0.57276  0.95561  1.51     184     175     306      318   1.73
  2011       110+       0.68698  1.00000  1.46       8       8      12       12   1.46
  2012           0      0.00387  0.00386  0.14  100000     386   99669  7987486  79.87
  2012         1-4      0.00022  0.00087  1.74   99614      87  398261  7887817  79.18
  2012         5-9      0.00012  0.00058  2.36   99528      58  497485  7489556  75.25
  2012        10-14     0.00013  0.00063  2.84   99470      62  497213  6992071  70.29
  2012        15-19     0.00031  0.00153  2.92   99407     153  496720  6494858  65.34
  2012        20-24     0.00049  0.00243  2.55   99255     241  495684  5998138  60.43
  2012        25-29     0.00057  0.00282  2.37   99014     280  494333  5502454  55.57
  2012        30-34     0.00054  0.00272  2.68   98734     268  493049  5008122  50.72
  2012        35-39     0.00079  0.00395  2.73   98466     389  491446  4515072  45.85
  2012        40-44     0.00123  0.00615  2.72   98077     603  489008  4023627  41.03
  2012        45-49     0.00220  0.01097  2.69   97474    1069  484903  3534618  36.26
  2012        50-54     0.00383  0.01899  2.69   96405    1830  477798  3049715  31.63
  2012        55-59     0.00571  0.02818  2.61   94574    2665  466495  2571918  27.19
  2012        60-64     0.00869  0.04256  2.59   91909    3912  450129  2105422  22.91
  2012        65-69     0.01432  0.06920  2.60   87997    6089  425367  1655293  18.81
  2012        70-74     0.02494  0.11779  2.65   81908    9648  386861  1229926  15.02
  2012        75-79     0.04065  0.18571  2.68   72260   13419  330140   843065  11.67
  2012        80-84     0.07128  0.30466  2.62   58840   17926  251483   512925   8.72
  2012        85-89     0.11602  0.44908  2.49   40914   18374  158363   261442   6.39
  2012        90-94     0.18242  0.60879  2.27   22540   13722   75224   103079   4.57
  2012        95-99     0.29524  0.79054  2.06    8818    6971   23611    27855   3.16
  2012       100-104    0.42387  0.89756  1.79    1847    1658    3911     4244   2.30
  2012       105-109    0.56418  0.95327  1.53     189     180     320      333   1.76
  2012       110+       0.67689  1.00000  1.48       9       9      13       13   1.48
  2013           0      0.00336  0.00335  0.14  100000     335   99713  8028390  80.28
  2013         1-4      0.00023  0.00092  1.70   99665      92  398448  7928678  79.55
  2013         5-9      0.00009  0.00044  2.21   99573      44  497742  7530229  75.63
  2013        10-14     0.00014  0.00072  2.71   99529      72  497481  7032487  70.66
  2013        15-19     0.00029  0.00145  2.94   99457     144  496989  6535006  65.71
  2013        20-24     0.00049  0.00247  2.67   99313     245  495993  6038018  60.80
  2013        25-29     0.00052  0.00259  2.50   99068     256  494699  5542025  55.94
  2013        30-34     0.00061  0.00304  2.45   98812     301  493290  5047326  51.08
  2013        35-39     0.00081  0.00404  2.53   98511     398  491573  4554036  46.23
  2013        40-44     0.00121  0.00602  2.66   98113     591  489184  4062463  41.41
  2013        45-49     0.00206  0.01024  2.88   97522     999  485490  3573280  36.64
  2013        50-54     0.00367  0.01821  2.78   96523    1757  478711  3087790  31.99
  2013        55-59     0.00592  0.02921  2.68   94766    2768  467395  2609079  27.53
  2013        60-64     0.00872  0.04273  2.62   91997    3931  450645  2141683  23.28
  2013        65-69     0.01424  0.06885  2.61   88066    6064  425817  1691038  19.20
  2013        70-74     0.02243  0.10663  2.69   82002    8744  389794  1265222  15.43
  2013        75-79     0.03753  0.17232  2.63   73258   12624  336371   875428  11.95
  2013        80-84     0.06797  0.29215  2.60   60634   17714  260603   539057   8.89
  2013        85-89     0.11202  0.43484  2.43   42920   18663  166608   278454   6.49
  2013        90-94     0.18510  0.61766  2.31   24257   14982   80944   111845   4.61
  2013        95-99     0.27759  0.76852  2.10    9274    7128   25677    30902   3.33
  2013       100-104    0.39818  0.88120  1.84    2147    1892    4751     5225   2.43
  2013       105-109    0.53270  0.94394  1.58     255     241     452      474   1.86
  2013       110+       0.64295  1.00000  1.56      14      14      22       22   1.56
  2014           0      0.00334  0.00333  0.14  100000     333   99715  8033199  80.33
  2014         1-4      0.00023  0.00093  1.60   99667      93  398446  7933485  79.60
  2014         5-9      0.00010  0.00051  2.55   99575      51  497748  7535039  75.67
  2014        10-14     0.00013  0.00064  2.83   99524      64  497480  7037291  70.71
  2014        15-19     0.00040  0.00202  2.85   99460     201  496868  6539811  65.75
  2014        20-24     0.00062  0.00311  2.24   99259     309  495441  6042943  60.88
  2014        25-29     0.00051  0.00253  2.62   98950     250  494154  5547502  56.06
  2014        30-34     0.00062  0.00312  2.55   98700     308  492743  5053348  51.20
  2014        35-39     0.00078  0.00387  2.57   98392     381  491031  4560606  46.35
  2014        40-44     0.00122  0.00610  2.68   98011     598  488669  4069574  41.52
  2014        45-49     0.00192  0.00956  2.66   97413     931  484889  3580905  36.76
  2014        50-54     0.00346  0.01714  2.63   96482    1653  478489  3096016  32.09
  2014        55-59     0.00551  0.02717  2.59   94828    2577  467929  2617527  27.60
  2014        60-64     0.00890  0.04357  2.65   92252    4020  451813  2149598  23.30
  2014        65-69     0.01315  0.06377  2.66   88232    5626  428000  1697786  19.24
  2014        70-74     0.02307  0.10943  2.65   82605    9040  391784  1269785  15.37
  2014        75-79     0.03757  0.17272  2.67   73565   12706  338247   878001  11.93
  2014        80-84     0.06813  0.29267  2.59   60859   17812  261429   539754   8.87
  2014        85-89     0.11143  0.43302  2.43   43047   18641  167279   278325   6.47
  2014        90-94     0.18810  0.62790  2.35   24407   15325   81475   111046   4.55
  2014        95-99     0.28493  0.77812  2.08    9082    7067   24801    29571   3.26
  2014       100-104    0.41038  0.88938  1.81    2015    1792    4367     4770   2.37
  2014       105-109    0.54898  0.94904  1.55     223     212     385      403   1.81
  2014       110+       0.66147  1.00000  1.51      11      11      17       17   1.51
  2015           0      0.00331  0.00330  0.14  100000     330   99717  8011504  80.12
  2015         1-4      0.00020  0.00079  1.50   99670      79  398482  7911787  79.38
  2015         5-9      0.00013  0.00064  2.48   99591      64  497793  7513306  75.44
  2015        10-14     0.00014  0.00071  2.69   99527      70  497471  7015512  70.49
  2015        15-19     0.00034  0.00172  2.97   99456     171  496933  6518042  65.54
  2015        20-24     0.00054  0.00268  2.67   99285     266  495806  6021108  60.64
  2015        25-29     0.00051  0.00255  2.39   99019     253  494438  5525303  55.80
  2015        30-34     0.00062  0.00310  2.69   98767     306  493126  5030865  50.94
  2015        35-39     0.00067  0.00333  2.56   98461     328  491505  4537739  46.09
  2015        40-44     0.00126  0.00627  2.72   98133     615  489263  4046233  41.23
  2015        45-49     0.00192  0.00956  2.61   97518     932  485359  3556970  36.47
  2015        50-54     0.00382  0.01892  2.69   96586    1827  478700  3071611  31.80
  2015        55-59     0.00548  0.02703  2.60   94758    2561  467647  2592911  27.36
  2015        60-64     0.00864  0.04234  2.68   92197    3903  451938  2125264  23.05
  2015        65-69     0.01413  0.06838  2.68   88294    6038  427443  1673325  18.95
  2015        70-74     0.02350  0.11145  2.69   82256    9167  390143  1245883  15.15
  2015        75-79     0.03928  0.17952  2.61   73089   13121  334064   855739  11.71
  2015        80-84     0.06809  0.29304  2.62   59969   17573  258080   521675   8.70
  2015        85-89     0.12005  0.46063  2.48   42395   19529  162672   263595   6.22
  2015        90-94     0.19274  0.63373  2.30   22867   14491   75186   100923   4.41
  2015        95-99     0.30451  0.80165  2.05    8375    6714   22049    25736   3.07
  2015       100-104    0.43983  0.90680  1.76    1661    1506    3425     3688   2.22
  2015       105-109    0.58542  0.95878  1.49     155     148     254      263   1.70
  2015       110+       0.70052  1.00000  1.43       6       6       9        9   1.43
  2016           0      0.00340  0.00339  0.14  100000     339   99709  8065360  80.65
  2016         1-4      0.00019  0.00074  1.50   99661      74  398460  7965651  79.93
  2016         5-9      0.00012  0.00060  2.41   99587      60  497781  7567191  75.99
  2016        10-14     0.00011  0.00054  3.03   99527      54  497530  7069410  71.03
  2016        15-19     0.00036  0.00181  2.95   99474     180  497000  6571880  66.07
  2016        20-24     0.00047  0.00236  2.44   99294     234  495868  6074880  61.18
  2016        25-29     0.00054  0.00270  2.71   99060     267  494687  5579012  56.32
  2016        30-34     0.00060  0.00301  2.71   98793     297  493281  5084324  51.46
  2016        35-39     0.00077  0.00382  2.57   98495     377  491562  4591043  46.61
  2016        40-44     0.00116  0.00577  2.72   98119     566  489304  4099481  41.78
  2016        45-49     0.00195  0.00970  2.75   97552     946  485634  3610177  37.01
  2016        50-54     0.00345  0.01711  2.88   96606    1653  479520  3124543  32.34
  2016        55-59     0.00540  0.02664  2.59   94954    2530  468668  2645023  27.86
  2016        60-64     0.00850  0.04166  2.65   92424    3850  453073  2176355  23.55
  2016        65-69     0.01326  0.06432  2.65   88574    5697  429497  1723282  19.46
  2016        70-74     0.02246  0.10667  2.66   82877    8841  393696  1293786  15.61
  2016        75-79     0.03729  0.17125  2.62   74036   12679  340003   900090  12.16
  2016        80-84     0.06279  0.27220  2.56   61358   16702  266010   560087   9.13
  2016        85-89     0.11213  0.43722  2.48   44656   19524  174128   294077   6.59
  2016        90-94     0.17124  0.58687  2.32   25131   14749   86132   119949   4.77
  2016        95-99     0.28425  0.77796  2.09   10382    8077   28415    33816   3.26
  2016       100-104    0.41473  0.89260  1.81    2305    2058    4962     5401   2.34
  2016       105-109    0.55878  0.95208  1.54     248     236     422      439   1.77
  2016       110+       0.67501  1.00000  1.48      12      12      18       18   1.48
