New Zealand -- Non-Maori, Death rates (period 1x10), 	Last modified: 26 Sep 2017;  Methods Protocol: v6 (2017)

  Year          Age             Female            Male           Total
1901-1909        0             0.068644        0.085625        0.077324
1901-1909        1             0.011197        0.011760        0.011484
1901-1909        2             0.005232        0.005618        0.005429
1901-1909        3             0.003945        0.004139        0.004044
1901-1909        4             0.002677        0.002503        0.002589
1901-1909        5             0.002164        0.002183        0.002174
1901-1909        6             0.002001        0.002304        0.002155
1901-1909        7             0.001845        0.002318        0.002085
1901-1909        8             0.001706        0.002226        0.001969
1901-1909        9             0.001603        0.002048        0.001828
1901-1909       10             0.001545        0.001822        0.001686
1901-1909       11             0.001536        0.001663        0.001600
1901-1909       12             0.001582        0.001614        0.001598
1901-1909       13             0.001687        0.001679        0.001683
1901-1909       14             0.001843        0.001853        0.001848
1901-1909       15             0.002040        0.002114        0.002078
1901-1909       16             0.002267        0.002404        0.002336
1901-1909       17             0.002505        0.002689        0.002599
1901-1909       18             0.002752        0.002967        0.002861
1901-1909       19             0.002984        0.003216        0.003103
1901-1909       20             0.003192        0.003429        0.003314
1901-1909       21             0.003388        0.003594        0.003494
1901-1909       22             0.003586        0.003720        0.003655
1901-1909       23             0.003796        0.003820        0.003809
1901-1909       24             0.004021        0.003901        0.003959
1901-1909       25             0.004257        0.003965        0.004104
1901-1909       26             0.004465        0.004032        0.004238
1901-1909       27             0.004619        0.004115        0.004353
1901-1909       28             0.004695        0.004198        0.004432
1901-1909       29             0.004667        0.004268        0.004456
1901-1909       30             0.004558        0.004332        0.004438
1901-1909       31             0.004510        0.004444        0.004475
1901-1909       32             0.004556        0.004612        0.004586
1901-1909       33             0.004703        0.004836        0.004774
1901-1909       34             0.004956        0.005118        0.005043
1901-1909       35             0.005302        0.005441        0.005376
1901-1909       36             0.005632        0.005739        0.005690
1901-1909       37             0.005919        0.006007        0.005966
1901-1909       38             0.006143        0.006227        0.006188
1901-1909       39             0.006286        0.006363        0.006327
1901-1909       40             0.006350        0.006417        0.006386
1901-1909       41             0.006416        0.006540        0.006483
1901-1909       42             0.006513        0.006796        0.006667
1901-1909       43             0.006651        0.007206        0.006953
1901-1909       44             0.006851        0.007799        0.007370
1901-1909       45             0.007127        0.008542        0.007907
1901-1909       46             0.007453        0.009245        0.008449
1901-1909       47             0.007844        0.009903        0.008996
1901-1909       48             0.008319        0.010532        0.009565
1901-1909       49             0.008872        0.011146        0.010158
1901-1909       50             0.009485        0.011760        0.010774
1901-1909       51             0.010152        0.012443        0.011451
1901-1909       52             0.010881        0.013196        0.012195
1901-1909       53             0.011635        0.013986        0.012971
1901-1909       54             0.012363        0.014798        0.013745
1901-1909       55             0.013117        0.015675        0.014567
1901-1909       56             0.013980        0.016713        0.015529
1901-1909       57             0.014895        0.017880        0.016586
1901-1909       58             0.015847        0.019135        0.017710
1901-1909       59             0.016894        0.020472        0.018925
1901-1909       60             0.018135        0.021928        0.020301
1901-1909       61             0.019585        0.023596        0.021893
1901-1909       62             0.021281        0.025575        0.023771
1901-1909       63             0.023233        0.027875        0.025945
1901-1909       64             0.025515        0.030565        0.028488
1901-1909       65             0.028201        0.033732        0.031482
1901-1909       66             0.031150        0.037222        0.034779
1901-1909       67             0.034494        0.041072        0.038460
1901-1909       68             0.037966        0.045052        0.042278
1901-1909       69             0.040970        0.048874        0.045811
1901-1909       70             0.043707        0.052986        0.049405
1901-1909       71             0.047712        0.058478        0.054334
1901-1909       72             0.053478        0.065372        0.060816
1901-1909       73             0.060455        0.072906        0.068161
1901-1909       74             0.066218        0.078702        0.073938
1901-1909       75             0.068962        0.081735        0.076786
1901-1909       76             0.073332        0.086998        0.081602
1901-1909       77             0.083139        0.097621        0.091832
1901-1909       78             0.097425        0.113306        0.106873
1901-1909       79             0.111443        0.128456        0.121460
1901-1909       80             0.101435        0.122411        0.113539
1901-1909       81             0.109839        0.131015        0.121890
1901-1909       82             0.118557        0.140042        0.130602
1901-1909       83             0.128104        0.150346        0.140373
1901-1909       84             0.139629        0.162585        0.152112
1901-1909       85             0.153526        0.177917        0.166613
1901-1909       86             0.168306        0.195655        0.182724
1901-1909       87             0.183758        0.215373        0.200064
1901-1909       88             0.199899        0.234905        0.217560
1901-1909       89             0.214803        0.251048        0.232686
1901-1909       90             0.226478        0.258840        0.242110
1901-1909       91             0.238069        0.256633        0.246922
1901-1909       92             0.251359        0.243156        0.247437
1901-1909       93             0.267080        0.221117        0.244694
1901-1909       94             0.289739        0.206870        0.248404
1901-1909       95             0.417852        0.355098        0.385811
1901-1909       96             0.500570        0.401835        0.449540
1901-1909       97             0.626670        0.480517        0.551755
1901-1909       98             0.851624        0.625362        0.740868
1901-1909       99             1.163328        0.719894        0.970453
1901-1909      100             1.120588        0.684736        0.972344
1901-1909      101             1.506726        6.000000        1.736170
1901-1909      102             4.619048              .        4.619048
1901-1909      103                   .              .              .
1901-1909      104                   .              .              .
1901-1909      105                   .              .              .
1901-1909      106                   .              .              .
1901-1909      107                   .              .              .
1901-1909      108                   .              .              .
1901-1909      109                   .              .              .
1901-1909      110+                  .              .              .
1910-1919        0             0.047694        0.061131        0.054551
1910-1919        1             0.008149        0.008565        0.008361
1910-1919        2             0.004457        0.005066        0.004767
1910-1919        3             0.003132        0.003965        0.003555
1910-1919        4             0.002903        0.002991        0.002948
1910-1919        5             0.002241        0.002558        0.002402
1910-1919        6             0.002143        0.002345        0.002245
1910-1919        7             0.001781        0.002075        0.001930
1910-1919        8             0.001594        0.001773        0.001685
1910-1919        9             0.001546        0.001735        0.001642
1910-1919       10             0.001318        0.001470        0.001395
1910-1919       11             0.001234        0.001427        0.001332
1910-1919       12             0.001206        0.001432        0.001321
1910-1919       13             0.001328        0.001763        0.001548
1910-1919       14             0.001505        0.001712        0.001609
1910-1919       15             0.001760        0.002026        0.001894
1910-1919       16             0.002139        0.002466        0.002302
1910-1919       17             0.002266        0.002666        0.002463
1910-1919       18             0.002472        0.003109        0.002782
1910-1919       19             0.002907        0.004022        0.003442
1910-1919       20             0.002938        0.004066        0.003472
1910-1919       21             0.003097        0.003746        0.003401
1910-1919       22             0.003330        0.004173        0.003722
1910-1919       23             0.003483        0.004277        0.003853
1910-1919       24             0.003993        0.004765        0.004357
1910-1919       25             0.004299        0.004798        0.004538
1910-1919       26             0.004302        0.005052        0.004666
1910-1919       27             0.004668        0.004762        0.004714
1910-1919       28             0.004605        0.005386        0.004993
1910-1919       29             0.004733        0.005244        0.004989
1910-1919       30             0.004843        0.005749        0.005301
1910-1919       31             0.004401        0.005579        0.005000
1910-1919       32             0.005001        0.005896        0.005459
1910-1919       33             0.004947        0.006154        0.005569
1910-1919       34             0.005040        0.006332        0.005708
1910-1919       35             0.005010        0.006853        0.005966
1910-1919       36             0.005432        0.006733        0.006109
1910-1919       37             0.005538        0.006921        0.006260
1910-1919       38             0.006019        0.007591        0.006843
1910-1919       39             0.005762        0.007331        0.006585
1910-1919       40             0.005531        0.007621        0.006629
1910-1919       41             0.005464        0.007095        0.006323
1910-1919       42             0.005998        0.007913        0.007009
1910-1919       43             0.005911        0.007639        0.006828
1910-1919       44             0.006224        0.007860        0.007096
1910-1919       45             0.006733        0.008949        0.007920
1910-1919       46             0.007096        0.009407        0.008338
1910-1919       47             0.006967        0.009814        0.008501
1910-1919       48             0.007616        0.010181        0.008999
1910-1919       49             0.008608        0.010626        0.009697
1910-1919       50             0.009332        0.011700        0.010610
1910-1919       51             0.009042        0.011058        0.010130
1910-1919       52             0.011044        0.013002        0.012101
1910-1919       53             0.010878        0.013699        0.012404
1910-1919       54             0.011916        0.014783        0.013474
1910-1919       55             0.011594        0.014658        0.013269
1910-1919       56             0.013884        0.016940        0.015563
1910-1919       57             0.014130        0.017624        0.016059
1910-1919       58             0.016254        0.019996        0.018328
1910-1919       59             0.016485        0.019829        0.018343
1910-1919       60             0.017603        0.023275        0.020756
1910-1919       61             0.018330        0.022513        0.020655
1910-1919       62             0.022150        0.026077        0.024334
1910-1919       63             0.023005        0.026599        0.025002
1910-1919       64             0.024860        0.031312        0.028435
1910-1919       65             0.027567        0.034036        0.031133
1910-1919       66             0.027335        0.035473        0.031800
1910-1919       67             0.034136        0.040798        0.037782
1910-1919       68             0.036768        0.046001        0.041825
1910-1919       69             0.040431        0.050464        0.045950
1910-1919       70             0.046972        0.056353        0.052168
1910-1919       71             0.046231        0.054818        0.051019
1910-1919       72             0.053826        0.064678        0.059921
1910-1919       73             0.061341        0.071706        0.067208
1910-1919       74             0.067429        0.080081        0.074654
1910-1919       75             0.076316        0.086299        0.082065
1910-1919       76             0.087003        0.094755        0.091500
1910-1919       77             0.084593        0.097061        0.091887
1910-1919       78             0.102004        0.115107        0.109731
1910-1919       79             0.113816        0.127548        0.121941
1910-1919       80             0.106951        0.129345        0.120088
1910-1919       81             0.107752        0.125556        0.118175
1910-1919       82             0.130691        0.148122        0.140892
1910-1919       83             0.139612        0.163796        0.153721
1910-1919       84             0.163187        0.181254        0.173658
1910-1919       85             0.174040        0.188667        0.182434
1910-1919       86             0.177032        0.217930        0.200119
1910-1919       87             0.207502        0.224857        0.217082
1910-1919       88             0.213040        0.235107        0.224959
1910-1919       89             0.231071        0.249975        0.241061
1910-1919       90             0.266116        0.255791        0.260734
1910-1919       91             0.251013        0.251576        0.251303
1910-1919       92             0.245169        0.261568        0.253419
1910-1919       93             0.301613        0.272433        0.287357
1910-1919       94             0.293857        0.269940        0.282204
1910-1919       95             0.317264        0.391148        0.352583
1910-1919       96             0.303658        0.332180        0.316561
1910-1919       97             0.308662        0.427572        0.359110
1910-1919       98             0.394597        0.500912        0.437830
1910-1919       99             0.512732        0.521364        0.516287
1910-1919      100             0.289855        0.356292        0.317203
1910-1919      101             0.597826        0.400253        0.520969
1910-1919      102             0.000000        0.000000        0.000000
1910-1919      103             0.267738        0.000000        0.182983
1910-1919      104             0.529568        0.000000        0.320684
1910-1919      105             0.000000        2.343750        1.109057
1910-1919      106                   .              .              .
1910-1919      107                   .              .              .
1910-1919      108                   .              .              .
1910-1919      109                   .              .              .
1910-1919      110+                  .              .              .
1920-1929        0             0.037267        0.048591        0.043066
1920-1929        1             0.006250        0.006958        0.006611
1920-1929        2             0.003955        0.004378        0.004170
1920-1929        3             0.003058        0.002984        0.003020
1920-1929        4             0.002332        0.002294        0.002313
1920-1929        5             0.002114        0.002189        0.002152
1920-1929        6             0.001627        0.002081        0.001858
1920-1929        7             0.001356        0.001849        0.001608
1920-1929        8             0.001299        0.001479        0.001391
1920-1929        9             0.001198        0.001452        0.001328
1920-1929       10             0.001087        0.001116        0.001102
1920-1929       11             0.001085        0.001311        0.001200
1920-1929       12             0.001125        0.001343        0.001236
1920-1929       13             0.001067        0.001258        0.001164
1920-1929       14             0.001235        0.001688        0.001466
1920-1929       15             0.001320        0.001636        0.001481
1920-1929       16             0.001370        0.001812        0.001595
1920-1929       17             0.001842        0.002143        0.001995
1920-1929       18             0.001837        0.002154        0.001999
1920-1929       19             0.002253        0.002292        0.002273
1920-1929       20             0.002398        0.002530        0.002465
1920-1929       21             0.002319        0.002725        0.002525
1920-1929       22             0.002706        0.003032        0.002871
1920-1929       23             0.002989        0.002969        0.002979
1920-1929       24             0.003235        0.002767        0.003000
1920-1929       25             0.003129        0.003138        0.003133
1920-1929       26             0.003059        0.002926        0.002993
1920-1929       27             0.003227        0.003091        0.003160
1920-1929       28             0.003216        0.003198        0.003207
1920-1929       29             0.003476        0.003272        0.003376
1920-1929       30             0.003343        0.003423        0.003382
1920-1929       31             0.003191        0.003433        0.003309
1920-1929       32             0.003558        0.003878        0.003713
1920-1929       33             0.003742        0.003962        0.003849
1920-1929       34             0.003722        0.003815        0.003767
1920-1929       35             0.003896        0.004573        0.004230
1920-1929       36             0.004209        0.004261        0.004235
1920-1929       37             0.003883        0.004601        0.004242
1920-1929       38             0.004361        0.005099        0.004732
1920-1929       39             0.004718        0.004990        0.004856
1920-1929       40             0.004716        0.005527        0.005129
1920-1929       41             0.004170        0.004827        0.004506
1920-1929       42             0.004893        0.006245        0.005587
1920-1929       43             0.005145        0.005598        0.005379
1920-1929       44             0.005138        0.006397        0.005791
1920-1929       45             0.006325        0.007340        0.006855
1920-1929       46             0.005679        0.007454        0.006610
1920-1929       47             0.006505        0.007530        0.007045
1920-1929       48             0.006947        0.008874        0.007965
1920-1929       49             0.007711        0.008434        0.008094
1920-1929       50             0.008601        0.011175        0.009966
1920-1929       51             0.007334        0.008276        0.007834
1920-1929       52             0.010037        0.011555        0.010845
1920-1929       53             0.009168        0.012291        0.010831
1920-1929       54             0.010983        0.012673        0.011883
1920-1929       55             0.010107        0.012769        0.011523
1920-1929       56             0.012232        0.015105        0.013759
1920-1929       57             0.011529        0.015757        0.013771
1920-1929       58             0.014957        0.018375        0.016764
1920-1929       59             0.015206        0.017371        0.016348
1920-1929       60             0.018351        0.022906        0.020746
1920-1929       61             0.015200        0.019123        0.017258
1920-1929       62             0.019035        0.024797        0.022053
1920-1929       63             0.021878        0.027857        0.025007
1920-1929       64             0.022630        0.029990        0.026486
1920-1929       65             0.027204        0.037024        0.032361
1920-1929       66             0.025665        0.033434        0.029758
1920-1929       67             0.029073        0.037093        0.033315
1920-1929       68             0.036661        0.043655        0.040374
1920-1929       69             0.036585        0.044150        0.040614
1920-1929       70             0.045288        0.053400        0.049623
1920-1929       71             0.038232        0.044312        0.041493
1920-1929       72             0.051223        0.063934        0.058048
1920-1929       73             0.061659        0.068276        0.065206
1920-1929       74             0.064302        0.073619        0.069282
1920-1929       75             0.071340        0.079792        0.075845
1920-1929       76             0.083509        0.095380        0.089836
1920-1929       77             0.087700        0.094969        0.091566
1920-1929       78             0.100825        0.110636        0.106025
1920-1929       79             0.103809        0.111164        0.107700
1920-1929       80             0.114139        0.121761        0.118158
1920-1929       81             0.099152        0.122724        0.111596
1920-1929       82             0.124604        0.147308        0.136573
1920-1929       83             0.127457        0.160090        0.144610
1920-1929       84             0.166843        0.193962        0.181055
1920-1929       85             0.164205        0.208167        0.187218
1920-1929       86             0.201686        0.222440        0.212571
1920-1929       87             0.190182        0.232599        0.212514
1920-1929       88             0.247966        0.238778        0.243096
1920-1929       89             0.251166        0.259544        0.255668
1920-1929       90             0.253583        0.276533        0.265909
1920-1929       91             0.222312        0.251614        0.237906
1920-1929       92             0.301662        0.267980        0.283615
1920-1929       93             0.270282        0.282146        0.276747
1920-1929       94             0.308234        0.334978        0.322763
1920-1929       95             0.377383        0.411071        0.395552
1920-1929       96             0.372959        0.411566        0.393758
1920-1929       97             0.437421        0.314575        0.369739
1920-1929       98             0.604251        0.507434        0.549195
1920-1929       99             0.417062        0.471073        0.447464
1920-1929      100             0.540784        0.482229        0.508120
1920-1929      101             0.223339        0.676873        0.466402
1920-1929      102             0.447316        0.128480        0.276052
1920-1929      103             0.423280        0.448878        0.438276
1920-1929      104             1.011804        0.715990        0.838574
1920-1929      105             0.497100        1.027397        0.757895
1920-1929      106             0.823045        2.112676        1.184600
1920-1929      107             0.000000              .        0.000000
1920-1929      108                   .              .              .
1920-1929      109                   .              .              .
1920-1929      110+                  .              .              .
1930-1939        0             0.028625        0.037439        0.033128
1930-1939        1             0.004179        0.004835        0.004514
1930-1939        2             0.002351        0.002814        0.002587
1930-1939        3             0.001634        0.002248        0.001948
1930-1939        4             0.001511        0.001672        0.001594
1930-1939        5             0.001396        0.001636        0.001518
1930-1939        6             0.001202        0.001340        0.001273
1930-1939        7             0.000981        0.001324        0.001156
1930-1939        8             0.001025        0.001197        0.001113
1930-1939        9             0.000923        0.001135        0.001031
1930-1939       10             0.000756        0.001010        0.000886
1930-1939       11             0.000685        0.001037        0.000865
1930-1939       12             0.000936        0.001028        0.000983
1930-1939       13             0.000674        0.000917        0.000798
1930-1939       14             0.000779        0.001128        0.000957
1930-1939       15             0.000893        0.001405        0.001154
1930-1939       16             0.001099        0.001626        0.001368
1930-1939       17             0.001245        0.001793        0.001524
1930-1939       18             0.001550        0.002032        0.001796
1930-1939       19             0.001559        0.002196        0.001883
1930-1939       20             0.001659        0.002343        0.002007
1930-1939       21             0.001929        0.002269        0.002102
1930-1939       22             0.002003        0.002432        0.002221
1930-1939       23             0.001967        0.002544        0.002261
1930-1939       24             0.002330        0.002312        0.002321
1930-1939       25             0.002164        0.002313        0.002240
1930-1939       26             0.002560        0.002572        0.002566
1930-1939       27             0.002214        0.002375        0.002296
1930-1939       28             0.002664        0.002411        0.002535
1930-1939       29             0.002585        0.002576        0.002581
1930-1939       30             0.002509        0.002065        0.002282
1930-1939       31             0.002748        0.002453        0.002598
1930-1939       32             0.002762        0.002694        0.002728
1930-1939       33             0.002736        0.002656        0.002696
1930-1939       34             0.002905        0.002902        0.002903
1930-1939       35             0.002817        0.003080        0.002949
1930-1939       36             0.002949        0.003452        0.003199
1930-1939       37             0.002813        0.003621        0.003211
1930-1939       38             0.003588        0.004063        0.003821
1930-1939       39             0.003815        0.004023        0.003917
1930-1939       40             0.003621        0.004371        0.003985
1930-1939       41             0.003524        0.004191        0.003848
1930-1939       42             0.004484        0.005161        0.004813
1930-1939       43             0.004146        0.004926        0.004527
1930-1939       44             0.004459        0.005533        0.004986
1930-1939       45             0.005303        0.005956        0.005626
1930-1939       46             0.005437        0.005658        0.005547
1930-1939       47             0.005547        0.007041        0.006295
1930-1939       48             0.005884        0.007597        0.006748
1930-1939       49             0.006714        0.007959        0.007346
1930-1939       50             0.006629        0.009349        0.008017
1930-1939       51             0.006629        0.007998        0.007332
1930-1939       52             0.008137        0.010731        0.009474
1930-1939       53             0.008666        0.011373        0.010066
1930-1939       54             0.009472        0.011913        0.010738
1930-1939       55             0.009917        0.012584        0.011304
1930-1939       56             0.010929        0.014631        0.012856
1930-1939       57             0.011203        0.014634        0.012990
1930-1939       58             0.013474        0.016465        0.015032
1930-1939       59             0.013851        0.018488        0.016265
1930-1939       60             0.015854        0.020736        0.018392
1930-1939       61             0.014585        0.018744        0.016744
1930-1939       62             0.018437        0.023833        0.021233
1930-1939       63             0.020901        0.026003        0.023538
1930-1939       64             0.021479        0.029117        0.025412
1930-1939       65             0.026474        0.034531        0.030605
1930-1939       66             0.024960        0.030371        0.027723
1930-1939       67             0.028311        0.035348        0.031889
1930-1939       68             0.032912        0.041494        0.037257
1930-1939       69             0.036253        0.044851        0.040588
1930-1939       70             0.039331        0.050373        0.044880
1930-1939       71             0.038312        0.045691        0.042012
1930-1939       72             0.051169        0.059751        0.055468
1930-1939       73             0.052729        0.065303        0.059021
1930-1939       74             0.061828        0.072156        0.067006
1930-1939       75             0.071064        0.080589        0.075857
1930-1939       76             0.078025        0.090511        0.084326
1930-1939       77             0.077673        0.092798        0.085326
1930-1939       78             0.089239        0.105699        0.097593
1930-1939       79             0.097105        0.115726        0.106571
1930-1939       80             0.111602        0.118530        0.115096
1930-1939       81             0.102973        0.112887        0.107991
1930-1939       82             0.126731        0.142023        0.134455
1930-1939       83             0.130537        0.153428        0.142025
1930-1939       84             0.157316        0.178500        0.167849
1930-1939       85             0.170246        0.200689        0.185190
1930-1939       86             0.189649        0.208569        0.198800
1930-1939       87             0.197949        0.227690        0.212124
1930-1939       88             0.199003        0.234495        0.215650
1930-1939       89             0.231312        0.287370        0.257251
1930-1939       90             0.260741        0.296639        0.277219
1930-1939       91             0.236612        0.284239        0.258385
1930-1939       92             0.259282        0.318563        0.286086
1930-1939       93             0.289120        0.337299        0.310729
1930-1939       94             0.327143        0.356318        0.340241
1930-1939       95             0.364754        0.310867        0.340085
1930-1939       96             0.432903        0.380863        0.407921
1930-1939       97             0.350370        0.365191        0.357808
1930-1939       98             0.366428        0.565478        0.465132
1930-1939       99             0.522707        0.588601        0.554407
1930-1939      100             0.356295        0.440176        0.398010
1930-1939      101             0.551154        0.763270        0.656833
1930-1939      102             0.559050        0.454545        0.508906
1930-1939      103             1.369863        0.270392        0.755477
1930-1939      104             0.000000        1.027397        0.678733
1930-1939      105             2.083333        0.000000        0.675676
1930-1939      106             0.000000        0.000000        0.000000
1930-1939      107             0.000000        2.112676        0.807537
1930-1939      108             2.083333              .        2.083333
1930-1939      109                   .              .              .
1930-1939      110+                  .              .              .
1940-1949        0             0.024482        0.031951        0.028302
1940-1949        1             0.003023        0.003416        0.003224
1940-1949        2             0.001661        0.002252        0.001962
1940-1949        3             0.001292        0.001469        0.001382
1940-1949        4             0.000955        0.001274        0.001117
1940-1949        5             0.000914        0.001181        0.001050
1940-1949        6             0.000636        0.000996        0.000819
1940-1949        7             0.000609        0.000779        0.000695
1940-1949        8             0.000604        0.000786        0.000696
1940-1949        9             0.000562        0.000780        0.000673
1940-1949       10             0.000555        0.001014        0.000789
1940-1949       11             0.000484        0.000675        0.000581
1940-1949       12             0.000626        0.000769        0.000699
1940-1949       13             0.000680        0.000858        0.000771
1940-1949       14             0.000606        0.001052        0.000834
1940-1949       15             0.000631        0.001061        0.000851
1940-1949       16             0.000916        0.001346        0.001135
1940-1949       17             0.000864        0.001352        0.001113
1940-1949       18             0.000869        0.001547        0.001214
1940-1949       19             0.001032        0.001722        0.001380
1940-1949       20             0.001044        0.002324        0.001680
1940-1949       21             0.001318        0.002208        0.001744
1940-1949       22             0.001417        0.002399        0.001858
1940-1949       23             0.001404        0.002283        0.001785
1940-1949       24             0.001549        0.002303        0.001878
1940-1949       25             0.001622        0.001989        0.001785
1940-1949       26             0.001755        0.002196        0.001956
1940-1949       27             0.001501        0.002147        0.001799
1940-1949       28             0.001853        0.002298        0.002060
1940-1949       29             0.001745        0.002116        0.001919
1940-1949       30             0.001766        0.001922        0.001840
1940-1949       31             0.001717        0.002058        0.001880
1940-1949       32             0.001952        0.002317        0.002128
1940-1949       33             0.001727        0.002187        0.001951
1940-1949       34             0.002101        0.002296        0.002196
1940-1949       35             0.002310        0.002103        0.002208
1940-1949       36             0.002385        0.002534        0.002459
1940-1949       37             0.002386        0.002289        0.002338
1940-1949       38             0.002648        0.003073        0.002860
1940-1949       39             0.002667        0.002791        0.002730
1940-1949       40             0.002619        0.002877        0.002748
1940-1949       41             0.002717        0.003152        0.002935
1940-1949       42             0.003227        0.003916        0.003573
1940-1949       43             0.003410        0.003878        0.003645
1940-1949       44             0.003344        0.004034        0.003689
1940-1949       45             0.004543        0.004977        0.004759
1940-1949       46             0.004498        0.005235        0.004862
1940-1949       47             0.004634        0.005642        0.005130
1940-1949       48             0.005325        0.006422        0.005861
1940-1949       49             0.006204        0.007620        0.006893
1940-1949       50             0.006097        0.008095        0.007063
1940-1949       51             0.005881        0.007831        0.006822
1940-1949       52             0.007526        0.010361        0.008895
1940-1949       53             0.007782        0.010907        0.009297
1940-1949       54             0.009088        0.011821        0.010421
1940-1949       55             0.008529        0.011944        0.010206
1940-1949       56             0.010895        0.013316        0.012092
1940-1949       57             0.010873        0.015269        0.013062
1940-1949       58             0.012326        0.017572        0.014950
1940-1949       59             0.013337        0.018413        0.015889
1940-1949       60             0.014084        0.020732        0.017432
1940-1949       61             0.013318        0.019183        0.016280
1940-1949       62             0.017703        0.024148        0.020964
1940-1949       63             0.019580        0.028129        0.023906
1940-1949       64             0.020807        0.030753        0.025829
1940-1949       65             0.024965        0.034610        0.029818
1940-1949       66             0.023065        0.033283        0.028184
1940-1949       67             0.026824        0.037699        0.032245
1940-1949       68             0.031414        0.042603        0.036968
1940-1949       69             0.033881        0.045063        0.039421
1940-1949       70             0.039446        0.050491        0.044900
1940-1949       71             0.036448        0.046863        0.041589
1940-1949       72             0.048605        0.060887        0.054661
1940-1949       73             0.053034        0.071360        0.062030
1940-1949       74             0.059147        0.075823        0.067296
1940-1949       75             0.059267        0.078164        0.068403
1940-1949       76             0.071193        0.093591        0.081849
1940-1949       77             0.078200        0.090058        0.083903
1940-1949       78             0.092895        0.114040        0.102786
1940-1949       79             0.095757        0.117029        0.105740
1940-1949       80             0.101832        0.121911        0.111050
1940-1949       81             0.094913        0.116855        0.104916
1940-1949       82             0.119838        0.143001        0.130341
1940-1949       83             0.134678        0.154225        0.143514
1940-1949       84             0.155090        0.185528        0.168824
1940-1949       85             0.160879        0.188478        0.173310
1940-1949       86             0.184894        0.221416        0.201294
1940-1949       87             0.185859        0.243982        0.211683
1940-1949       88             0.193467        0.264478        0.224388
1940-1949       89             0.226953        0.266304        0.243771
1940-1949       90             0.248984        0.278891        0.261676
1940-1949       91             0.239208        0.243899        0.241203
1940-1949       92             0.293453        0.340634        0.313459
1940-1949       93             0.320265        0.390828        0.349458
1940-1949       94             0.280605        0.357048        0.311093
1940-1949       95             0.308617        0.361087        0.328973
1940-1949       96             0.411734        0.355296        0.389504
1940-1949       97             0.385283        0.410845        0.395708
1940-1949       98             0.453865        0.462841        0.457607
1940-1949       99             0.503924        0.642517        0.561505
1940-1949      100             0.703631        0.608519        0.666249
1940-1949      101             0.323400        0.390676        0.348398
1940-1949      102             0.739463        0.655881        0.709332
1940-1949      103             0.449438        1.096391        0.678076
1940-1949      104             0.944882        0.000000        0.579710
1940-1949      105             1.398601        0.000000        0.368324
1940-1949      106                   .        0.000000        0.000000
1940-1949      107                   .        0.000000        0.000000
1940-1949      108                   .        0.000000        0.000000
1940-1949      109                   .        0.000000        0.000000
1940-1949      110+                  .        0.000000        0.000000
1950-1959        0             0.018416        0.023698        0.021124
1950-1959        1             0.001905        0.002065        0.001987
1950-1959        2             0.001062        0.001392        0.001231
1950-1959        3             0.001001        0.000965        0.000983
1950-1959        4             0.000575        0.000769        0.000674
1950-1959        5             0.000470        0.000674        0.000574
1950-1959        6             0.000445        0.000589        0.000519
1950-1959        7             0.000362        0.000567        0.000467
1950-1959        8             0.000356        0.000512        0.000436
1950-1959        9             0.000363        0.000425        0.000395
1950-1959       10             0.000280        0.000457        0.000370
1950-1959       11             0.000304        0.000494        0.000401
1950-1959       12             0.000369        0.000537        0.000455
1950-1959       13             0.000363        0.000479        0.000422
1950-1959       14             0.000394        0.000659        0.000529
1950-1959       15             0.000389        0.000897        0.000648
1950-1959       16             0.000416        0.000948        0.000687
1950-1959       17             0.000487        0.001149        0.000824
1950-1959       18             0.000600        0.001576        0.001098
1950-1959       19             0.000542        0.001691        0.001128
1950-1959       20             0.000582        0.001973        0.001291
1950-1959       21             0.000546        0.001610        0.001089
1950-1959       22             0.000585        0.001699        0.001156
1950-1959       23             0.000624        0.001625        0.001138
1950-1959       24             0.000830        0.001476        0.001163
1950-1959       25             0.000632        0.001557        0.001110
1950-1959       26             0.000764        0.001471        0.001128
1950-1959       27             0.000863        0.001372        0.001125
1950-1959       28             0.000848        0.001595        0.001232
1950-1959       29             0.000975        0.001437        0.001212
1950-1959       30             0.000879        0.001707        0.001302
1950-1959       31             0.000979        0.001384        0.001186
1950-1959       32             0.000884        0.001646        0.001271
1950-1959       33             0.001154        0.001739        0.001449
1950-1959       34             0.001086        0.001639        0.001364
1950-1959       35             0.001415        0.001754        0.001584
1950-1959       36             0.001294        0.002087        0.001690
1950-1959       37             0.001580        0.001926        0.001752
1950-1959       38             0.001627        0.002222        0.001923
1950-1959       39             0.001869        0.002446        0.002157
1950-1959       40             0.001898        0.002552        0.002225
1950-1959       41             0.001832        0.002456        0.002145
1950-1959       42             0.002322        0.003125        0.002726
1950-1959       43             0.002544        0.003085        0.002817
1950-1959       44             0.002609        0.003551        0.003086
1950-1959       45             0.003409        0.004119        0.003770
1950-1959       46             0.003184        0.004426        0.003816
1950-1959       47             0.003795        0.004978        0.004398
1950-1959       48             0.004054        0.005582        0.004833
1950-1959       49             0.004581        0.006800        0.005712
1950-1959       50             0.004887        0.006771        0.005847
1950-1959       51             0.004786        0.007031        0.005928
1950-1959       52             0.006022        0.009005        0.007533
1950-1959       53             0.006680        0.009666        0.008183
1950-1959       54             0.007047        0.010851        0.008948
1950-1959       55             0.006736        0.011595        0.009142
1950-1959       56             0.008468        0.013341        0.010864
1950-1959       57             0.008905        0.014642        0.011705
1950-1959       58             0.010428        0.016277        0.013260
1950-1959       59             0.011097        0.018065        0.014450
1950-1959       60             0.012118        0.019470        0.015634
1950-1959       61             0.011424        0.019262        0.015150
1950-1959       62             0.014339        0.024686        0.019237
1950-1959       63             0.016604        0.026562        0.021308
1950-1959       64             0.018519        0.029354        0.023637
1950-1959       65             0.020154        0.034261        0.026795
1950-1959       66             0.020348        0.033355        0.026477
1950-1959       67             0.022938        0.037653        0.029869
1950-1959       68             0.025045        0.039407        0.031799
1950-1959       69             0.029292        0.044433        0.036397
1950-1959       70             0.030217        0.048925        0.038980
1950-1959       71             0.032768        0.047477        0.039653
1950-1959       72             0.040623        0.059784        0.049589
1950-1959       73             0.045118        0.065898        0.054823
1950-1959       74             0.050195        0.073292        0.060957
1950-1959       75             0.056922        0.076707        0.066115
1950-1959       76             0.063360        0.087837        0.074658
1950-1959       77             0.065051        0.087399        0.075369
1950-1959       78             0.077915        0.102102        0.088946
1950-1959       79             0.083758        0.114135        0.097601
1950-1959       80             0.089752        0.115204        0.101148
1950-1959       81             0.088683        0.114407        0.100105
1950-1959       82             0.108657        0.133738        0.119689
1950-1959       83             0.119003        0.148720        0.131943
1950-1959       84             0.142085        0.173401        0.155558
1950-1959       85             0.149203        0.180374        0.162392
1950-1959       86             0.167807        0.204964        0.183235
1950-1959       87             0.179912        0.221796        0.196973
1950-1959       88             0.189005        0.221497        0.201985
1950-1959       89             0.219631        0.250346        0.231683
1950-1959       90             0.229288        0.246784        0.236084
1950-1959       91             0.230581        0.257031        0.240841
1950-1959       92             0.273757        0.320378        0.291657
1950-1959       93             0.300400        0.334765        0.313283
1950-1959       94             0.315666        0.348633        0.327755
1950-1959       95             0.341366        0.358805        0.347685
1950-1959       96             0.402653        0.452531        0.420410
1950-1959       97             0.376588        0.582603        0.445317
1950-1959       98             0.502548        0.374805        0.461184
1950-1959       99             0.601655        0.539389        0.579879
1950-1959      100             0.622213        0.577617        0.605941
1950-1959      101             0.772587        0.423174        0.627510
1950-1959      102             0.420816        0.164496        0.291181
1950-1959      103             0.391815        0.100840        0.227618
1950-1959      104             0.638524        0.118110        0.303836
1950-1959      105             2.392822        0.681818        1.061243
1950-1959      106                   .        1.411765        1.411765
1950-1959      107                   .        0.000000        0.000000
1950-1959      108                   .              .              .
1950-1959      109                   .        0.000000        0.000000
1950-1959      110+                  .        0.532151        0.532151
1960-1969        0             0.015256        0.020432        0.017905
1960-1969        1             0.001410        0.001758        0.001588
1960-1969        2             0.000843        0.001063        0.000955
1960-1969        3             0.000659        0.000725        0.000693
1960-1969        4             0.000486        0.000681        0.000586
1960-1969        5             0.000378        0.000530        0.000456
1960-1969        6             0.000334        0.000512        0.000425
1960-1969        7             0.000319        0.000427        0.000374
1960-1969        8             0.000297        0.000455        0.000377
1960-1969        9             0.000282        0.000356        0.000320
1960-1969       10             0.000216        0.000431        0.000326
1960-1969       11             0.000206        0.000405        0.000308
1960-1969       12             0.000296        0.000407        0.000353
1960-1969       13             0.000279        0.000451        0.000367
1960-1969       14             0.000330        0.000492        0.000413
1960-1969       15             0.000423        0.000666        0.000547
1960-1969       16             0.000365        0.000894        0.000636
1960-1969       17             0.000498        0.001306        0.000912
1960-1969       18             0.000521        0.001597        0.001072
1960-1969       19             0.000410        0.001452        0.000943
1960-1969       20             0.000507        0.001590        0.001061
1960-1969       21             0.000559        0.001471        0.001025
1960-1969       22             0.000454        0.001490        0.000982
1960-1969       23             0.000429        0.001549        0.001000
1960-1969       24             0.000489        0.001245        0.000874
1960-1969       25             0.000527        0.001123        0.000830
1960-1969       26             0.000605        0.001344        0.000981
1960-1969       27             0.000596        0.001224        0.000915
1960-1969       28             0.000571        0.001196        0.000889
1960-1969       29             0.000566        0.001438        0.001010
1960-1969       30             0.000739        0.001368        0.001061
1960-1969       31             0.000655        0.001245        0.000958
1960-1969       32             0.000788        0.001442        0.001124
1960-1969       33             0.001000        0.001590        0.001304
1960-1969       34             0.001184        0.001492        0.001343
1960-1969       35             0.000917        0.001617        0.001278
1960-1969       36             0.001099        0.002020        0.001574
1960-1969       37             0.001292        0.001873        0.001592
1960-1969       38             0.001567        0.002074        0.001828
1960-1969       39             0.001679        0.002439        0.002069
1960-1969       40             0.001657        0.002518        0.002098
1960-1969       41             0.001718        0.002558        0.002146
1960-1969       42             0.002202        0.003108        0.002659
1960-1969       43             0.002298        0.003310        0.002806
1960-1969       44             0.002582        0.003848        0.003215
1960-1969       45             0.002914        0.004318        0.003614
1960-1969       46             0.003021        0.004722        0.003867
1960-1969       47             0.003347        0.005512        0.004424
1960-1969       48             0.003849        0.006120        0.004980
1960-1969       49             0.004194        0.006875        0.005530
1960-1969       50             0.004320        0.007049        0.005679
1960-1969       51             0.004502        0.007613        0.006053
1960-1969       52             0.005282        0.009183        0.007227
1960-1969       53             0.005690        0.010359        0.008027
1960-1969       54             0.006574        0.010844        0.008715
1960-1969       55             0.006790        0.011908        0.009361
1960-1969       56             0.007677        0.013557        0.010628
1960-1969       57             0.007787        0.014914        0.011362
1960-1969       58             0.009111        0.017182        0.013153
1960-1969       59             0.009882        0.019480        0.014671
1960-1969       60             0.010993        0.020296        0.015614
1960-1969       61             0.011311        0.020807        0.016013
1960-1969       62             0.012853        0.025329        0.018951
1960-1969       63             0.014462        0.028443        0.021217
1960-1969       64             0.015867        0.030864        0.023031
1960-1969       65             0.019612        0.033653        0.026247
1960-1969       66             0.017348        0.033887        0.025026
1960-1969       67             0.020579        0.038679        0.028808
1960-1969       68             0.024731        0.043123        0.032946
1960-1969       69             0.025888        0.046882        0.035112
1960-1969       70             0.029410        0.050963        0.038754
1960-1969       71             0.029063        0.052244        0.039007
1960-1969       72             0.035696        0.061687        0.046704
1960-1969       73             0.041289        0.068519        0.052774
1960-1969       74             0.046433        0.074399        0.058171
1960-1969       75             0.052088        0.083706        0.065411
1960-1969       76             0.058061        0.090938        0.071819
1960-1969       77             0.058928        0.091343        0.072427
1960-1969       78             0.072509        0.103381        0.085293
1960-1969       79             0.079814        0.116790        0.095103
1960-1969       80             0.086582        0.117924        0.099426
1960-1969       81             0.082125        0.120116        0.097561
1960-1969       82             0.100913        0.139391        0.116413
1960-1969       83             0.115517        0.154010        0.130884
1960-1969       84             0.134742        0.172506        0.149651
1960-1969       85             0.143581        0.183756        0.159272
1960-1969       86             0.164502        0.205980        0.180507
1960-1969       87             0.168744        0.225156        0.190124
1960-1969       88             0.183839        0.235623        0.203059
1960-1969       89             0.213592        0.260400        0.230672
1960-1969       90             0.225431        0.269071        0.241102
1960-1969       91             0.229755        0.257882        0.239714
1960-1969       92             0.272221        0.321132        0.289277
1960-1969       93             0.294383        0.337466        0.309211
1960-1969       94             0.297063        0.381784        0.325667
1960-1969       95             0.331047        0.413969        0.357720
1960-1969       96             0.366924        0.422907        0.384260
1960-1969       97             0.423389        0.373445        0.407807
1960-1969       98             0.426606        0.526240        0.457287
1960-1969       99             0.490842        0.493608        0.491645
1960-1969      100             0.451981        0.534413        0.476095
1960-1969      101             0.574126        0.526894        0.559789
1960-1969      102             0.271708        0.769231        0.413190
1960-1969      103             0.503215        0.709010        0.552564
1960-1969      104             0.351700        1.250000        0.548948
1960-1969      105             0.821918        0.000000        0.645161
1960-1969      106             0.678733        1.348315        0.902935
1960-1969      107             2.112676        0.000000        0.801068
1960-1969      108                   .        0.000000        0.000000
1960-1969      109                   .        0.000000        0.000000
1960-1969      110+                  .        0.000000        0.000000
1970-1979        0             0.012199        0.016765        0.014533
1970-1979        1             0.001262        0.001390        0.001327
1970-1979        2             0.000703        0.000878        0.000792
1970-1979        3             0.000498        0.000787        0.000645
1970-1979        4             0.000489        0.000568        0.000530
1970-1979        5             0.000329        0.000509        0.000421
1970-1979        6             0.000356        0.000462        0.000410
1970-1979        7             0.000288        0.000374        0.000332
1970-1979        8             0.000257        0.000404        0.000332
1970-1979        9             0.000282        0.000360        0.000322
1970-1979       10             0.000255        0.000305        0.000280
1970-1979       11             0.000314        0.000329        0.000322
1970-1979       12             0.000228        0.000408        0.000320
1970-1979       13             0.000273        0.000550        0.000415
1970-1979       14             0.000300        0.000544        0.000425
1970-1979       15             0.000434        0.000753        0.000597
1970-1979       16             0.000532        0.001212        0.000880
1970-1979       17             0.000616        0.001663        0.001152
1970-1979       18             0.000648        0.002169        0.001428
1970-1979       19             0.000585        0.001964        0.001292
1970-1979       20             0.000610        0.001909        0.001276
1970-1979       21             0.000518        0.001945        0.001248
1970-1979       22             0.000585        0.001607        0.001107
1970-1979       23             0.000518        0.001421        0.000977
1970-1979       24             0.000474        0.001359        0.000921
1970-1979       25             0.000566        0.001382        0.000977
1970-1979       26             0.000555        0.001329        0.000944
1970-1979       27             0.000501        0.001236        0.000870
1970-1979       28             0.000669        0.001176        0.000924
1970-1979       29             0.000690        0.001252        0.000973
1970-1979       30             0.000773        0.001241        0.001008
1970-1979       31             0.000664        0.001220        0.000944
1970-1979       32             0.000717        0.001430        0.001077
1970-1979       33             0.000787        0.001372        0.001083
1970-1979       34             0.000918        0.001342        0.001133
1970-1979       35             0.000927        0.001521        0.001229
1970-1979       36             0.000996        0.001750        0.001378
1970-1979       37             0.001132        0.001881        0.001512
1970-1979       38             0.001462        0.002020        0.001744
1970-1979       39             0.001458        0.002178        0.001823
1970-1979       40             0.001775        0.002323        0.002053
1970-1979       41             0.001662        0.002640        0.002159
1970-1979       42             0.002087        0.002825        0.002464
1970-1979       43             0.002421        0.003260        0.002851
1970-1979       44             0.002443        0.003711        0.003096
1970-1979       45             0.002998        0.004138        0.003585
1970-1979       46             0.003017        0.004518        0.003788
1970-1979       47             0.003269        0.005093        0.004204
1970-1979       48             0.003553        0.006145        0.004879
1970-1979       49             0.004055        0.006557        0.005331
1970-1979       50             0.004405        0.006789        0.005613
1970-1979       51             0.004167        0.007695        0.005943
1970-1979       52             0.005198        0.008699        0.006952
1970-1979       53             0.005113        0.009940        0.007513
1970-1979       54             0.006213        0.010842        0.008497
1970-1979       55             0.006264        0.011802        0.008982
1970-1979       56             0.006570        0.013455        0.009941
1970-1979       57             0.007432        0.014436        0.010848
1970-1979       58             0.008713        0.016008        0.012258
1970-1979       59             0.009045        0.018240        0.013501
1970-1979       60             0.010174        0.020191        0.015018
1970-1979       61             0.010670        0.021002        0.015653
1970-1979       62             0.012767        0.023357        0.017881
1970-1979       63             0.013677        0.026928        0.020054
1970-1979       64             0.014910        0.029950        0.022094
1970-1979       65             0.016367        0.032845        0.024198
1970-1979       66             0.017230        0.033815        0.025057
1970-1979       67             0.019112        0.036220        0.027144
1970-1979       68             0.021189        0.040741        0.030300
1970-1979       69             0.023344        0.046486        0.033956
1970-1979       70             0.026310        0.048385        0.036295
1970-1979       71             0.027988        0.053338        0.039311
1970-1979       72             0.032709        0.060694        0.045004
1970-1979       73             0.038028        0.067816        0.050890
1970-1979       74             0.042853        0.073554        0.055813
1970-1979       75             0.045417        0.078115        0.058897
1970-1979       76             0.050254        0.086148        0.064670
1970-1979       77             0.054076        0.088773        0.067669
1970-1979       78             0.062579        0.101419        0.077363
1970-1979       79             0.069734        0.111326        0.085156
1970-1979       80             0.074359        0.114424        0.088759
1970-1979       81             0.078043        0.117504        0.091935
1970-1979       82             0.091548        0.138753        0.107819
1970-1979       83             0.104191        0.150189        0.119739
1970-1979       84             0.117708        0.169766        0.135046
1970-1979       85             0.121997        0.175269        0.139470
1970-1979       86             0.149644        0.194828        0.164285
1970-1979       87             0.151809        0.210013        0.170406
1970-1979       88             0.165858        0.226273        0.184794
1970-1979       89             0.191561        0.242164        0.207161
1970-1979       90             0.203310        0.266771        0.222496
1970-1979       91             0.220031        0.261781        0.232426
1970-1979       92             0.235828        0.313748        0.258635
1970-1979       93             0.270711        0.306415        0.280980
1970-1979       94             0.279212        0.335970        0.295294
1970-1979       95             0.318289        0.380773        0.335590
1970-1979       96             0.312264        0.421066        0.340993
1970-1979       97             0.369306        0.392742        0.375266
1970-1979       98             0.421282        0.530053        0.448704
1970-1979       99             0.430588        0.560371        0.461395
1970-1979      100             0.505574        0.718583        0.551851
1970-1979      101             0.543425        0.517939        0.538194
1970-1979      102             0.559180        0.606367        0.568594
1970-1979      103             0.474225        1.141498        0.578228
1970-1979      104             0.442152        1.395349        0.498960
1970-1979      105             0.255373              .        0.255373
1970-1979      106             0.794251              .        0.794251
1970-1979      107             2.112676              .        2.112676
1970-1979      108                   .              .              .
1970-1979      109                   .              .              .
1970-1979      110+                  .        0.284360        0.284360
1980-1989        0             0.009529        0.012068        0.010829
1980-1989        1             0.000761        0.001120        0.000945
1980-1989        2             0.000665        0.000739        0.000703
1980-1989        3             0.000388        0.000573        0.000483
1980-1989        4             0.000296        0.000462        0.000381
1980-1989        5             0.000316        0.000400        0.000359
1980-1989        6             0.000352        0.000370        0.000361
1980-1989        7             0.000209        0.000294        0.000253
1980-1989        8             0.000238        0.000305        0.000272
1980-1989        9             0.000199        0.000302        0.000251
1980-1989       10             0.000186        0.000287        0.000238
1980-1989       11             0.000215        0.000312        0.000265
1980-1989       12             0.000200        0.000306        0.000254
1980-1989       13             0.000260        0.000389        0.000326
1980-1989       14             0.000316        0.000533        0.000427
1980-1989       15             0.000518        0.000835        0.000680
1980-1989       16             0.000527        0.001010        0.000773
1980-1989       17             0.000600        0.001508        0.001061
1980-1989       18             0.000586        0.001889        0.001249
1980-1989       19             0.000583        0.001889        0.001250
1980-1989       20             0.000626        0.001977        0.001318
1980-1989       21             0.000714        0.002053        0.001398
1980-1989       22             0.000628        0.001744        0.001196
1980-1989       23             0.000662        0.001747        0.001212
1980-1989       24             0.000575        0.001677        0.001130
1980-1989       25             0.000557        0.001538        0.001048
1980-1989       26             0.000567        0.001484        0.001023
1980-1989       27             0.000637        0.001618        0.001123
1980-1989       28             0.000543        0.001294        0.000916
1980-1989       29             0.000586        0.001274        0.000927
1980-1989       30             0.000654        0.001444        0.001044
1980-1989       31             0.000622        0.001416        0.001014
1980-1989       32             0.000644        0.001283        0.000960
1980-1989       33             0.000822        0.001288        0.001054
1980-1989       34             0.000826        0.001417        0.001120
1980-1989       35             0.000946        0.001320        0.001132
1980-1989       36             0.000897        0.001418        0.001158
1980-1989       37             0.000901        0.001596        0.001250
1980-1989       38             0.001089        0.001804        0.001449
1980-1989       39             0.001115        0.001637        0.001378
1980-1989       40             0.001396        0.001883        0.001639
1980-1989       41             0.001286        0.002097        0.001689
1980-1989       42             0.001525        0.002402        0.001964
1980-1989       43             0.001856        0.002773        0.002315
1980-1989       44             0.001953        0.002938        0.002448
1980-1989       45             0.002221        0.002933        0.002582
1980-1989       46             0.002330        0.003586        0.002970
1980-1989       47             0.002712        0.003906        0.003320
1980-1989       48             0.003225        0.004366        0.003806
1980-1989       49             0.003223        0.005000        0.004127
1980-1989       50             0.003646        0.005665        0.004673
1980-1989       51             0.003860        0.006024        0.004960
1980-1989       52             0.004547        0.007220        0.005907
1980-1989       53             0.004918        0.007809        0.006387
1980-1989       54             0.005235        0.008686        0.006984
1980-1989       55             0.005424        0.009528        0.007492
1980-1989       56             0.006149        0.011225        0.008706
1980-1989       57             0.007268        0.012062        0.009692
1980-1989       58             0.007354        0.013613        0.010504
1980-1989       59             0.007917        0.014736        0.011313
1980-1989       60             0.008886        0.016870        0.012823
1980-1989       61             0.009800        0.017588        0.013612
1980-1989       62             0.010811        0.020257        0.015419
1980-1989       63             0.012026        0.022391        0.017013
1980-1989       64             0.012467        0.024465        0.018173
1980-1989       65             0.014397        0.027102        0.020357
1980-1989       66             0.015793        0.029735        0.022237
1980-1989       67             0.017754        0.033039        0.024761
1980-1989       68             0.019617        0.036190        0.027204
1980-1989       69             0.020593        0.039066        0.029012
1980-1989       70             0.023313        0.041907        0.031690
1980-1989       71             0.025811        0.047176        0.035320
1980-1989       72             0.029866        0.053182        0.040093
1980-1989       73             0.031361        0.058050        0.042915
1980-1989       74             0.035494        0.063035        0.047306
1980-1989       75             0.039797        0.070485        0.052797
1980-1989       76             0.043964        0.077467        0.057880
1980-1989       77             0.047664        0.083868        0.062324
1980-1989       78             0.052363        0.091834        0.067970
1980-1989       79             0.057876        0.098402        0.073426
1980-1989       80             0.068218        0.111128        0.084376
1980-1989       81             0.072069        0.118400        0.089025
1980-1989       82             0.083766        0.128829        0.099703
1980-1989       83             0.092682        0.135902        0.107405
1980-1989       84             0.102967        0.145895        0.117046
1980-1989       85             0.112772        0.167181        0.129890
1980-1989       86             0.121524        0.177619        0.138380
1980-1989       87             0.136544        0.205364        0.156202
1980-1989       88             0.153976        0.215250        0.170525
1980-1989       89             0.165557        0.217341        0.178882
1980-1989       90             0.188545        0.247641        0.203134
1980-1989       91             0.196552        0.261498        0.211965
1980-1989       92             0.226192        0.281411        0.238819
1980-1989       93             0.238635        0.329484        0.258627
1980-1989       94             0.265511        0.331070        0.279463
1980-1989       95             0.289560        0.354182        0.302992
1980-1989       96             0.311453        0.356632        0.320591
1980-1989       97             0.356510        0.413091        0.367936
1980-1989       98             0.338182        0.455148        0.360770
1980-1989       99             0.352080        0.412776        0.363143
1980-1989      100             0.400621        0.643416        0.440328
1980-1989      101             0.392929        0.536673        0.412973
1980-1989      102             0.457545        0.618624        0.480631
1980-1989      103             0.465494        0.690955        0.497993
1980-1989      104             0.416351        0.309598        0.404722
1980-1989      105             0.372493        1.102941        0.408571
1980-1989      106             0.470547        0.000000        0.447613
1980-1989      107             1.540832        0.000000        1.395673
1980-1989      108             1.000000        0.000000        0.915332
1980-1989      109             6.000000              .        6.000000
1980-1989      110+                  .              .              .
1990-1999        0             0.005346        0.006613        0.005997
1990-1999        1             0.000581        0.000699        0.000642
1990-1999        2             0.000324        0.000459        0.000393
1990-1999        3             0.000280        0.000368        0.000326
1990-1999        4             0.000228        0.000300        0.000265
1990-1999        5             0.000171        0.000203        0.000188
1990-1999        6             0.000154        0.000226        0.000191
1990-1999        7             0.000195        0.000253        0.000225
1990-1999        8             0.000162        0.000222        0.000193
1990-1999        9             0.000141        0.000172        0.000157
1990-1999       10             0.000124        0.000181        0.000153
1990-1999       11             0.000181        0.000201        0.000191
1990-1999       12             0.000153        0.000267        0.000211
1990-1999       13             0.000209        0.000276        0.000243
1990-1999       14             0.000234        0.000391        0.000314
1990-1999       15             0.000361        0.000546        0.000455
1990-1999       16             0.000508        0.000983        0.000749
1990-1999       17             0.000488        0.001189        0.000843
1990-1999       18             0.000616        0.001379        0.001001
1990-1999       19             0.000577        0.001557        0.001071
1990-1999       20             0.000455        0.001772        0.001118
1990-1999       21             0.000461        0.001568        0.001017
1990-1999       22             0.000582        0.001395        0.000990
1990-1999       23             0.000469        0.001451        0.000960
1990-1999       24             0.000520        0.001595        0.001055
1990-1999       25             0.000447        0.001535        0.000986
1990-1999       26             0.000468        0.001339        0.000897
1990-1999       27             0.000502        0.001373        0.000928
1990-1999       28             0.000388        0.001370        0.000867
1990-1999       29             0.000547        0.001246        0.000888
1990-1999       30             0.000550        0.001207        0.000870
1990-1999       31             0.000496        0.001202        0.000841
1990-1999       32             0.000578        0.001222        0.000894
1990-1999       33             0.000641        0.001146        0.000889
1990-1999       34             0.000736        0.001205        0.000966
1990-1999       35             0.000663        0.001347        0.001000
1990-1999       36             0.000646        0.001276        0.000957
1990-1999       37             0.000797        0.001474        0.001131
1990-1999       38             0.000847        0.001448        0.001144
1990-1999       39             0.000873        0.001595        0.001230
1990-1999       40             0.001035        0.001651        0.001340
1990-1999       41             0.001212        0.001587        0.001398
1990-1999       42             0.001357        0.001903        0.001628
1990-1999       43             0.001252        0.002034        0.001641
1990-1999       44             0.001477        0.002038        0.001756
1990-1999       45             0.001610        0.002194        0.001901
1990-1999       46             0.001932        0.002614        0.002272
1990-1999       47             0.001816        0.002777        0.002297
1990-1999       48             0.002151        0.003041        0.002597
1990-1999       49             0.002448        0.003392        0.002922
1990-1999       50             0.002729        0.003548        0.003139
1990-1999       51             0.003001        0.004261        0.003632
1990-1999       52             0.003309        0.004880        0.004095
1990-1999       53             0.003726        0.005328        0.004527
1990-1999       54             0.004202        0.006079        0.005138
1990-1999       55             0.004065        0.006714        0.005386
1990-1999       56             0.004735        0.007521        0.006123
1990-1999       57             0.005329        0.007929        0.006625
1990-1999       58             0.005661        0.009021        0.007335
1990-1999       59             0.006506        0.010556        0.008526
1990-1999       60             0.007113        0.011477        0.009292
1990-1999       61             0.007392        0.012198        0.009788
1990-1999       62             0.008428        0.014109        0.011259
1990-1999       63             0.009425        0.015896        0.012648
1990-1999       64             0.010072        0.018305        0.014162
1990-1999       65             0.011569        0.019560        0.015522
1990-1999       66             0.012245        0.021748        0.016915
1990-1999       67             0.013376        0.023975        0.018534
1990-1999       68             0.014377        0.026555        0.020227
1990-1999       69             0.016419        0.030129        0.022912
1990-1999       70             0.018711        0.032493        0.025159
1990-1999       71             0.019486        0.035566        0.026876
1990-1999       72             0.022640        0.039153        0.030089
1990-1999       73             0.024847        0.043774        0.033237
1990-1999       74             0.027527        0.047722        0.036313
1990-1999       75             0.031812        0.053493        0.041063
1990-1999       76             0.032423        0.059777        0.043828
1990-1999       77             0.036577        0.063781        0.047711
1990-1999       78             0.041789        0.070612        0.053331
1990-1999       79             0.046396        0.080970        0.059944
1990-1999       80             0.054236        0.089142        0.067561
1990-1999       81             0.059885        0.095326        0.073070
1990-1999       82             0.068722        0.107592        0.082823
1990-1999       83             0.076266        0.118148        0.091059
1990-1999       84             0.085993        0.128890        0.100669
1990-1999       85             0.095048        0.143872        0.111155
1990-1999       86             0.105051        0.155865        0.121198
1990-1999       87             0.119430        0.175161        0.136447
1990-1999       88             0.131772        0.175747        0.144670
1990-1999       89             0.147085        0.198810        0.161644
1990-1999       90             0.172536        0.216406        0.184476
1990-1999       91             0.184157        0.238246        0.198400
1990-1999       92             0.200936        0.279830        0.220560
1990-1999       93             0.222032        0.281675        0.235841
1990-1999       94             0.236694        0.303009        0.251051
1990-1999       95             0.269702        0.360326        0.288140
1990-1999       96             0.313145        0.350875        0.320323
1990-1999       97             0.302957        0.396681        0.319618
1990-1999       98             0.330715        0.405481        0.342903
1990-1999       99             0.332665        0.510675        0.360039
1990-1999      100             0.426277        0.488528        0.434479
1990-1999      101             0.481075        0.564673        0.491223
1990-1999      102             0.464075        0.580097        0.477805
1990-1999      103             0.477174        0.698981        0.497777
1990-1999      104             0.470062        0.650769        0.486181
1990-1999      105             0.592764        0.235854        0.551068
1990-1999      106             0.507104        0.967742        0.560459
1990-1999      107             0.530118        0.673023        0.546701
1990-1999      108             0.711093        1.035830        0.734107
1990-1999      109             1.034483        0.000000        0.857707
1990-1999      110+            6.000000        2.380952        3.409091
2000-2008        0             0.004057        0.005047        0.004563
2000-2008        1             0.000520        0.000508        0.000514
2000-2008        2             0.000287        0.000279        0.000283
2000-2008        3             0.000188        0.000195        0.000192
2000-2008        4             0.000144        0.000183        0.000164
2000-2008        5             0.000116        0.000136        0.000126
2000-2008        6             0.000131        0.000119        0.000125
2000-2008        7             0.000124        0.000171        0.000148
2000-2008        8             0.000132        0.000067        0.000099
2000-2008        9             0.000085        0.000132        0.000109
2000-2008       10             0.000093        0.000109        0.000101
2000-2008       11             0.000106        0.000151        0.000129
2000-2008       12             0.000101        0.000205        0.000154
2000-2008       13             0.000081        0.000227        0.000156
2000-2008       14             0.000158        0.000312        0.000237
2000-2008       15             0.000252        0.000378        0.000316
2000-2008       16             0.000302        0.000668        0.000489
2000-2008       17             0.000440        0.000856        0.000653
2000-2008       18             0.000442        0.000976        0.000715
2000-2008       19             0.000317        0.000946        0.000638
2000-2008       20             0.000363        0.000955        0.000665
2000-2008       21             0.000259        0.000893        0.000581
2000-2008       22             0.000355        0.000985        0.000673
2000-2008       23             0.000307        0.000912        0.000612
2000-2008       24             0.000364        0.000842        0.000604
2000-2008       25             0.000288        0.000990        0.000638
2000-2008       26             0.000376        0.000877        0.000624
2000-2008       27             0.000346        0.000824        0.000580
2000-2008       28             0.000327        0.000877        0.000594
2000-2008       29             0.000335        0.001038        0.000674
2000-2008       30             0.000401        0.000852        0.000618
2000-2008       31             0.000448        0.000821        0.000627
2000-2008       32             0.000468        0.001033        0.000738
2000-2008       33             0.000428        0.000942        0.000674
2000-2008       34             0.000520        0.001000        0.000750
2000-2008       35             0.000643        0.001042        0.000834
2000-2008       36             0.000655        0.001118        0.000878
2000-2008       37             0.000625        0.001261        0.000932
2000-2008       38             0.000712        0.001194        0.000945
2000-2008       39             0.000704        0.001210        0.000949
2000-2008       40             0.000852        0.001362        0.001099
2000-2008       41             0.000843        0.001417        0.001122
2000-2008       42             0.000924        0.001385        0.001149
2000-2008       43             0.001041        0.001609        0.001318
2000-2008       44             0.001197        0.001511        0.001350
2000-2008       45             0.001229        0.001974        0.001594
2000-2008       46             0.001369        0.001930        0.001645
2000-2008       47             0.001504        0.002080        0.001787
2000-2008       48             0.001738        0.002361        0.002045
2000-2008       49             0.001722        0.002624        0.002167
2000-2008       50             0.001913        0.002870        0.002386
2000-2008       51             0.002191        0.003128        0.002655
2000-2008       52             0.002457        0.003331        0.002890
2000-2008       53             0.002729        0.003621        0.003172
2000-2008       54             0.002876        0.003988        0.003428
2000-2008       55             0.003299        0.004694        0.003992
2000-2008       56             0.003547        0.005119        0.004328
2000-2008       57             0.003927        0.005383        0.004650
2000-2008       58             0.004165        0.005695        0.004924
2000-2008       59             0.004759        0.007082        0.005910
2000-2008       60             0.005095        0.007287        0.006180
2000-2008       61             0.005191        0.008473        0.006813
2000-2008       62             0.006336        0.009351        0.007823
2000-2008       63             0.006492        0.010413        0.008422
2000-2008       64             0.007188        0.011404        0.009258
2000-2008       65             0.008057        0.013195        0.010573
2000-2008       66             0.008368        0.013930        0.011085
2000-2008       67             0.010096        0.015739        0.012845
2000-2008       68             0.011355        0.018383        0.014770
2000-2008       69             0.012221        0.019734        0.015863
2000-2008       70             0.013219        0.022187        0.017552
2000-2008       71             0.014776        0.025944        0.020142
2000-2008       72             0.016741        0.027589        0.021924
2000-2008       73             0.019967        0.031033        0.025221
2000-2008       74             0.021226        0.034496        0.027467
2000-2008       75             0.023257        0.036647        0.029478
2000-2008       76             0.026081        0.043174        0.033911
2000-2008       77             0.030197        0.047007        0.037766
2000-2008       78             0.033754        0.053673        0.042536
2000-2008       79             0.037906        0.060692        0.047713
2000-2008       80             0.041975        0.068122        0.052919
2000-2008       81             0.048642        0.074176        0.059010
2000-2008       82             0.054728        0.083266        0.065949
2000-2008       83             0.062717        0.093130        0.074269
2000-2008       84             0.072470        0.104265        0.084142
2000-2008       85             0.083959        0.116368        0.095437
2000-2008       86             0.094661        0.132183        0.107462
2000-2008       87             0.108364        0.145120        0.120428
2000-2008       88             0.122379        0.165142        0.135879
2000-2008       89             0.136037        0.184216        0.150620
2000-2008       90             0.157803        0.205684        0.171621
2000-2008       91             0.176735        0.225532        0.190086
2000-2008       92             0.191907        0.234279        0.202908
2000-2008       93             0.220825        0.271510        0.233363
2000-2008       94             0.244988        0.282385        0.253783
2000-2008       95             0.263309        0.297494        0.270905
2000-2008       96             0.295008        0.346075        0.305685
2000-2008       97             0.319414        0.312352        0.317997
2000-2008       98             0.355054        0.376539        0.359239
2000-2008       99             0.371059        0.429810        0.381735
2000-2008      100             0.428623        0.496648        0.440085
2000-2008      101             0.479742        0.453705        0.475676
2000-2008      102             0.429406        0.596970        0.453301
2000-2008      103             0.552366        0.529760        0.549672
2000-2008      104             0.551288        0.641940        0.560076
2000-2008      105             0.710567        1.119751        0.740639
2000-2008      106             0.485655        1.428571        0.519976
2000-2008      107             0.779655              .        0.779655
2000-2008      108             0.647832              .        0.647832
2000-2008      109             1.800000              .        1.800000
2000-2008      110+            0.428571              .        0.428571
