Poland, Death rates (period 1x10), 	Last modified: 13 Apr 2021;  Methods Protocol: v6 (2017)

  Year          Age             Female            Male           Total
1958-1959        0             0.065818        0.083154        0.074702
1958-1959        1             0.004812        0.005112        0.004965
1958-1959        2             0.001791        0.002002        0.001899
1958-1959        3             0.001164        0.001456        0.001313
1958-1959        4             0.000926        0.001077        0.001003
1958-1959        5             0.000711        0.000922        0.000819
1958-1959        6             0.000625        0.000819        0.000724
1958-1959        7             0.000574        0.000809        0.000694
1958-1959        8             0.000477        0.000719        0.000600
1958-1959        9             0.000411        0.000639        0.000527
1958-1959       10             0.000416        0.000657        0.000539
1958-1959       11             0.000416        0.000656        0.000538
1958-1959       12             0.000435        0.000627        0.000532
1958-1959       13             0.000442        0.000676        0.000561
1958-1959       14             0.000459        0.000820        0.000641
1958-1959       15             0.000518        0.000871        0.000696
1958-1959       16             0.000621        0.001026        0.000826
1958-1959       17             0.000589        0.001278        0.000938
1958-1959       18             0.000771        0.001413        0.001098
1958-1959       19             0.000821        0.001816        0.001330
1958-1959       20             0.000889        0.002012        0.001461
1958-1959       21             0.000888        0.002069        0.001484
1958-1959       22             0.000944        0.001987        0.001467
1958-1959       23             0.001012        0.001940        0.001476
1958-1959       24             0.001090        0.002124        0.001608
1958-1959       25             0.001134        0.002153        0.001645
1958-1959       26             0.001177        0.002111        0.001645
1958-1959       27             0.001198        0.002087        0.001644
1958-1959       28             0.001286        0.002179        0.001733
1958-1959       29             0.001373        0.002372        0.001870
1958-1959       30             0.001443        0.002463        0.001945
1958-1959       31             0.001341        0.002502        0.001902
1958-1959       32             0.001499        0.002515        0.001980
1958-1959       33             0.001583        0.002654        0.002083
1958-1959       34             0.001811        0.002746        0.002245
1958-1959       35             0.001813        0.002806        0.002273
1958-1959       36             0.001829        0.002850        0.002304
1958-1959       37             0.001886        0.002987        0.002403
1958-1959       38             0.002150        0.003387        0.002733
1958-1959       39             0.002330        0.003489        0.002871
1958-1959       40             0.002376        0.003634        0.002958
1958-1959       41             0.002547        0.003698        0.003080
1958-1959       42             0.002629        0.004225        0.003362
1958-1959       43             0.003073        0.004446        0.003698
1958-1959       44             0.003095        0.005002        0.003966
1958-1959       45             0.003295        0.005064        0.004111
1958-1959       46             0.003473        0.005699        0.004506
1958-1959       47             0.003969        0.006186        0.005006
1958-1959       48             0.004254        0.006692        0.005403
1958-1959       49             0.004830        0.007344        0.006019
1958-1959       50             0.004922        0.008221        0.006485
1958-1959       51             0.005530        0.008993        0.007169
1958-1959       52             0.005740        0.010331        0.007900
1958-1959       53             0.006369        0.010945        0.008502
1958-1959       54             0.006816        0.012045        0.009249
1958-1959       55             0.007544        0.012966        0.010060
1958-1959       56             0.008193        0.015167        0.011401
1958-1959       57             0.009047        0.016547        0.012422
1958-1959       58             0.009726        0.018419        0.013546
1958-1959       59             0.011544        0.020348        0.015396
1958-1959       60             0.013202        0.023026        0.017481
1958-1959       61             0.014009        0.025052        0.018748
1958-1959       62             0.015865        0.027414        0.020739
1958-1959       63             0.017225        0.028860        0.022072
1958-1959       64             0.019212        0.031455        0.024299
1958-1959       65             0.021104        0.034511        0.026630
1958-1959       66             0.023812        0.037301        0.029305
1958-1959       67             0.026918        0.042585        0.033208
1958-1959       68             0.029681        0.046886        0.036465
1958-1959       69             0.033605        0.049822        0.039928
1958-1959       70             0.036306        0.053368        0.042886
1958-1959       71             0.042605        0.060400        0.049424
1958-1959       72             0.047195        0.066722        0.054599
1958-1959       73             0.051677        0.070797        0.058801
1958-1959       74             0.056231        0.076159        0.063642
1958-1959       75             0.064505        0.085128        0.072135
1958-1959       76             0.070188        0.094856        0.079198
1958-1959       77             0.080097        0.100140        0.087333
1958-1959       78             0.089362        0.117402        0.099302
1958-1959       79             0.095391        0.118113        0.103422
1958-1959       80             0.110704        0.134791        0.119215
1958-1959       81             0.121754        0.144494        0.129676
1958-1959       82             0.134587        0.157492        0.142403
1958-1959       83             0.146002        0.176729        0.156353
1958-1959       84             0.158887        0.186967        0.168280
1958-1959       85             0.171176        0.217405        0.186241
1958-1959       86             0.180485        0.215906        0.191723
1958-1959       87             0.199325        0.241779        0.212495
1958-1959       88             0.216356        0.258349        0.228962
1958-1959       89             0.246012        0.296014        0.260836
1958-1959       90             0.247392        0.283321        0.257932
1958-1959       91             0.274252        0.334938        0.291143
1958-1959       92             0.305940        0.357145        0.319523
1958-1959       93             0.312878        0.369976        0.327068
1958-1959       94             0.302309        0.371961        0.318771
1958-1959       95             0.378199        0.358094        0.373474
1958-1959       96             0.355192        0.458145        0.378554
1958-1959       97             0.394466        0.255902        0.363175
1958-1959       98             0.427018        0.397907        0.419347
1958-1959       99             0.689704        0.799699        0.720081
1958-1959      100             0.479888        0.714852        0.532079
1958-1959      101             0.495600        0.987936        0.576626
1958-1959      102             0.549934        1.872910        0.690423
1958-1959      103             0.686907        2.535849        0.829880
1958-1959      104             1.256293        6.000000        1.438944
1958-1959      105             6.000000              .        6.000000
1958-1959      106                   .              .              .
1958-1959      107                   .              .              .
1958-1959      108                   .              .              .
1958-1959      109                   .              .              .
1958-1959      110+                  .              .              .
1960-1969        0             0.040234        0.051944        0.046257
1960-1969        1             0.002657        0.002912        0.002788
1960-1969        2             0.001191        0.001370        0.001283
1960-1969        3             0.000785        0.000983        0.000886
1960-1969        4             0.000622        0.000816        0.000721
1960-1969        5             0.000510        0.000705        0.000609
1960-1969        6             0.000433        0.000626        0.000532
1960-1969        7             0.000381        0.000579        0.000482
1960-1969        8             0.000349        0.000536        0.000445
1960-1969        9             0.000314        0.000496        0.000407
1960-1969       10             0.000283        0.000489        0.000388
1960-1969       11             0.000288        0.000480        0.000386
1960-1969       12             0.000290        0.000481        0.000387
1960-1969       13             0.000313        0.000513        0.000415
1960-1969       14             0.000375        0.000596        0.000488
1960-1969       15             0.000402        0.000725        0.000566
1960-1969       16             0.000424        0.000798        0.000614
1960-1969       17             0.000463        0.001009        0.000740
1960-1969       18             0.000512        0.001258        0.000890
1960-1969       19             0.000595        0.001519        0.001063
1960-1969       20             0.000634        0.001605        0.001126
1960-1969       21             0.000663        0.001637        0.001156
1960-1969       22             0.000677        0.001751        0.001221
1960-1969       23             0.000673        0.001850        0.001267
1960-1969       24             0.000756        0.001893        0.001329
1960-1969       25             0.000787        0.001948        0.001371
1960-1969       26             0.000753        0.001914        0.001336
1960-1969       27             0.000860        0.001956        0.001410
1960-1969       28             0.000927        0.001997        0.001463
1960-1969       29             0.000956        0.002110        0.001534
1960-1969       30             0.001009        0.002128        0.001569
1960-1969       31             0.001051        0.002223        0.001636
1960-1969       32             0.001118        0.002353        0.001733
1960-1969       33             0.001214        0.002465        0.001835
1960-1969       34             0.001278        0.002563        0.001911
1960-1969       35             0.001380        0.002677        0.002015
1960-1969       36             0.001487        0.002823        0.002136
1960-1969       37             0.001574        0.002972        0.002248
1960-1969       38             0.001739        0.003175        0.002426
1960-1969       39             0.001854        0.003377        0.002578
1960-1969       40             0.002032        0.003604        0.002774
1960-1969       41             0.002117        0.003812        0.002911
1960-1969       42             0.002253        0.004108        0.003117
1960-1969       43             0.002466        0.004415        0.003370
1960-1969       44             0.002729        0.004708        0.003645
1960-1969       45             0.002980        0.005083        0.003951
1960-1969       46             0.003223        0.005640        0.004337
1960-1969       47             0.003587        0.005796        0.004605
1960-1969       48             0.003773        0.006363        0.004965
1960-1969       49             0.004219        0.007106        0.005547
1960-1969       50             0.004502        0.007748        0.005996
1960-1969       51             0.004915        0.008425        0.006534
1960-1969       52             0.005380        0.009375        0.007225
1960-1969       53             0.005734        0.010246        0.007820
1960-1969       54             0.006237        0.011322        0.008587
1960-1969       55             0.006807        0.012348        0.009369
1960-1969       56             0.007241        0.013860        0.010300
1960-1969       57             0.008053        0.015365        0.011425
1960-1969       58             0.008664        0.016864        0.012433
1960-1969       59             0.009794        0.018796        0.013899
1960-1969       60             0.011104        0.021174        0.015651
1960-1969       61             0.011957        0.022515        0.016679
1960-1969       62             0.013166        0.025308        0.018535
1960-1969       63             0.014803        0.027601        0.020387
1960-1969       64             0.016338        0.030769        0.022548
1960-1969       65             0.018643        0.034173        0.025227
1960-1969       66             0.020725        0.037215        0.027608
1960-1969       67             0.023480        0.040251        0.030366
1960-1969       68             0.026005        0.044220        0.033363
1960-1969       69             0.029551        0.049218        0.037378
1960-1969       70             0.033123        0.052725        0.040808
1960-1969       71             0.037036        0.057858        0.045069
1960-1969       72             0.040963        0.062355        0.049086
1960-1969       73             0.046201        0.068580        0.054573
1960-1969       74             0.051409        0.074394        0.059883
1960-1969       75             0.056874        0.081293        0.065740
1960-1969       76             0.063385        0.088605        0.072402
1960-1969       77             0.070618        0.096464        0.079714
1960-1969       78             0.078716        0.104662        0.087717
1960-1969       79             0.087058        0.113817        0.096211
1960-1969       80             0.098192        0.128479        0.108436
1960-1969       81             0.109143        0.137198        0.118502
1960-1969       82             0.120528        0.151185        0.130621
1960-1969       83             0.131956        0.163564        0.142219
1960-1969       84             0.145228        0.177701        0.155615
1960-1969       85             0.159453        0.191944        0.169689
1960-1969       86             0.177469        0.206954        0.186619
1960-1969       87             0.192557        0.225984        0.202768
1960-1969       88             0.208368        0.239437        0.217674
1960-1969       89             0.226707        0.260472        0.236635
1960-1969       90             0.247810        0.277420        0.256324
1960-1969       91             0.261984        0.296824        0.271824
1960-1969       92             0.279718        0.315466        0.289541
1960-1969       93             0.309658        0.324801        0.313693
1960-1969       94             0.318930        0.376654        0.333924
1960-1969       95             0.334486        0.367249        0.342622
1960-1969       96             0.357668        0.412149        0.370682
1960-1969       97             0.369472        0.364856        0.368415
1960-1969       98             0.337980        0.349683        0.340646
1960-1969       99             0.466243        0.540140        0.482856
1960-1969      100             0.402586        0.417108        0.405627
1960-1969      101             0.415780        0.438695        0.420367
1960-1969      102             0.435591        0.491478        0.445847
1960-1969      103             0.469919        0.580870        0.487633
1960-1969      104             0.505030        0.660738        0.524096
1960-1969      105             0.576342        0.757241        0.590056
1960-1969      106             0.727532        0.000000        0.708432
1960-1969      107             1.124803              .        1.124803
1960-1969      108             1.210300              .        1.210300
1960-1969      109                   .              .              .
1960-1969      110+                  .              .              .
1970-1979        0             0.026369        0.034699        0.030649
1970-1979        1             0.001356        0.001610        0.001486
1970-1979        2             0.000722        0.000934        0.000830
1970-1979        3             0.000547        0.000764        0.000658
1970-1979        4             0.000461        0.000642        0.000553
1970-1979        5             0.000391        0.000584        0.000490
1970-1979        6             0.000363        0.000504        0.000435
1970-1979        7             0.000338        0.000518        0.000430
1970-1979        8             0.000327        0.000458        0.000394
1970-1979        9             0.000269        0.000444        0.000358
1970-1979       10             0.000260        0.000409        0.000336
1970-1979       11             0.000233        0.000385        0.000311
1970-1979       12             0.000255        0.000406        0.000333
1970-1979       13             0.000265        0.000434        0.000352
1970-1979       14             0.000304        0.000517        0.000413
1970-1979       15             0.000350        0.000615        0.000486
1970-1979       16             0.000373        0.000747        0.000565
1970-1979       17             0.000430        0.000926        0.000684
1970-1979       18             0.000470        0.001232        0.000859
1970-1979       19             0.000478        0.001472        0.000986
1970-1979       20             0.000483        0.001577        0.001041
1970-1979       21             0.000502        0.001675        0.001098
1970-1979       22             0.000491        0.001738        0.001125
1970-1979       23             0.000514        0.001810        0.001172
1970-1979       24             0.000548        0.001808        0.001187
1970-1979       25             0.000558        0.001877        0.001226
1970-1979       26             0.000597        0.001899        0.001255
1970-1979       27             0.000624        0.001966        0.001302
1970-1979       28             0.000646        0.001922        0.001290
1970-1979       29             0.000679        0.002057        0.001373
1970-1979       30             0.000730        0.002189        0.001464
1970-1979       31             0.000828        0.002275        0.001554
1970-1979       32             0.000854        0.002352        0.001604
1970-1979       33             0.000963        0.002562        0.001762
1970-1979       34             0.001012        0.002726        0.001868
1970-1979       35             0.001079        0.002904        0.001989
1970-1979       36             0.001182        0.003077        0.002127
1970-1979       37             0.001230        0.003262        0.002242
1970-1979       38             0.001380        0.003510        0.002440
1970-1979       39             0.001554        0.003820        0.002681
1970-1979       40             0.001665        0.004082        0.002866
1970-1979       41             0.001851        0.004409        0.003120
1970-1979       42             0.001952        0.004802        0.003361
1970-1979       43             0.002203        0.005257        0.003706
1970-1979       44             0.002409        0.005649        0.003992
1970-1979       45             0.002608        0.006160        0.004330
1970-1979       46             0.002886        0.006788        0.004762
1970-1979       47             0.003158        0.007326        0.005145
1970-1979       48             0.003490        0.007863        0.005557
1970-1979       49             0.003870        0.008700        0.006136
1970-1979       50             0.004184        0.009404        0.006613
1970-1979       51             0.004550        0.010001        0.007064
1970-1979       52             0.004964        0.010897        0.007681
1970-1979       53             0.005417        0.011626        0.008245
1970-1979       54             0.005801        0.012743        0.008949
1970-1979       55             0.006384        0.013669        0.009675
1970-1979       56             0.006824        0.014430        0.010250
1970-1979       57             0.007607        0.016201        0.011468
1970-1979       58             0.008377        0.017772        0.012584
1970-1979       59             0.009076        0.019002        0.013502
1970-1979       60             0.010242        0.021146        0.015088
1970-1979       61             0.010906        0.022748        0.016159
1970-1979       62             0.012019        0.024581        0.017575
1970-1979       63             0.013376        0.027021        0.019387
1970-1979       64             0.014613        0.029840        0.021289
1970-1979       65             0.016242        0.032807        0.023469
1970-1979       66             0.017954        0.036418        0.025958
1970-1979       67             0.020335        0.039997        0.028786
1970-1979       68             0.023098        0.044189        0.032069
1970-1979       69             0.025835        0.048450        0.035310
1970-1979       70             0.029411        0.053571        0.039354
1970-1979       71             0.032786        0.058876        0.043327
1970-1979       72             0.036537        0.063909        0.047367
1970-1979       73             0.041403        0.070072        0.052493
1970-1979       74             0.046934        0.076892        0.058263
1970-1979       75             0.052356        0.084546        0.064242
1970-1979       76             0.058893        0.091742        0.070725
1970-1979       77             0.066573        0.100845        0.078614
1970-1979       78             0.074639        0.109391        0.086543
1970-1979       79             0.084385        0.120256        0.096392
1970-1979       80             0.092157        0.127620        0.103759
1970-1979       81             0.102721        0.137322        0.113794
1970-1979       82             0.113405        0.147984        0.124243
1970-1979       83             0.126938        0.160648        0.137291
1970-1979       84             0.140459        0.175644        0.151055
1970-1979       85             0.153000        0.191487        0.164352
1970-1979       86             0.171574        0.206297        0.181604
1970-1979       87             0.189007        0.225129        0.199240
1970-1979       88             0.201916        0.242745        0.213254
1970-1979       89             0.220781        0.258302        0.230987
1970-1979       90             0.242574        0.280467        0.252690
1970-1979       91             0.261261        0.293320        0.269670
1970-1979       92             0.283872        0.304706        0.289271
1970-1979       93             0.302415        0.333938        0.310524
1970-1979       94             0.324565        0.349575        0.330935
1970-1979       95             0.349838        0.361299        0.352726
1970-1979       96             0.353322        0.382195        0.360503
1970-1979       97             0.392296        0.383223        0.390041
1970-1979       98             0.352665        0.358803        0.354219
1970-1979       99             0.377891        0.386175        0.379989
1970-1979      100             0.473182        0.478749        0.474596
1970-1979      101             0.500196        0.507392        0.502041
1970-1979      102             0.528521        0.538721        0.531132
1970-1979      103             0.568014        0.585798        0.572501
1970-1979      104             0.612322        0.664842        0.625257
1970-1979      105             0.672810        0.822376        0.707135
1970-1979      106             0.780066        1.135854        0.848281
1970-1979      107             1.038383        1.642276        1.117703
1970-1979      108             1.782266        2.354430        1.823583
1970-1979      109             6.000000              .        6.000000
1970-1979      110+                  .              .              .
1980-1989        0             0.019826        0.025844        0.022912
1980-1989        1             0.001050        0.001186        0.001120
1980-1989        2             0.000555        0.000701        0.000629
1980-1989        3             0.000395        0.000577        0.000488
1980-1989        4             0.000312        0.000472        0.000394
1980-1989        5             0.000284        0.000425        0.000356
1980-1989        6             0.000275        0.000411        0.000344
1980-1989        7             0.000246        0.000401        0.000325
1980-1989        8             0.000251        0.000377        0.000315
1980-1989        9             0.000217        0.000383        0.000302
1980-1989       10             0.000203        0.000355        0.000280
1980-1989       11             0.000199        0.000347        0.000275
1980-1989       12             0.000218        0.000342        0.000282
1980-1989       13             0.000207        0.000387        0.000299
1980-1989       14             0.000236        0.000444        0.000342
1980-1989       15             0.000294        0.000577        0.000439
1980-1989       16             0.000314        0.000702        0.000513
1980-1989       17             0.000359        0.000915        0.000644
1980-1989       18             0.000393        0.001254        0.000833
1980-1989       19             0.000400        0.001437        0.000932
1980-1989       20             0.000390        0.001486        0.000952
1980-1989       21             0.000418        0.001477        0.000961
1980-1989       22             0.000447        0.001563        0.001019
1980-1989       23             0.000432        0.001658        0.001060
1980-1989       24             0.000461        0.001659        0.001074
1980-1989       25             0.000501        0.001719        0.001123
1980-1989       26             0.000495        0.001762        0.001141
1980-1989       27             0.000546        0.001825        0.001197
1980-1989       28             0.000575        0.001949        0.001274
1980-1989       29             0.000636        0.002002        0.001329
1980-1989       30             0.000695        0.002178        0.001446
1980-1989       31             0.000738        0.002271        0.001514
1980-1989       32             0.000788        0.002396        0.001601
1980-1989       33             0.000855        0.002517        0.001694
1980-1989       34             0.000949        0.002730        0.001846
1980-1989       35             0.001034        0.002945        0.001995
1980-1989       36             0.001176        0.003146        0.002165
1980-1989       37             0.001266        0.003462        0.002366
1980-1989       38             0.001387        0.003755        0.002571
1980-1989       39             0.001562        0.004191        0.002874
1980-1989       40             0.001719        0.004577        0.003141
1980-1989       41             0.001856        0.004956        0.003395
1980-1989       42             0.002038        0.005428        0.003716
1980-1989       43             0.002222        0.005932        0.004052
1980-1989       44             0.002442        0.006531        0.004455
1980-1989       45             0.002698        0.007142        0.004883
1980-1989       46             0.002941        0.007615        0.005234
1980-1989       47             0.003167        0.008376        0.005718
1980-1989       48             0.003491        0.009135        0.006250
1980-1989       49             0.003836        0.010085        0.006883
1980-1989       50             0.004231        0.010867        0.007458
1980-1989       51             0.004660        0.011943        0.008190
1980-1989       52             0.005028        0.013028        0.008887
1980-1989       53             0.005484        0.013985        0.009554
1980-1989       54             0.005929        0.015310        0.010379
1980-1989       55             0.006473        0.016562        0.011208
1980-1989       56             0.007199        0.017859        0.012146
1980-1989       57             0.007769        0.019258        0.013041
1980-1989       58             0.008679        0.020985        0.014261
1980-1989       59             0.009540        0.022600        0.015403
1980-1989       60             0.010521        0.024599        0.016769
1980-1989       61             0.011555        0.026412        0.018067
1980-1989       62             0.012537        0.028289        0.019362
1980-1989       63             0.013933        0.030208        0.020920
1980-1989       64             0.015166        0.032958        0.022739
1980-1989       65             0.016793        0.035567        0.024717
1980-1989       66             0.018405        0.038155        0.026682
1980-1989       67             0.020418        0.040802        0.028889
1980-1989       68             0.022306        0.044314        0.031370
1980-1989       69             0.025128        0.048099        0.034497
1980-1989       70             0.027420        0.052191        0.037418
1980-1989       71             0.030971        0.057092        0.041404
1980-1989       72             0.034442        0.062817        0.045643
1980-1989       73             0.038784        0.068326        0.050296
1980-1989       74             0.043411        0.074996        0.055534
1980-1989       75             0.048877        0.081761        0.061296
1980-1989       76             0.054666        0.089902        0.067739
1980-1989       77             0.061221        0.098097        0.074615
1980-1989       78             0.068607        0.107335        0.082359
1980-1989       79             0.077402        0.116796        0.091014
1980-1989       80             0.088024        0.129516        0.101940
1980-1989       81             0.097419        0.140249        0.111348
1980-1989       82             0.109310        0.151636        0.122635
1980-1989       83             0.121212        0.164807        0.134495
1980-1989       84             0.137246        0.179980        0.149854
1980-1989       85             0.151332        0.192354        0.163054
1980-1989       86             0.165693        0.209328        0.177780
1980-1989       87             0.184482        0.224542        0.195255
1980-1989       88             0.202324        0.243142        0.213025
1980-1989       89             0.221332        0.262588        0.231848
1980-1989       90             0.240971        0.275828        0.249648
1980-1989       91             0.261701        0.295460        0.269977
1980-1989       92             0.281463        0.308909        0.288087
1980-1989       93             0.303027        0.331220        0.309737
1980-1989       94             0.319803        0.338949        0.324322
1980-1989       95             0.346642        0.359504        0.349682
1980-1989       96             0.365474        0.381662        0.369295
1980-1989       97             0.378659        0.378415        0.378602
1980-1989       98             0.383246        0.362366        0.378325
1980-1989       99             0.329281        0.342914        0.332497
1980-1989      100             0.453826        0.431797        0.448647
1980-1989      101             0.478347        0.450289        0.471701
1980-1989      102             0.501984        0.468486        0.493980
1980-1989      103             0.526911        0.493232        0.518768
1980-1989      104             0.552192        0.530910        0.547029
1980-1989      105             0.584327        0.601960        0.588461
1980-1989      106             0.646114        0.790920        0.676300
1980-1989      107             0.762604        1.269385        0.838830
1980-1989      108             1.062797        2.168675        1.118108
1980-1989      109             2.045455              .        2.045455
1980-1989      110+            6.000000              .        6.000000
1990-1999        0             0.012849        0.015883        0.014406
1990-1999        1             0.000708        0.000821        0.000766
1990-1999        2             0.000414        0.000523        0.000470
1990-1999        3             0.000300        0.000416        0.000360
1990-1999        4             0.000265        0.000342        0.000304
1990-1999        5             0.000219        0.000287        0.000254
1990-1999        6             0.000212        0.000275        0.000244
1990-1999        7             0.000189        0.000260        0.000225
1990-1999        8             0.000189        0.000286        0.000238
1990-1999        9             0.000165        0.000255        0.000211
1990-1999       10             0.000170        0.000277        0.000224
1990-1999       11             0.000158        0.000254        0.000207
1990-1999       12             0.000161        0.000274        0.000219
1990-1999       13             0.000177        0.000306        0.000243
1990-1999       14             0.000214        0.000401        0.000309
1990-1999       15             0.000276        0.000519        0.000400
1990-1999       16             0.000318        0.000685        0.000505
1990-1999       17             0.000342        0.000928        0.000641
1990-1999       18             0.000366        0.001205        0.000794
1990-1999       19             0.000382        0.001372        0.000887
1990-1999       20             0.000338        0.001371        0.000865
1990-1999       21             0.000359        0.001414        0.000897
1990-1999       22             0.000363        0.001498        0.000942
1990-1999       23             0.000354        0.001434        0.000905
1990-1999       24             0.000369        0.001526        0.000959
1990-1999       25             0.000356        0.001496        0.000937
1990-1999       26             0.000411        0.001576        0.001004
1990-1999       27             0.000432        0.001662        0.001058
1990-1999       28             0.000487        0.001748        0.001128
1990-1999       29             0.000484        0.001876        0.001191
1990-1999       30             0.000551        0.002028        0.001300
1990-1999       31             0.000593        0.002158        0.001386
1990-1999       32             0.000664        0.002315        0.001500
1990-1999       33             0.000735        0.002471        0.001613
1990-1999       34             0.000840        0.002778        0.001819
1990-1999       35             0.000924        0.003043        0.001993
1990-1999       36             0.001057        0.003211        0.002142
1990-1999       37             0.001149        0.003556        0.002359
1990-1999       38             0.001285        0.003887        0.002590
1990-1999       39             0.001432        0.004412        0.002925
1990-1999       40             0.001635        0.004731        0.003183
1990-1999       41             0.001796        0.005189        0.003489
1990-1999       42             0.001994        0.005638        0.003809
1990-1999       43             0.002199        0.006249        0.004211
1990-1999       44             0.002439        0.006720        0.004559
1990-1999       45             0.002634        0.007336        0.004956
1990-1999       46             0.002886        0.008024        0.005415
1990-1999       47             0.003120        0.008671        0.005844
1990-1999       48             0.003394        0.009338        0.006302
1990-1999       49             0.003818        0.010179        0.006919
1990-1999       50             0.004070        0.011282        0.007571
1990-1999       51             0.004398        0.012195        0.008164
1990-1999       52             0.004776        0.013295        0.008870
1990-1999       53             0.005083        0.014414        0.009545
1990-1999       54             0.005397        0.015625        0.010265
1990-1999       55             0.006033        0.016953        0.011205
1990-1999       56             0.006606        0.018098        0.012022
1990-1999       57             0.007038        0.019751        0.012998
1990-1999       58             0.007610        0.021084        0.013890
1990-1999       59             0.008448        0.022882        0.015134
1990-1999       60             0.009468        0.025075        0.016648
1990-1999       61             0.010200        0.026782        0.017768
1990-1999       62             0.011450        0.028703        0.019250
1990-1999       63             0.012380        0.030488        0.020470
1990-1999       64             0.013881        0.033167        0.022372
1990-1999       65             0.015248        0.035982        0.024227
1990-1999       66             0.017150        0.038355        0.026176
1990-1999       67             0.018851        0.041460        0.028306
1990-1999       68             0.020862        0.044364        0.030520
1990-1999       69             0.023066        0.048032        0.033147
1990-1999       70             0.025907        0.052264        0.036353
1990-1999       71             0.028677        0.055516        0.039105
1990-1999       72             0.031868        0.059865        0.042541
1990-1999       73             0.035628        0.064792        0.046557
1990-1999       74             0.039847        0.069802        0.050887
1990-1999       75             0.044700        0.076351        0.056173
1990-1999       76             0.050757        0.083201        0.062332
1990-1999       77             0.056711        0.091019        0.068746
1990-1999       78             0.063683        0.099731        0.076081
1990-1999       79             0.071954        0.109543        0.084603
1990-1999       80             0.079397        0.119161        0.092418
1990-1999       81             0.089666        0.129305        0.102358
1990-1999       82             0.100306        0.141796        0.113276
1990-1999       83             0.112566        0.153844        0.125134
1990-1999       84             0.124928        0.167780        0.137627
1990-1999       85             0.137845        0.180433        0.150122
1990-1999       86             0.153806        0.196205        0.165679
1990-1999       87             0.171681        0.214895        0.183413
1990-1999       88             0.189293        0.229067        0.199767
1990-1999       89             0.208449        0.251343        0.219371
1990-1999       90             0.231827        0.271826        0.241671
1990-1999       91             0.253275        0.290498        0.262099
1990-1999       92             0.280519        0.314522        0.288316
1990-1999       93             0.302667        0.335790        0.310023
1990-1999       94             0.327022        0.366502        0.335516
1990-1999       95             0.351634        0.376299        0.356792
1990-1999       96             0.374706        0.384106        0.376642
1990-1999       97             0.398426        0.434210        0.405767
1990-1999       98             0.384730        0.376601        0.383045
1990-1999       99             0.408218        0.420657        0.410854
1990-1999      100             0.599856        0.601984        0.600309
1990-1999      101             0.483479        0.459482        0.478063
1990-1999      102             0.510179        0.465341        0.499131
1990-1999      103             0.499559        0.446104        0.485841
1990-1999      104             0.423679        0.404324        0.418515
1990-1999      105             0.480839        0.400262        0.458092
1990-1999      106             0.381745        0.401734        0.387222
1990-1999      107             0.411787        0.217787        0.356676
1990-1999      108             0.427218        0.358808        0.405276
1990-1999      109             0.472042        0.336852        0.426274
1990-1999      110+            0.814687        0.965295        0.853076
2000-2009        0             0.005904        0.007155        0.006546
2000-2009        1             0.000382        0.000489        0.000437
2000-2009        2             0.000225        0.000284        0.000256
2000-2009        3             0.000184        0.000217        0.000201
2000-2009        4             0.000167        0.000211        0.000190
2000-2009        5             0.000135        0.000200        0.000169
2000-2009        6             0.000138        0.000176        0.000158
2000-2009        7             0.000129        0.000182        0.000156
2000-2009        8             0.000133        0.000183        0.000158
2000-2009        9             0.000122        0.000176        0.000150
2000-2009       10             0.000132        0.000184        0.000159
2000-2009       11             0.000119        0.000183        0.000152
2000-2009       12             0.000145        0.000195        0.000170
2000-2009       13             0.000146        0.000237        0.000193
2000-2009       14             0.000181        0.000291        0.000237
2000-2009       15             0.000204        0.000372        0.000290
2000-2009       16             0.000272        0.000486        0.000381
2000-2009       17             0.000273        0.000668        0.000475
2000-2009       18             0.000304        0.000926        0.000621
2000-2009       19             0.000279        0.001002        0.000648
2000-2009       20             0.000288        0.001078        0.000690
2000-2009       21             0.000265        0.001109        0.000694
2000-2009       22             0.000267        0.001170        0.000725
2000-2009       23             0.000277        0.001143        0.000717
2000-2009       24             0.000280        0.001121        0.000707
2000-2009       25             0.000281        0.001181        0.000738
2000-2009       26             0.000289        0.001160        0.000731
2000-2009       27             0.000313        0.001221        0.000774
2000-2009       28             0.000340        0.001247        0.000801
2000-2009       29             0.000387        0.001352        0.000877
2000-2009       30             0.000402        0.001465        0.000942
2000-2009       31             0.000432        0.001508        0.000978
2000-2009       32             0.000474        0.001664        0.001078
2000-2009       33             0.000504        0.001799        0.001161
2000-2009       34             0.000558        0.001963        0.001271
2000-2009       35             0.000641        0.002167        0.001415
2000-2009       36             0.000743        0.002322        0.001544
2000-2009       37             0.000752        0.002631        0.001704
2000-2009       38             0.000890        0.002849        0.001882
2000-2009       39             0.001035        0.003198        0.002130
2000-2009       40             0.001135        0.003502        0.002331
2000-2009       41             0.001315        0.003966        0.002652
2000-2009       42             0.001428        0.004273        0.002861
2000-2009       43             0.001709        0.004651        0.003188
2000-2009       44             0.001885        0.005280        0.003588
2000-2009       45             0.002114        0.005869        0.003993
2000-2009       46             0.002333        0.006392        0.004358
2000-2009       47             0.002556        0.007103        0.004817
2000-2009       48             0.002875        0.007691        0.005262
2000-2009       49             0.003159        0.008541        0.005817
2000-2009       50             0.003467        0.009374        0.006374
2000-2009       51             0.003879        0.010077        0.006917
2000-2009       52             0.004101        0.010852        0.007396
2000-2009       53             0.004502        0.011912        0.008101
2000-2009       54             0.004883        0.012812        0.008713
2000-2009       55             0.005291        0.013857        0.009405
2000-2009       56             0.005891        0.014915        0.010199
2000-2009       57             0.006243        0.016135        0.010936
2000-2009       58             0.006712        0.017221        0.011666
2000-2009       59             0.007343        0.018566        0.012595
2000-2009       60             0.007825        0.020363        0.013643
2000-2009       61             0.008509        0.021721        0.014583
2000-2009       62             0.009096        0.023373        0.015592
2000-2009       63             0.009806        0.025035        0.016661
2000-2009       64             0.010675        0.027185        0.018027
2000-2009       65             0.011584        0.029554        0.019501
2000-2009       66             0.012812        0.031262        0.020849
2000-2009       67             0.013938        0.033973        0.022560
2000-2009       68             0.015160        0.036390        0.024177
2000-2009       69             0.016993        0.038995        0.026215
2000-2009       70             0.018955        0.042342        0.028616
2000-2009       71             0.021052        0.045387        0.030941
2000-2009       72             0.023429        0.049718        0.033912
2000-2009       73             0.026331        0.053238        0.036829
2000-2009       74             0.029483        0.057501        0.040151
2000-2009       75             0.033136        0.062766        0.044121
2000-2009       76             0.037355        0.067797        0.048337
2000-2009       77             0.042299        0.073341        0.053190
2000-2009       78             0.047846        0.080751        0.059068
2000-2009       79             0.054301        0.088048        0.065489
2000-2009       80             0.061365        0.095288        0.072350
2000-2009       81             0.069002        0.103627        0.079876
2000-2009       82             0.078327        0.113346        0.089006
2000-2009       83             0.087860        0.124766        0.098827
2000-2009       84             0.098533        0.135704        0.109306
2000-2009       85             0.110813        0.149582        0.121785
2000-2009       86             0.126140        0.164104        0.136633
2000-2009       87             0.140832        0.180974        0.151655
2000-2009       88             0.157364        0.197672        0.167953
2000-2009       89             0.176296        0.216257        0.186481
2000-2009       90             0.194976        0.232268        0.204204
2000-2009       91             0.216048        0.253208        0.225012
2000-2009       92             0.236775        0.274819        0.245714
2000-2009       93             0.262558        0.302666        0.271727
2000-2009       94             0.290291        0.322405        0.297443
2000-2009       95             0.312634        0.348804        0.320529
2000-2009       96             0.340141        0.367961        0.346077
2000-2009       97             0.356869        0.394134        0.364629
2000-2009       98             0.394659        0.401115        0.395989
2000-2009       99             0.412928        0.431976        0.416826
2000-2009      100             0.407176        0.379009        0.401460
2000-2009      101             0.448700        0.453585        0.449700
2000-2009      102             0.452383        0.427506        0.447364
2000-2009      103             0.512592        0.407671        0.490116
2000-2009      104             0.580506        0.483224        0.557302
2000-2009      105             0.501438        0.401732        0.474190
2000-2009      106             0.563142        0.528460        0.552777
2000-2009      107             0.414502        0.294562        0.380375
2000-2009      108             0.425040        0.333839        0.396014
2000-2009      109             0.503145        0.300021        0.432470
2000-2009      110+            1.012052        1.066123        1.033359
2010-2019        0             0.003927        0.004677        0.004313
2010-2019        1             0.000256        0.000296        0.000276
2010-2019        2             0.000151        0.000187        0.000169
2010-2019        3             0.000121        0.000159        0.000141
2010-2019        4             0.000101        0.000125        0.000114
2010-2019        5             0.000103        0.000112        0.000108
2010-2019        6             0.000081        0.000109        0.000095
2010-2019        7             0.000082        0.000101        0.000091
2010-2019        8             0.000088        0.000109        0.000099
2010-2019        9             0.000086        0.000114        0.000100
2010-2019       10             0.000088        0.000112        0.000101
2010-2019       11             0.000092        0.000116        0.000104
2010-2019       12             0.000098        0.000133        0.000116
2010-2019       13             0.000127        0.000167        0.000148
2010-2019       14             0.000168        0.000212        0.000191
2010-2019       15             0.000177        0.000272        0.000226
2010-2019       16             0.000193        0.000401        0.000300
2010-2019       17             0.000211        0.000499        0.000358
2010-2019       18             0.000264        0.000767        0.000521
2010-2019       19             0.000261        0.000877        0.000576
2010-2019       20             0.000234        0.000935        0.000592
2010-2019       21             0.000233        0.000943        0.000595
2010-2019       22             0.000219        0.000961        0.000597
2010-2019       23             0.000233        0.000965        0.000606
2010-2019       24             0.000239        0.000994        0.000623
2010-2019       25             0.000234        0.001027        0.000637
2010-2019       26             0.000232        0.001031        0.000638
2010-2019       27             0.000253        0.001075        0.000671
2010-2019       28             0.000287        0.001099        0.000699
2010-2019       29             0.000308        0.001155        0.000738
2010-2019       30             0.000321        0.001223        0.000779
2010-2019       31             0.000347        0.001314        0.000837
2010-2019       32             0.000382        0.001412        0.000904
2010-2019       33             0.000401        0.001455        0.000936
2010-2019       34             0.000460        0.001608        0.001042
2010-2019       35             0.000495        0.001743        0.001127
2010-2019       36             0.000580        0.001854        0.001226
2010-2019       37             0.000644        0.002035        0.001348
2010-2019       38             0.000702        0.002256        0.001489
2010-2019       39             0.000784        0.002405        0.001604
2010-2019       40             0.000884        0.002647        0.001776
2010-2019       41             0.000932        0.002953        0.001953
2010-2019       42             0.001090        0.003224        0.002167
2010-2019       43             0.001210        0.003583        0.002406
2010-2019       44             0.001392        0.003909        0.002659
2010-2019       45             0.001497        0.004343        0.002929
2010-2019       46             0.001665        0.004750        0.003214
2010-2019       47             0.001919        0.005302        0.003614
2010-2019       48             0.002190        0.005771        0.003981
2010-2019       49             0.002400        0.006440        0.004415
2010-2019       50             0.002745        0.007269        0.004995
2010-2019       51             0.002965        0.007930        0.005426
2010-2019       52             0.003299        0.008585        0.005909
2010-2019       53             0.003617        0.009496        0.006509
2010-2019       54             0.004030        0.010542        0.007219
2010-2019       55             0.004386        0.011541        0.007872
2010-2019       56             0.004881        0.012487        0.008567
2010-2019       57             0.005343        0.013477        0.009262
2010-2019       58             0.005799        0.014523        0.009976
2010-2019       59             0.006409        0.015982        0.010963
2010-2019       60             0.007100        0.017333        0.011934
2010-2019       61             0.007782        0.018709        0.012906
2010-2019       62             0.008375        0.019970        0.013771
2010-2019       63             0.009178        0.021574        0.014899
2010-2019       64             0.009746        0.023172        0.015884
2010-2019       65             0.010652        0.025206        0.017240
2010-2019       66             0.011673        0.027458        0.018742
2010-2019       67             0.012572        0.029038        0.019862
2010-2019       68             0.013713        0.030694        0.021144
2010-2019       69             0.014675        0.032373        0.022318
2010-2019       70             0.016163        0.034968        0.024165
2010-2019       71             0.017711        0.037468        0.025982
2010-2019       72             0.019412        0.040404        0.028047
2010-2019       73             0.021132        0.043314        0.030090
2010-2019       74             0.023354        0.047081        0.032759
2010-2019       75             0.025905        0.050914        0.035633
2010-2019       76             0.029108        0.055070        0.039012
2010-2019       77             0.031996        0.060317        0.042576
2010-2019       78             0.036383        0.064883        0.046800
2010-2019       79             0.041337        0.071619        0.052159
2010-2019       80             0.046977        0.078031        0.057817
2010-2019       81             0.053895        0.085498        0.064669
2010-2019       82             0.061232        0.093535        0.071958
2010-2019       83             0.069357        0.102517        0.080044
2010-2019       84             0.078920        0.112704        0.089459
2010-2019       85             0.090572        0.122593        0.100229
2010-2019       86             0.102854        0.136103        0.112544
2010-2019       87             0.116609        0.152341        0.126663
2010-2019       88             0.131560        0.166407        0.141000
2010-2019       89             0.148766        0.182936        0.157705
2010-2019       90             0.167142        0.199670        0.175348
2010-2019       91             0.186131        0.220466        0.194451
2010-2019       92             0.208030        0.242873        0.216153
2010-2019       93             0.229928        0.270438        0.239049
2010-2019       94             0.253563        0.295974        0.262773
2010-2019       95             0.279683        0.321706        0.288488
2010-2019       96             0.306566        0.352503        0.315873
2010-2019       97             0.335135        0.379586        0.343837
2010-2019       98             0.360610        0.408530        0.369691
2010-2019       99             0.380362        0.426667        0.388856
2010-2019      100             0.389837        0.429324        0.396802
2010-2019      101             0.433624        0.479123        0.441566
2010-2019      102             0.472944        0.486585        0.475305
2010-2019      103             0.510191        0.504037        0.509105
2010-2019      104             0.554790        0.570079        0.557585
2010-2019      105             0.564887        0.520895        0.556548
2010-2019      106             0.571470        0.582629        0.573700
2010-2019      107             0.570865        0.471286        0.547883
2010-2019      108             0.577062        0.509618        0.558840
2010-2019      109             0.626196        0.750072        0.659105
2010-2019      110+            1.134688        1.089538        1.122092
