Switzerland, Life tables (period 5x10), Females	Last modified: 09 Aug 2023;  Methods Protocol: v6 (2017)

  Year          Age         mx       qx    ax      lx      dx      Lx       Tx     ex
1876-1879        0      0.21672  0.18867  0.31  100000   18867   87059  4217115  42.17
1876-1879      1-4      0.02201  0.08332  1.44   81133    6760  307211  4130055  50.90
1876-1879      5-9      0.00625  0.03072  2.15   74373    2284  365343  3822845  51.40
1876-1879     10-14     0.00418  0.02066  2.49   72088    1489  356696  3457502  47.96
1876-1879     15-19     0.00591  0.02916  2.63   70599    2059  348108  3100806  43.92
1876-1879     20-24     0.00726  0.03568  2.59   68540    2446  336817  2752698  40.16
1876-1879     25-29     0.00867  0.04245  2.51   66094    2806  323497  2415881  36.55
1876-1879     30-34     0.00979  0.04783  2.60   63289    3027  309171  2092384  33.06
1876-1879     35-39     0.01119  0.05445  2.52   60262    3281  293165  1783213  29.59
1876-1879     40-44     0.01143  0.05556  2.49   56980    3166  276955  1490048  26.15
1876-1879     45-49     0.01332  0.06450  2.56   53814    3471  260590  1213094  22.54
1876-1879     50-54     0.01856  0.08891  2.64   50343    4476  241162   952503  18.92
1876-1879     55-59     0.02653  0.12464  2.58   45867    5717  215518   711342  15.51
1876-1879     60-64     0.04064  0.18538  2.63   40150    7443  183129   495824  12.35
1876-1879     65-69     0.06539  0.28175  2.55   32707    9215  140923   312695   9.56
1876-1879     70-74     0.10316  0.40845  2.45   23492    9595   93012   171772   7.31
1876-1879     75-79     0.14074  0.51029  2.31   13897    7091   50387    78760   5.67
1876-1879     80-84     0.21216  0.66756  2.22    6805    4543   21413    28373   4.17
1876-1879     85-89     0.30535  0.80423  2.06    2262    1819    5959     6960   3.08
1876-1879     90-94     0.43241  0.89791  1.74     443     398     920     1002   2.26
1876-1879     95-99     0.54690  0.94752  1.55      45      43      78       82   1.81
1876-1879    100-104    0.66654  0.97308  1.36       2       2       3        4   1.49
1876-1879    105-109    0.76890  0.98481  1.22       0       0       0        0   1.30
1876-1879    110+       0.83952  1.00000  1.19       0       0       0        0   1.19
1880-1889        0      0.17041  0.15258  0.31  100000   15258   89535  4552740  45.53
1880-1889      1-4      0.01863  0.07115  1.44   84742    6029  323561  4463205  52.67
1880-1889      5-9      0.00543  0.02674  2.17   78713    2105  387617  4139644  52.59
1880-1889     10-14     0.00341  0.01693  2.53   76608    1297  379840  3752027  48.98
1880-1889     15-19     0.00550  0.02712  2.61   75311    2043  371664  3372187  44.78
1880-1889     20-24     0.00706  0.03468  2.56   73268    2541  360140  3000523  40.95
1880-1889     25-29     0.00796  0.03905  2.55   70727    2762  346864  2640383  37.33
1880-1889     30-34     0.00908  0.04441  2.53   67965    3019  332366  2293519  33.75
1880-1889     35-39     0.01037  0.05054  2.51   64946    3282  316568  1961153  30.20
1880-1889     40-44     0.01126  0.05475  2.49   61664    3376  299841  1644585  26.67
1880-1889     45-49     0.01274  0.06178  2.56   58288    3601  282662  1344744  23.07
1880-1889     50-54     0.01727  0.08290  2.60   54687    4534  262535  1062082  19.42
1880-1889     55-59     0.02509  0.11843  2.63   50153    5939  236705   799547  15.94
1880-1889     60-64     0.03912  0.17864  2.57   44214    7898  201893   562842  12.73
1880-1889     65-69     0.06008  0.26215  2.57   36315    9520  158461   360948   9.94
1880-1889     70-74     0.09382  0.38008  2.50   26795   10184  108549   202488   7.56
1880-1889     75-79     0.14447  0.52354  2.37   16611    8696   60196    93938   5.66
1880-1889     80-84     0.20829  0.65945  2.22    7914    5219   25058    33743   4.26
1880-1889     85-89     0.29219  0.77922  2.01    2695    2100    7188     8685   3.22
1880-1889     90-94     0.38463  0.86855  1.84     595     517    1344     1497   2.52
1880-1889     95-99     0.50278  0.93190  1.62      78      73     145      154   1.96
1880-1889    100-104    0.61326  0.96317  1.44       5       5       8        9   1.62
1880-1889    105-109    0.71391  0.97902  1.29       0       0       0        0   1.40
1880-1889    110+       0.78771  1.00000  1.27       0       0       0        0   1.27
1890-1899        0      0.14831  0.13462  0.31  100000   13462   90767  4859175  48.59
1890-1899      1-4      0.01426  0.05502  1.42   86538    4761  333890  4768408  55.10
1890-1899      5-9      0.00444  0.02193  2.19   81777    1793  403847  4434518  54.23
1890-1899     10-14     0.00320  0.01586  2.56   79984    1269  396826  4030671  50.39
1890-1899     15-19     0.00507  0.02503  2.63   78716    1970  388905  3633845  46.16
1890-1899     20-24     0.00604  0.02976  2.57   76745    2284  378172  3244940  42.28
1890-1899     25-29     0.00702  0.03451  2.56   74461    2570  366035  2866768  38.50
1890-1899     30-34     0.00780  0.03826  2.55   71891    2751  352728  2500733  34.78
1890-1899     35-39     0.00886  0.04337  2.53   69141    2999  338292  2148005  31.07
1890-1899     40-44     0.00973  0.04753  2.53   66142    3144  322959  1809713  27.36
1890-1899     45-49     0.01166  0.05668  2.58   62998    3571  306362  1486754  23.60
1890-1899     50-54     0.01619  0.07792  2.61   59427    4630  286089  1180392  19.86
1890-1899     55-59     0.02359  0.11169  2.62   54797    6120  259445   894303  16.32
1890-1899     60-64     0.03682  0.16912  2.60   48676    8232  223602   634858  13.04
1890-1899     65-69     0.05790  0.25384  2.57   40444   10267  177308   411256  10.17
1890-1899     70-74     0.09031  0.36779  2.48   30178   11099  122897   233948   7.75
1890-1899     75-79     0.13742  0.50514  2.38   19079    9638   70134   111051   5.82
1890-1899     80-84     0.20370  0.65130  2.23    9441    6149   30187    40917   4.33
1890-1899     85-89     0.28597  0.77347  2.03    3292    2546    8904    10730   3.26
1890-1899     90-94     0.39736  0.87623  1.81     746     653    1645     1826   2.45
1890-1899     95-99     0.50308  0.93221  1.62      92      86     171      181   1.96
1890-1899    100-104    0.61603  0.96385  1.44       6       6      10       10   1.61
1890-1899    105-109    0.71848  0.97961  1.29       0       0       0        0   1.39
1890-1899    110+       0.79312  1.00000  1.26       0       0       0        0   1.26
1900-1909        0      0.12544  0.11550  0.31  100000   11550   92078  5161827  51.62
1900-1909      1-4      0.01122  0.04357  1.34   88450    3854  343555  5069749  57.32
1900-1909      5-9      0.00332  0.01644  2.25   84596    1391  419162  4726194  55.87
1900-1909     10-14     0.00259  0.01290  2.66   83205    1073  413517  4307033  51.76
1900-1909     15-19     0.00473  0.02340  2.64   82132    1922  406132  3893516  47.41
1900-1909     20-24     0.00577  0.02847  2.56   80210    2284  395489  3487384  43.48
1900-1909     25-29     0.00637  0.03137  2.51   77926    2445  383547  3091896  39.68
1900-1909     30-34     0.00693  0.03405  2.53   75482    2570  371053  2708348  35.88
1900-1909     35-39     0.00775  0.03802  2.53   72912    2772  357725  2337295  32.06
1900-1909     40-44     0.00874  0.04275  2.49   70140    2999  343174  1979571  28.22
1900-1909     45-49     0.01034  0.05044  2.59   67141    3386  327544  1636397  24.37
1900-1909     50-54     0.01448  0.06997  2.61   63754    4461  308132  1308853  20.53
1900-1909     55-59     0.02191  0.10419  2.65   59293    6178  281933  1000721  16.88
1900-1909     60-64     0.03396  0.15713  2.62   53116    8346  245755   718787  13.53
1900-1909     65-69     0.05419  0.23934  2.56   44770   10715  197747   473033  10.57
1900-1909     70-74     0.08390  0.34709  2.51   34054   11820  140873   275286   8.08
1900-1909     75-79     0.13079  0.48813  2.40   22235   10853   82982   134413   6.05
1900-1909     80-84     0.19193  0.63022  2.28   11381    7173   37370    51431   4.52
1900-1909     85-89     0.27631  0.76570  2.09    4208    3222   11662    14061   3.34
1900-1909     90-94     0.39946  0.87630  1.80     986     864    2163     2399   2.43
1900-1909     95-99     0.51068  0.93567  1.61     122     114     223      236   1.93
1900-1909    100-104    0.63171  0.96724  1.41       8       8      12       12   1.58
1900-1909    105-109    0.73909  0.98202  1.26       0       0       0        0   1.35
1900-1909    110+       0.81521  1.00000  1.23       0       0       0        0   1.23
1910-1919        0      0.08808  0.08306  0.31  100000    8306   94303  5530507  55.31
1910-1919      1-4      0.00818  0.03204  1.39   91694    2938  359100  5436204  59.29
1910-1919      5-9      0.00271  0.01343  2.28   88756    1192  440533  5077104  57.20
1910-1919     10-14     0.00229  0.01140  2.65   87564     999  435473  4636571  52.95
1910-1919     15-19     0.00431  0.02134  2.70   86565    1847  428570  4201098  48.53
1910-1919     20-24     0.00554  0.02731  2.55   84718    2313  417930  3772528  44.53
1910-1919     25-29     0.00617  0.03037  2.52   82404    2503  405814  3354597  40.71
1910-1919     30-34     0.00670  0.03293  2.50   79902    2631  392919  2948784  36.91
1910-1919     35-39     0.00700  0.03439  2.54   77271    2658  379803  2555864  33.08
1910-1919     40-44     0.00777  0.03811  2.53   74613    2844  366037  2176062  29.16
1910-1919     45-49     0.00959  0.04688  2.58   71769    3364  350702  1810025  25.22
1910-1919     50-54     0.01328  0.06437  2.61   68405    4403  331498  1459322  21.33
1910-1919     55-59     0.01925  0.09205  2.64   64001    5891  306074  1127824  17.62
1910-1919     60-64     0.03013  0.14059  2.63   58110    8170  271180   821750  14.14
1910-1919     65-69     0.04951  0.22139  2.61   49940   11056  223324   550571  11.02
1910-1919     70-74     0.07955  0.33218  2.52   38884   12917  162376   327246   8.42
1910-1919     75-79     0.12078  0.46024  2.42   25967   11951   98949   164870   6.35
1910-1919     80-84     0.18207  0.61074  2.31   14016    8560   47015    65921   4.70
1910-1919     85-89     0.26621  0.75336  2.12    5456    4110   15440    18906   3.47
1910-1919     90-94     0.37473  0.86483  1.89    1346    1164    3106     3466   2.58
1910-1919     95-99     0.49787  0.93100  1.64     182     169     340      360   1.98
1910-1919    100-104    0.62071  0.96522  1.43      13      12      20       20   1.60
1910-1919    105-109    0.73077  0.98119  1.27       0       0       1        1   1.37
1910-1919    110+       0.80920  1.00000  1.24       0       0       0        0   1.24
1920-1929        0      0.05731  0.05501  0.27  100000    5501   95979  6065378  60.65
1920-1929      1-4      0.00542  0.02137  1.45   94499    2020  372847  5969399  63.17
1920-1929      5-9      0.00199  0.00990  2.25   92480     916  459880  5596551  60.52
1920-1929     10-14     0.00156  0.00778  2.63   91564     712  456134  5136671  56.10
1920-1929     15-19     0.00292  0.01452  2.72   90852    1319  451251  4680538  51.52
1920-1929     20-24     0.00387  0.01918  2.56   89533    1718  443465  4229286  47.24
1920-1929     25-29     0.00426  0.02106  2.51   87815    1849  434464  3785821  43.11
1920-1929     30-34     0.00440  0.02175  2.53   85966    1870  425211  3351357  38.98
1920-1929     35-39     0.00506  0.02500  2.57   84096    2102  415363  2926146  34.80
1920-1929     40-44     0.00598  0.02948  2.55   81994    2417  404056  2510783  30.62
1920-1929     45-49     0.00779  0.03825  2.63   79577    3044  390679  2106727  26.47
1920-1929     50-54     0.01126  0.05481  2.62   76533    4195  372681  1716048  22.42
1920-1929     55-59     0.01662  0.07997  2.64   72338    5785  348039  1343367  18.57
1920-1929     60-64     0.02626  0.12360  2.63   66553    8226  313293   995328  14.96
1920-1929     65-69     0.04282  0.19418  2.60   58327   11326  264479   682035  11.69
1920-1929     70-74     0.07019  0.29924  2.54   47001   14065  200387   417556   8.88
1920-1929     75-79     0.11407  0.44186  2.45   32937   14553  127580   217169   6.59
1920-1929     80-84     0.17366  0.59324  2.33   18383   10906   62801    89589   4.87
1920-1929     85-89     0.25470  0.73662  2.14    7478    5508   21626    26788   3.58
1920-1929     90-94     0.36795  0.86155  1.91    1969    1697    4611     5163   2.62
1920-1929     95-99     0.48730  0.92693  1.66     273     253     519      551   2.02
1920-1929    100-104    0.61191  0.96353  1.44      20      19      31       32   1.62
1920-1929    105-109    0.72443  0.98054  1.28       1       1       1        1   1.38
1920-1929    110+       0.80489  1.00000  1.24       0       0       0        0   1.24
1930-1939        0      0.04250  0.04112  0.21  100000    4112   96758  6449186  64.49
1930-1939      1-4      0.00367  0.01455  1.51   95888    1395  380072  6352428  66.25
1930-1939      5-9      0.00146  0.00730  2.29   94493     689  470597  5972356  63.20
1930-1939     10-14     0.00115  0.00572  2.58   93804     537  467720  5501759  58.65
1930-1939     15-19     0.00198  0.00987  2.72   93267     921  464234  5034039  53.97
1930-1939     20-24     0.00291  0.01447  2.60   92346    1336  458526  4569806  49.49
1930-1939     25-29     0.00315  0.01560  2.49   91010    1420  451480  4111279  45.17
1930-1939     30-34     0.00335  0.01661  2.52   89590    1488  444254  3659799  40.85
1930-1939     35-39     0.00373  0.01850  2.56   88102    1630  436530  3215545  36.50
1930-1939     40-44     0.00462  0.02282  2.58   86472    1974  427583  2779016  32.14
1930-1939     45-49     0.00637  0.03138  2.63   84499    2652  416198  2351433  27.83
1930-1939     50-54     0.00937  0.04581  2.62   81847    3749  400319  1935234  23.64
1930-1939     55-59     0.01414  0.06841  2.65   78098    5343  377926  1534915  19.65
1930-1939     60-64     0.02212  0.10514  2.66   72755    7649  345857  1156990  15.90
1930-1939     65-69     0.03742  0.17198  2.65   65106   11197  299230   811133  12.46
1930-1939     70-74     0.06240  0.27089  2.57   53909   14603  234013   511903   9.50
1930-1939     75-79     0.10112  0.40316  2.49   39305   15846  156716   277889   7.07
1930-1939     80-84     0.15913  0.56126  2.38   23459   13166   82738   121174   5.17
1930-1939     85-89     0.24302  0.72054  2.18   10292    7416   30516    38435   3.73
1930-1939     90-94     0.34619  0.83866  1.93    2876    2412    6968     7919   2.75
1930-1939     95-99     0.47977  0.92430  1.67     464     429     894      951   2.05
1930-1939    100-104    0.61039  0.96349  1.45      35      34      55       57   1.63
1930-1939    105-109    0.72803  0.98106  1.28       1       1       2        2   1.37
1930-1939    110+       0.81126  1.00000  1.23       0       0       0        0   1.23
1940-1949        0      0.03585  0.03484  0.19  100000    3484   97164  6788073  67.88
1940-1949      1-4      0.00258  0.01027  1.54   96516     991  383630  6690909  69.32
1940-1949      5-9      0.00104  0.00518  2.36   95525     495  476318  6307279  66.03
1940-1949     10-14     0.00082  0.00411  2.60   95030     391  474216  5830960  61.36
1940-1949     15-19     0.00128  0.00637  2.70   94640     603  471813  5356744  56.60
1940-1949     20-24     0.00173  0.00862  2.59   94037     810  468232  4884931  51.95
1940-1949     25-29     0.00213  0.01061  2.52   93227     989  463678  4416698  47.38
1940-1949     30-34     0.00228  0.01134  2.55   92237    1046  458619  3953021  42.86
1940-1949     35-39     0.00271  0.01348  2.53   91191    1229  452921  3494402  38.32
1940-1949     40-44     0.00348  0.01728  2.63   89962    1554  446120  3041481  33.81
1940-1949     45-49     0.00488  0.02413  2.65   88408    2133  437033  2595361  29.36
1940-1949     50-54     0.00756  0.03715  2.62   86274    3205  423745  2158328  25.02
1940-1949     55-59     0.01133  0.05518  2.67   83069    4584  404646  1734583  20.88
1940-1949     60-64     0.01844  0.08839  2.67   78485    6937  376238  1329937  16.95
1940-1949     65-69     0.03116  0.14510  2.63   71548   10381  333171   953698  13.33
1940-1949     70-74     0.05401  0.23918  2.61   61167   14630  270892   620528  10.14
1940-1949     75-79     0.09077  0.37077  2.53   46537   17254  190087   349636   7.51
1940-1949     80-84     0.14690  0.53199  2.41   29282   15578  106046   159549   5.45
1940-1949     85-89     0.22878  0.69853  2.21   13704    9573   41844    53504   3.90
1940-1949     90-94     0.33608  0.82691  1.93    4131    3416   10165    11660   2.82
1940-1949     95-99     0.46962  0.92027  1.70     715     658    1401     1495   2.09
1940-1949    100-104    0.60481  0.96254  1.46      57      55      91       94   1.64
1940-1949    105-109    0.72694  0.98104  1.28       2       2       3        3   1.37
1940-1949    110+       0.81294  1.00000  1.23       0       0       0        0   1.23
1950-1959        0      0.02328  0.02282  0.14  100000    2282   98031  7245696  72.46
1950-1959      1-4      0.00136  0.00542  1.55   97718     529  389574  7147666  73.15
1950-1959      5-9      0.00048  0.00240  2.27   97188     233  485306  6758092  69.54
1950-1959     10-14     0.00036  0.00181  2.59   96955     175  484353  6272785  64.70
1950-1959     15-19     0.00050  0.00250  2.75   96780     242  483354  5788432  59.81
1950-1959     20-24     0.00064  0.00321  2.54   96538     310  481927  5305078  54.95
1950-1959     25-29     0.00088  0.00438  2.55   96228     421  480107  4823151  50.12
1950-1959     30-34     0.00118  0.00586  2.62   95806     561  477696  4343045  45.33
1950-1959     35-39     0.00157  0.00780  2.67   95245     743  474496  3865349  40.58
1950-1959     40-44     0.00233  0.01157  2.67   94502    1093  469962  3390853  35.88
1950-1959     45-49     0.00367  0.01820  2.70   93409    1700  463133  2920890  31.27
1950-1959     50-54     0.00569  0.02807  2.68   91709    2574  452572  2457757  26.80
1950-1959     55-59     0.00888  0.04348  2.67   89135    3876  436660  2005185  22.50
1950-1959     60-64     0.01448  0.07006  2.68   85259    5973  412437  1568525  18.40
1950-1959     65-69     0.02476  0.11707  2.68   79286    9282  374927  1156088  14.58
1950-1959     70-74     0.04327  0.19636  2.65   70004   13746  317665   781161  11.16
1950-1959     75-79     0.07656  0.32266  2.57   56259   18152  237114   463496   8.24
1950-1959     80-84     0.12897  0.48500  2.44   38106   18481  143302   226382   5.94
1950-1959     85-89     0.20700  0.65930  2.25   19625   12939   62507    83080   4.23
1950-1959     90-94     0.30441  0.80215  2.05    6686    5363   17619    20573   3.08
1950-1959     95-99     0.43729  0.90460  1.76    1323    1197    2736     2955   2.23
1950-1959    100-104    0.57401  0.95557  1.51     126     121     210      218   1.73
1950-1959    105-109    0.70155  0.97819  1.31       6       5       8        8   1.42
1950-1959    110+       0.79335  1.00000  1.26       0       0       0        0   1.26
1960-1969        0      0.01654  0.01631  0.12  100000    1631   98557  7495435  74.95
1960-1969      1-4      0.00091  0.00362  1.63   98369     356  392635  7396878  75.19
1960-1969      5-9      0.00038  0.00192  2.09   98013     188  489520  7004243  71.46
1960-1969     10-14     0.00027  0.00133  2.51   97825     130  488804  6514723  66.60
1960-1969     15-19     0.00040  0.00199  2.69   97695     194  488029  6025919  61.68
1960-1969     20-24     0.00050  0.00250  2.48   97501     244  486893  5537890  56.80
1960-1969     25-29     0.00060  0.00300  2.56   97258     292  485576  5050996  51.93
1960-1969     30-34     0.00076  0.00378  2.58   96966     366  483943  4565420  47.08
1960-1969     35-39     0.00115  0.00573  2.62   96599     554  481676  4081477  42.25
1960-1969     40-44     0.00179  0.00890  2.66   96046     855  478223  3599801  37.48
1960-1969     45-49     0.00285  0.01414  2.72   95190    1346  472877  3121579  32.79
1960-1969     50-54     0.00452  0.02237  2.69   93844    2099  464381  2648701  28.22
1960-1969     55-59     0.00709  0.03488  2.68   91745    3200  451303  2184320  23.81
1960-1969     60-64     0.01177  0.05727  2.67   88546    5071  430925  1733017  19.57
1960-1969     65-69     0.02033  0.09711  2.69   83475    8106  398674  1302092  15.60
1960-1969     70-74     0.03611  0.16650  2.66   75369   12549  347473   903418  11.99
1960-1969     75-79     0.06588  0.28452  2.61   62820   17874  271302   555945   8.85
1960-1969     80-84     0.11581  0.44837  2.48   44946   20152  174018   284643   6.33
1960-1969     85-89     0.19159  0.63243  2.31   24794   15680   81843   110625   4.46
1960-1969     90-94     0.29488  0.79150  2.07    9114    7213   24462    28782   3.16
1960-1969     95-99     0.42854  0.90053  1.78    1900    1711    3993     4320   2.27
1960-1969    100-104    0.57219  0.95550  1.51     189     181     316      328   1.73
1960-1969    105-109    0.70609  0.97891  1.31       8       8      12       12   1.41
1960-1969    110+       0.80134  1.00000  1.25       0       0       0        0   1.25
1970-1979        0      0.01017  0.01008  0.13  100000    1008   99121  7760955  77.61
1970-1979      1-4      0.00060  0.00240  1.70   98992     238  395421  7661834  77.40
1970-1979      5-9      0.00033  0.00164  2.25   98754     162  493325  7266413  73.58
1970-1979     10-14     0.00023  0.00113  2.66   98592     112  492699  6773088  68.70
1970-1979     15-19     0.00045  0.00222  2.69   98481     219  491898  6280388  63.77
1970-1979     20-24     0.00047  0.00234  2.42   98262     229  490717  5788491  58.91
1970-1979     25-29     0.00049  0.00245  2.61   98032     241  489586  5297774  54.04
1970-1979     30-34     0.00065  0.00324  2.58   97791     317  488189  4808188  49.17
1970-1979     35-39     0.00094  0.00467  2.66   97474     455  486308  4320000  44.32
1970-1979     40-44     0.00146  0.00728  2.75   97019     706  483503  3833692  39.51
1970-1979     45-49     0.00242  0.01203  2.67   96312    1159  478864  3350189  34.78
1970-1979     50-54     0.00383  0.01900  2.69   95154    1808  471591  2871325  30.18
1970-1979     55-59     0.00575  0.02839  2.68   93346    2650  460574  2399733  25.71
1970-1979     60-64     0.00908  0.04447  2.69   90695    4033  444160  1939159  21.38
1970-1979     65-69     0.01539  0.07433  2.71   86662    6441  418559  1494999  17.25
1970-1979     70-74     0.02773  0.13032  2.69   80221   10455  376962  1076441  13.42
1970-1979     75-79     0.05136  0.22919  2.65   69766   15990  311321   699479  10.03
1970-1979     80-84     0.09300  0.37898  2.56   53777   20380  219150   388158   7.22
1970-1979     85-89     0.16101  0.56544  2.37   33396   18884  117278   169008   5.06
1970-1979     90-94     0.25319  0.73472  2.14   14513   10663   42114    51729   3.56
1970-1979     95-99     0.38608  0.87440  1.87    3850    3366    8720     9616   2.50
1970-1979    100-104    0.53319  0.94498  1.58     484     457     857      896   1.85
1970-1979    105-109    0.67625  0.97526  1.35      27      26      38       39   1.47
1970-1979    110+       0.78051  1.00000  1.28       1       1       1        1   1.28
1980-1989        0      0.00651  0.00647  0.14  100000     647   99440  7999331  79.99
1980-1989      1-4      0.00040  0.00159  1.55   99353     158  397024  7899891  79.51
1980-1989      5-9      0.00019  0.00094  2.39   99195      94  495730  7502866  75.64
1980-1989     10-14     0.00017  0.00085  2.59   99101      84  495304  7007136  70.71
1980-1989     15-19     0.00039  0.00195  2.73   99017     193  494648  6511832  65.76
1980-1989     20-24     0.00053  0.00262  2.51   98824     259  493475  6017184  60.89
1980-1989     25-29     0.00052  0.00261  2.50   98565     258  492179  5523709  56.04
1980-1989     30-34     0.00059  0.00294  2.69   98307     289  490867  5031530  51.18
1980-1989     35-39     0.00081  0.00406  2.65   98018     398  489152  4540664  46.32
1980-1989     40-44     0.00126  0.00626  2.69   97620     611  486685  4051512  41.50
1980-1989     45-49     0.00201  0.01001  2.69   97008     971  482800  3564827  36.75
1980-1989     50-54     0.00303  0.01503  2.65   96037    1443  476793  3082027  32.09
1980-1989     55-59     0.00471  0.02327  2.66   94594    2201  467816  2605234  27.54
1980-1989     60-64     0.00728  0.03580  2.67   92392    3307  454243  2137418  23.13
1980-1989     65-69     0.01197  0.05822  2.67   89085    5186  433325  1683174  18.89
1980-1989     70-74     0.02097  0.10003  2.70   83898    8392  400154  1249850  14.90
1980-1989     75-79     0.03894  0.17856  2.68   75506   13482  346223   849695  11.25
1980-1989     80-84     0.07486  0.31755  2.61   62024   19696  263084   503472   8.12
1980-1989     85-89     0.13341  0.49836  2.46   42328   21095  158117   240387   5.68
1980-1989     90-94     0.22776  0.69771  2.22   21234   14815   65045    82271   3.87
1980-1989     95-99     0.35544  0.85193  1.94    6419    5468   15385    17226   2.68
1980-1989    100-104    0.50867  0.93750  1.63     950     891    1752     1841   1.94
1980-1989    105-109    0.66192  0.97349  1.37      59      58      87       89   1.50
1980-1989    110+       0.77451  1.00000  1.29       2       2       2        2   1.29
1990-1999        0      0.00482  0.00480  0.14  100000     480   99587  8169010  81.69
1990-1999      1-4      0.00028  0.00113  1.50   99520     113  397799  8069423  81.08
1990-1999      5-9      0.00013  0.00064  2.53   99407      63  496880  7671624  77.17
1990-1999     10-14     0.00014  0.00071  2.62   99344      71  496552  7174744  72.22
1990-1999     15-19     0.00031  0.00157  2.77   99273     156  496021  6678192  67.27
1990-1999     20-24     0.00041  0.00203  2.63   99118     201  495112  6182171  62.37
1990-1999     25-29     0.00048  0.00238  2.61   98917     235  494020  5687059  57.49
1990-1999     30-34     0.00062  0.00308  2.52   98681     304  492652  5193039  52.62
1990-1999     35-39     0.00075  0.00375  2.59   98377     369  490997  4700387  47.78
1990-1999     40-44     0.00114  0.00570  2.71   98008     559  488760  4209390  42.95
1990-1999     45-49     0.00176  0.00877  2.70   97449     855  485282  3720630  38.18
1990-1999     50-54     0.00275  0.01367  2.66   96594    1320  479886  3235348  33.49
1990-1999     55-59     0.00399  0.01978  2.66   95274    1884  471958  2755462  28.92
1990-1999     60-64     0.00609  0.03003  2.67   93390    2805  460407  2283504  24.45
1990-1999     65-69     0.00993  0.04851  2.68   90585    4394  442744  1823097  20.13
1990-1999     70-74     0.01697  0.08164  2.69   86191    7036  414730  1380352  16.02
1990-1999     75-79     0.03115  0.14526  2.68   79155   11498  369126   965622  12.20
1990-1999     80-84     0.06109  0.26706  2.65   67657   18069  295761   596497   8.82
1990-1999     85-89     0.11818  0.45712  2.52   49588   22668  191801   300735   6.06
1990-1999     90-94     0.21374  0.67572  2.28   26920   18191   85107   108934   4.05
1990-1999     95-99     0.34772  0.84703  1.97    8730    7394   21265    23826   2.73
1990-1999    100-104    0.51375  0.94025  1.63    1335    1256    2444     2561   1.92
1990-1999    105-109    0.67895  0.97628  1.35      80      78     115      117   1.47
1990-1999    110+       0.79691  1.00000  1.25       2       2       2        2   1.25
2000-2009        0      0.00399  0.00398  0.14  100000     398   99658  8348582  83.49
2000-2009      1-4      0.00018  0.00073  1.57   99602      72  398232  8248924  82.82
2000-2009      5-9      0.00009  0.00044  2.30   99530      44  497529  7850692  78.88
2000-2009     10-14     0.00010  0.00049  2.92   99486      49  497326  7353163  73.91
2000-2009     15-19     0.00022  0.00112  2.78   99437     111  496937  6855837  68.95
2000-2009     20-24     0.00026  0.00131  2.52   99325     130  496305  6358900  64.02
2000-2009     25-29     0.00031  0.00153  2.55   99195     152  495606  5862596  59.10
2000-2009     30-34     0.00039  0.00193  2.63   99044     191  494765  5366989  54.19
2000-2009     35-39     0.00054  0.00271  2.63   98853     268  493629  4872224  49.29
2000-2009     40-44     0.00085  0.00427  2.67   98585     421  491943  4378595  44.41
2000-2009     45-49     0.00144  0.00716  2.73   98164     703  489222  3886652  39.59
2000-2009     50-54     0.00224  0.01112  2.71   97461    1084  484824  3397430  34.86
2000-2009     55-59     0.00354  0.01756  2.65   96377    1692  477912  2912605  30.22
2000-2009     60-64     0.00529  0.02615  2.64   94685    2476  467583  2434693  25.71
2000-2009     65-69     0.00809  0.03972  2.66   92209    3662  452481  1967110  21.33
2000-2009     70-74     0.01362  0.06601  2.70   88547    5845  429268  1514629  17.11
2000-2009     75-79     0.02474  0.11710  2.71   82702    9684  391360  1085361  13.12
2000-2009     80-84     0.05065  0.22678  2.69   73018   16559  326903   694002   9.50
2000-2009     85-89     0.10378  0.41401  2.56   56459   23375  225227   367098   6.50
2000-2009     90-94     0.19639  0.64405  2.33   33084   21308  108495   141871   4.29
2000-2009     95-99     0.33213  0.83412  2.02   11776    9823   29574    33376   2.83
2000-2009    100-104    0.50554  0.93811  1.65    1953    1833    3625     3802   1.95
2000-2009    105-109    0.68006  0.97670  1.35     121     118     174      177   1.47
2000-2009    110+       0.80361  1.00000  1.24       3       3       4        4   1.24
2010-2019        0      0.00351  0.00350  0.14  100000     350   99700  8500087  85.00
2010-2019      1-4      0.00012  0.00047  1.66   99650      47  398489  8400387  84.30
2010-2019      5-9      0.00007  0.00033  2.57   99603      33  497934  8001898  80.34
2010-2019     10-14     0.00008  0.00039  2.54   99570      39  497753  7503964  75.36
2010-2019     15-19     0.00014  0.00070  2.78   99531      69  497499  7006211  70.39
2010-2019     20-24     0.00016  0.00082  2.66   99461      82  497115  6508712  65.44
2010-2019     25-29     0.00021  0.00103  2.64   99379     102  496656  6011598  60.49
2010-2019     30-34     0.00027  0.00136  2.63   99277     135  496066  5514941  55.55
2010-2019     35-39     0.00039  0.00196  2.65   99142     194  495254  5018875  50.62
2010-2019     40-44     0.00064  0.00321  2.73   98948     317  494020  4523621  45.72
2010-2019     45-49     0.00109  0.00542  2.72   98631     534  491934  4029601  40.86
2010-2019     50-54     0.00177  0.00882  2.72   98096     866  488511  3537667  36.06
2010-2019     55-59     0.00288  0.01432  2.66   97231    1392  482889  3049156  31.36
2010-2019     60-64     0.00450  0.02226  2.67   95839    2133  474218  2566267  26.78
2010-2019     65-69     0.00718  0.03531  2.65   93705    3308  460762  2092049  22.33
2010-2019     70-74     0.01165  0.05674  2.69   90397    5129  440146  1631287  18.05
2010-2019     75-79     0.02059  0.09832  2.72   85268    8384  407184  1191141  13.97
2010-2019     80-84     0.04263  0.19429  2.72   76884   14937  350397   783958  10.20
2010-2019     85-89     0.08993  0.37029  2.62   61947   22938  255058   433561   7.00
2010-2019     90-94     0.17817  0.60815  2.39   39008   23723  133150   178503   4.58
2010-2019     95-99     0.31400  0.81715  2.07   15286   12491   39779    45354   2.97
2010-2019    100-104    0.49235  0.93391  1.68    2795    2610    5302     5574   1.99
2010-2019    105-109    0.67526  0.97631  1.36     185     180     267      272   1.48
2010-2019    110+       0.80480  1.00000  1.24       4       4       5        5   1.24
2020-2022        0      0.00316  0.00316  0.14  100000     316   99729  8534996  85.35
2020-2022      1-4      0.00013  0.00053  1.68   99684      53  398615  8435267  84.62
2020-2022      5-9      0.00007  0.00036  1.97   99632      35  498051  8036651  80.66
2020-2022     10-14     0.00007  0.00037  2.91   99596      36  497905  7538601  75.69
2020-2022     15-19     0.00015  0.00077  2.79   99560      77  497629  7040696  70.72
2020-2022     20-24     0.00016  0.00081  2.17   99483      80  497187  6543066  65.77
2020-2022     25-29     0.00019  0.00094  2.59   99403      93  496788  6045879  60.82
2020-2022     30-34     0.00025  0.00126  2.55   99309     125  496239  5549091  55.88
2020-2022     35-39     0.00037  0.00185  2.61   99184     184  495481  5052852  50.94
2020-2022     40-44     0.00054  0.00269  2.73   99000     266  494398  4557371  46.03
2020-2022     45-49     0.00095  0.00474  2.71   98734     468  492599  4062974  41.15
2020-2022     50-54     0.00150  0.00748  2.75   98266     735  489680  3570375  36.33
2020-2022     55-59     0.00252  0.01252  2.71   97531    1221  484855  3080694  31.59
2020-2022     60-64     0.00413  0.02048  2.72   96310    1972  477062  2595839  26.95
2020-2022     65-69     0.00678  0.03337  2.69   94338    3148  464431  2118777  22.46
2020-2022     70-74     0.01155  0.05626  2.70   91190    5131  444125  1654346  18.14
2020-2022     75-79     0.02059  0.09827  2.69   86059    8457  410787  1210221  14.06
2020-2022     80-84     0.04092  0.18715  2.72   77602   14523  354914   799434  10.30
2020-2022     85-89     0.08763  0.36298  2.64   63079   22896  261273   444520   7.05
2020-2022     90-94     0.17851  0.60796  2.38   40183   24429  136848   183247   4.56
2020-2022     95-99     0.31651  0.82027  2.06   15753   12922   40827    46399   2.95
2020-2022    100-104    0.49937  0.93682  1.67    2831    2652    5311     5572   1.97
2020-2022    105-109    0.68527  0.97769  1.35     179     175     255      260   1.45
2020-2022    110+       0.81478  1.00000  1.23       4       4       5        5   1.23
