France, Civilian Population, Life tables (period 5x10), Females	Last modified: 26 Aug 2024;  Methods Protocol: v6 (2017)

  Year          Age         mx       qx    ax      lx      dx      Lx       Tx     ex
1816-1819        0      0.18781  0.16638  0.31  100000   16638   88588  3957702  39.58
1816-1819      1-4      0.03640  0.13352  1.52   83362   11131  305831  3869114  46.41
1816-1819      5-9      0.01192  0.05764  2.15   72231    4163  349298  3563283  49.33
1816-1819     10-14     0.00586  0.02887  2.38   68068    1965  335185  3213985  47.22
1816-1819     15-19     0.00727  0.03575  2.62   66103    2363  324894  2878800  43.55
1816-1819     20-24     0.00886  0.04334  2.51   63740    2762  311819  2553906  40.07
1816-1819     25-29     0.00922  0.04507  2.49   60978    2748  297989  2242086  36.77
1816-1819     30-34     0.01014  0.04944  2.54   58230    2879  284067  1944098  33.39
1816-1819     35-39     0.01153  0.05608  2.54   55351    3104  269108  1660031  29.99
1816-1819     40-44     0.01333  0.06453  2.52   52247    3371  252863  1390924  26.62
1816-1819     45-49     0.01535  0.07396  2.55   48875    3615  235514  1138061  23.29
1816-1819     50-54     0.01957  0.09338  2.55   45260    4226  215942   902548  19.94
1816-1819     55-59     0.02478  0.11698  2.62   41034    4800  193736   686605  16.73
1816-1819     60-64     0.03983  0.18155  2.57   36234    6578  165151   492869  13.60
1816-1819     65-69     0.05156  0.22868  2.53   29655    6782  131538   327719  11.05
1816-1819     70-74     0.08136  0.33835  2.51   22874    7739   95119   196181   8.58
1816-1819     75-79     0.11482  0.44226  2.40   15134    6693   58297   101061   6.68
1816-1819     80-84     0.18059  0.60698  2.30    8441    5124   28371    42764   5.07
1816-1819     85-89     0.21281  0.65489  2.06    3317    2173   10209    14393   4.34
1816-1819     90-94     0.25494  0.73721  2.14    1145     844    3311     4184   3.65
1816-1819     95-99     0.33369  0.82227  1.92     301     247     741      873   2.90
1816-1819    100-104    0.39860  0.87450  1.79      53      47     117      132   2.46
1816-1819    105-109    0.46728  0.91348  1.67       7       6      13       14   2.12
1816-1819    110+       0.52290  1.00000  1.91       1       1       1        1   1.91
1820-1829        0      0.19029  0.16832  0.31  100000   16832   88455  3962143  39.62
1820-1829      1-4      0.03789  0.13850  1.51   83168   11519  304011  3873689  46.58
1820-1829      5-9      0.01221  0.05901  2.15   71649    4228  346214  3569677  49.82
1820-1829     10-14     0.00595  0.02929  2.36   67421    1975  331891  3223463  47.81
1820-1829     15-19     0.00726  0.03568  2.62   65446    2335  321676  2891572  44.18
1820-1829     20-24     0.00875  0.04284  2.52   63111    2704  308844  2569897  40.72
1820-1829     25-29     0.00918  0.04487  2.50   60408    2711  295267  2261053  37.43
1820-1829     30-34     0.00987  0.04816  2.51   57697    2779  281576  1965786  34.07
1820-1829     35-39     0.01103  0.05370  2.52   54918    2949  267276  1684210  30.67
1820-1829     40-44     0.01232  0.05978  2.52   51969    3107  252145  1416935  27.27
1820-1829     45-49     0.01417  0.06850  2.56   48862    3347  236146  1164790  23.84
1820-1829     50-54     0.01834  0.08774  2.55   45515    3993  217780   928644  20.40
1820-1829     55-59     0.02343  0.11091  2.60   41521    4605  196576   710864  17.12
1820-1829     60-64     0.03668  0.16849  2.58   36916    6220  169556   514288  13.93
1820-1829     65-69     0.05077  0.22572  2.55   30696    6929  136474   344731  11.23
1820-1829     70-74     0.07722  0.32375  2.51   23768    7695   99651   208257   8.76
1820-1829     75-79     0.11090  0.43160  2.43   16073    6937   62553   108606   6.76
1820-1829     80-84     0.17952  0.60547  2.31    9136    5531   30813    46053   5.04
1820-1829     85-89     0.22056  0.66883  2.06    3604    2411   10930    15239   4.23
1820-1829     90-94     0.25818  0.74071  2.12    1194     884    3425     4309   3.61
1820-1829     95-99     0.33901  0.82747  1.91     310     256     755      884   2.86
1820-1829    100-104    0.40620  0.87974  1.78      53      47     116      129   2.42
1820-1829    105-109    0.47711  0.91815  1.65       6       6      12       13   2.08
1820-1829    110+       0.53455  1.00000  1.87       1       1       1        1   1.87
1830-1839        0      0.17679  0.15767  0.31  100000   15767   89185  3970066  39.70
1830-1839      1-4      0.03720  0.13619  1.51   84233   11471  308363  3880881  46.07
1830-1839      5-9      0.01160  0.05614  2.15   72761    4085  352149  3572517  49.10
1830-1839     10-14     0.00608  0.02994  2.40   68676    2056  338040  3220368  46.89
1830-1839     15-19     0.00753  0.03699  2.62   66620    2464  327235  2882329  43.27
1830-1839     20-24     0.00940  0.04593  2.53   64156    2947  313490  2555094  39.83
1830-1839     25-29     0.00993  0.04844  2.50   61209    2965  298636  2241604  36.62
1830-1839     30-34     0.01078  0.05249  2.52   58244    3057  283631  1942968  33.36
1830-1839     35-39     0.01186  0.05760  2.52   55187    3179  268057  1659337  30.07
1830-1839     40-44     0.01319  0.06383  2.50   52008    3320  251745  1391280  26.75
1830-1839     45-49     0.01455  0.07025  2.54   48688    3420  235025  1139535  23.40
1830-1839     50-54     0.01869  0.08936  2.56   45268    4045  216481   904510  19.98
1830-1839     55-59     0.02435  0.11504  2.61   41223    4742  194776   688028  16.69
1830-1839     60-64     0.03807  0.17425  2.57   36480    6357  166985   493253  13.52
1830-1839     65-69     0.05350  0.23646  2.55   30124    7123  133149   326268  10.83
1830-1839     70-74     0.08350  0.34540  2.50   23001    7945   95149   193119   8.40
1830-1839     75-79     0.11872  0.45377  2.40   15056    6832   57548    97970   6.51
1830-1839     80-84     0.18359  0.61405  2.30    8224    5050   27507    40422   4.92
1830-1839     85-89     0.23045  0.68595  2.05    3174    2177    9448    12915   4.07
1830-1839     90-94     0.26880  0.75290  2.08     997     751    2792     3467   3.48
1830-1839     95-99     0.35457  0.84160  1.88     246     207     585      675   2.74
1830-1839    100-104    0.42584  0.89215  1.74      39      35      82       90   2.31
1830-1839    105-109    0.50039  0.92816  1.61       4       4       8        8   1.98
1830-1839    110+       0.56072  1.00000  1.78       0       0       1        1   1.78
1840-1849        0      0.16031  0.14443  0.31  100000   14443   90094  4122359  41.22
1840-1849      1-4      0.03460  0.12740  1.51   85557   10900  315058  4032265  47.13
1840-1849      5-9      0.01041  0.05057  2.14   74657    3775  362499  3717208  49.79
1840-1849     10-14     0.00608  0.02995  2.46   70882    2123  349016  3354708  47.33
1840-1849     15-19     0.00769  0.03776  2.61   68759    2596  337594  3005693  43.71
1840-1849     20-24     0.00955  0.04663  2.52   66163    3085  323173  2668098  40.33
1840-1849     25-29     0.01001  0.04881  2.50   63077    3079  307675  2344925  37.18
1840-1849     30-34     0.01061  0.05168  2.50   59999    3101  292249  2037250  33.96
1840-1849     35-39     0.01125  0.05472  2.51   56898    3113  276747  1745001  30.67
1840-1849     40-44     0.01252  0.06072  2.51   53784    3266  260803  1468253  27.30
1840-1849     45-49     0.01391  0.06725  2.54   50518    3397  244251  1207451  23.90
1840-1849     50-54     0.01752  0.08400  2.55   47121    3958  225917   963200  20.44
1840-1849     55-59     0.02284  0.10827  2.60   43163    4673  204611   737283  17.08
1840-1849     60-64     0.03530  0.16264  2.59   38489    6260  177342   532672  13.84
1840-1849     65-69     0.05019  0.22370  2.57   32229    7210  143641   355330  11.03
1840-1849     70-74     0.08134  0.33813  2.51   25020    8460  104008   211688   8.46
1840-1849     75-79     0.11645  0.44726  2.41   16560    7406   63603   107681   6.50
1840-1849     80-84     0.18550  0.61858  2.31    9153    5662   30524    44077   4.82
1840-1849     85-89     0.24271  0.70733  2.05    3491    2469   10174    13554   3.88
1840-1849     90-94     0.28300  0.76946  2.04    1022     786    2778     3380   3.31
1840-1849     95-99     0.38171  0.86401  1.83     236     204     533      601   2.55
1840-1849    100-104    0.46289  0.91256  1.68      32      29      63       68   2.13
1840-1849    105-109    0.54623  0.94469  1.54       3       3       5        5   1.82
1840-1849    110+       0.61325  1.00000  1.63       0       0       0        0   1.63
1850-1859        0      0.17241  0.15418  0.31  100000   15418   89425  4046539  40.47
1850-1859      1-4      0.03552  0.13052  1.50   84582   11040  310763  3957113  46.78
1850-1859      5-9      0.01014  0.04928  2.13   73543    3625  357315  3646351  49.58
1850-1859     10-14     0.00631  0.03107  2.49   69918    2172  344148  3289036  47.04
1850-1859     15-19     0.00811  0.03977  2.60   67746    2694  332271  2944887  43.47
1850-1859     20-24     0.00981  0.04789  2.52   65052    3115  317522  2612616  40.16
1850-1859     25-29     0.01006  0.04907  2.48   61936    3039  302037  2295094  37.06
1850-1859     30-34     0.01041  0.05072  2.50   58897    2987  287016  1993057  33.84
1850-1859     35-39     0.01116  0.05428  2.51   55910    3035  272008  1706041  30.51
1850-1859     40-44     0.01234  0.05988  2.51   52875    3166  256497  1434034  27.12
1850-1859     45-49     0.01371  0.06631  2.55   49709    3296  240469  1177536  23.69
1850-1859     50-54     0.01781  0.08537  2.57   46413    3962  222441   937068  20.19
1850-1859     55-59     0.02357  0.11157  2.60   42451    4736  200903   714627  16.83
1850-1859     60-64     0.03582  0.16485  2.58   37714    6217  173549   513724  13.62
1850-1859     65-69     0.05231  0.23195  2.56   31497    7306  139662   340175  10.80
1850-1859     70-74     0.08288  0.34346  2.51   24191    8309  100249   200513   8.29
1850-1859     75-79     0.12005  0.45795  2.41   15883    7273   60587   100264   6.31
1850-1859     80-84     0.19079  0.62957  2.30    8609    5420   28408    39677   4.61
1850-1859     85-89     0.26720  0.74743  2.05    3189    2384    8921    11269   3.53
1850-1859     90-94     0.32495  0.81092  1.91     805     653    2010     2348   2.92
1850-1859     95-99     0.44232  0.90380  1.73     152     138     311      338   2.22
1850-1859    100-104    0.54295  0.94480  1.55      15      14      25       27   1.83
1850-1859    105-109    0.64065  0.96795  1.40       1       1       1        1   1.56
1850-1859    110+       0.71620  1.00000  1.40       0       0       0        0   1.40
1860-1869        0      0.17469  0.15600  0.31  100000   15600   89300  4233359  42.33
1860-1869      1-4      0.03242  0.11998  1.51   84400   10126  312353  4144059  49.10
1860-1869      5-9      0.00780  0.03809  2.02   74274    2829  362930  3831706  51.59
1860-1869     10-14     0.00525  0.02592  2.60   71445    1852  352771  3468776  48.55
1860-1869     15-19     0.00724  0.03560  2.61   69593    2478  342038  3116005  44.77
1860-1869     20-24     0.00891  0.04357  2.52   67115    2924  328334  2773967  41.33
1860-1869     25-29     0.00929  0.04539  2.50   64191    2914  313662  2445633  38.10
1860-1869     30-34     0.00977  0.04768  2.50   61277    2922  299074  2131971  34.79
1860-1869     35-39     0.01005  0.04903  2.50   58355    2861  284635  1832897  31.41
1860-1869     40-44     0.01105  0.05376  2.52   55494    2983  270063  1548262  27.90
1860-1869     45-49     0.01232  0.05982  2.56   52511    3141  254884  1278199  24.34
1860-1869     50-54     0.01617  0.07779  2.57   49369    3840  237507  1023315  20.73
1860-1869     55-59     0.02131  0.10141  2.62   45529    4617  216648   785808  17.26
1860-1869     60-64     0.03406  0.15745  2.60   40912    6442  189124   569160  13.91
1860-1869     65-69     0.05031  0.22420  2.58   34470    7728  153613   380035  11.02
1860-1869     70-74     0.08004  0.33377  2.51   26742    8926  111522   226423   8.47
1860-1869     75-79     0.11818  0.45244  2.41   17816    8061   68210   114900   6.45
1860-1869     80-84     0.18101  0.60893  2.31    9756    5940   32818    46691   4.79
1860-1869     85-89     0.25695  0.73532  2.09    3815    2805   10918    13873   3.64
1860-1869     90-94     0.32364  0.80866  1.91    1010     817    2523     2955   2.93
1860-1869     95-99     0.43855  0.90217  1.74     193     174     397      432   2.24
1860-1869    100-104    0.54317  0.94513  1.55      19      18      33       34   1.82
1860-1869    105-109    0.64464  0.96881  1.39       1       1       2        2   1.55
1860-1869    110+       0.72275  1.00000  1.38       0       0       0        0   1.38
1870-1879        0      0.17325  0.15485  0.31  100000   15485   89379  4238050  42.38
1870-1879      1-4      0.02983  0.11106  1.50   84515    9387  314642  4148671  49.09
1870-1879      5-9      0.00771  0.03767  2.07   75129    2830  367337  3834029  51.03
1870-1879     10-14     0.00511  0.02524  2.58   72298    1825  357075  3466691  47.95
1870-1879     15-19     0.00741  0.03640  2.64   70474    2565  346309  3109617  44.12
1870-1879     20-24     0.00969  0.04733  2.53   67909    3214  331620  2763307  40.69
1870-1879     25-29     0.01011  0.04930  2.49   64695    3189  315466  2431687  37.59
1870-1879     30-34     0.01045  0.05089  2.49   61505    3130  299669  2116221  34.41
1870-1879     35-39     0.01082  0.05269  2.50   58375    3076  284195  1816552  31.12
1870-1879     40-44     0.01167  0.05669  2.52   55299    3135  268706  1532356  27.71
1870-1879     45-49     0.01325  0.06414  2.55   52164    3346  252614  1263650  24.22
1870-1879     50-54     0.01658  0.07969  2.56   48818    3890  234602  1011037  20.71
1870-1879     55-59     0.02213  0.10510  2.61   44928    4722  213361   776435  17.28
1870-1879     60-64     0.03374  0.15598  2.58   40206    6271  185879   563073  14.00
1870-1879     65-69     0.04821  0.21584  2.58   33935    7324  151915   377194  11.12
1870-1879     70-74     0.07882  0.32984  2.53   26610    8777  111352   225279   8.47
1870-1879     75-79     0.11849  0.45391  2.42   17833    8095   68314   113927   6.39
1870-1879     80-84     0.18483  0.61760  2.31    9738    6014   32540    45613   4.68
1870-1879     85-89     0.26619  0.74803  2.07    3724    2786   10465    13073   3.51
1870-1879     90-94     0.34240  0.83021  1.90     938     779    2275     2608   2.78
1870-1879     95-99     0.47084  0.91888  1.68     159     146     311      333   2.09
1870-1879    100-104    0.58421  0.95679  1.49      13      12      21       22   1.70
1870-1879    105-109    0.69007  0.97608  1.33       1       1       1        1   1.45
1870-1879    110+       0.76878  1.00000  1.30       0       0       0        0   1.30
1880-1889        0      0.16371  0.14718  0.31  100000   14718   89905  4486089  44.86
1880-1889      1-4      0.02681  0.10048  1.49   85282    8569  319584  4396184  51.55
1880-1889      5-9      0.00658  0.03226  2.00   76713    2475  376141  4076600  53.14
1880-1889     10-14     0.00448  0.02217  2.62   74238    1646  367273  3700459  49.85
1880-1889     15-19     0.00652  0.03208  2.61   72593    2329  357386  3333186  45.92
1880-1889     20-24     0.00802  0.03934  2.54   70263    2764  344514  2975800  42.35
1880-1889     25-29     0.00871  0.04261  2.51   67499    2876  330322  2631286  38.98
1880-1889     30-34     0.00928  0.04535  2.50   64623    2931  315792  2300964  35.61
1880-1889     35-39     0.00974  0.04752  2.51   61692    2932  301149  1985172  32.18
1880-1889     40-44     0.01062  0.05171  2.51   58760    3039  286238  1684023  28.66
1880-1889     45-49     0.01198  0.05819  2.56   55722    3242  270694  1397784  25.09
1880-1889     50-54     0.01541  0.07428  2.57   52479    3898  252915  1127090  21.48
1880-1889     55-59     0.02015  0.09612  2.61   48581    4669  231736   874176  17.99
1880-1889     60-64     0.03112  0.14481  2.60   43912    6359  204303   642439  14.63
1880-1889     65-69     0.04577  0.20606  2.58   37553    7738  169053   438136  11.67
1880-1889     70-74     0.07118  0.30254  2.52   29815    9020  126717   269083   9.03
1880-1889     75-79     0.10493  0.41399  2.45   20795    8609   82041   142366   6.85
1880-1889     80-84     0.17226  0.59064  2.34   12186    7197   41783    60325   4.95
1880-1889     85-89     0.24780  0.72288  2.12    4989    3606   14552    18542   3.72
1880-1889     90-94     0.32895  0.82030  1.94    1382    1134    3447     3989   2.89
1880-1889     95-99     0.44958  0.90877  1.72     248     226     502      542   2.18
1880-1889    100-104    0.56323  0.95144  1.52      23      22      38       40   1.76
1880-1889    105-109    0.67132  0.97343  1.35       1       1       2        2   1.49
1880-1889    110+       0.75270  1.00000  1.33       0       0       0        0   1.33
1890-1899        0      0.16270  0.14637  0.31  100000   14637   89961  4677148  46.77
1890-1899      1-4      0.02192  0.08293  1.40   85363    7079  323021  4587188  53.74
1890-1899      5-9      0.00515  0.02535  2.03   78284    1985  385521  4264167  54.47
1890-1899     10-14     0.00365  0.01810  2.66   76299    1381  378268  3878646  50.83
1890-1899     15-19     0.00601  0.02961  2.63   74918    2218  369327  3500378  46.72
1890-1899     20-24     0.00725  0.03559  2.51   72700    2587  357063  3131051  43.07
1890-1899     25-29     0.00762  0.03738  2.50   70112    2621  344011  2773988  39.57
1890-1899     30-34     0.00818  0.04009  2.50   67491    2706  330684  2429977  36.00
1890-1899     35-39     0.00866  0.04241  2.51   64785    2747  317099  2099293  32.40
1890-1899     40-44     0.00968  0.04729  2.52   62038    2934  302921  1782194  28.73
1890-1899     45-49     0.01122  0.05458  2.54   59104    3226  287588  1479274  25.03
1890-1899     50-54     0.01409  0.06812  2.57   55879    3806  270134  1191685  21.33
1890-1899     55-59     0.01931  0.09233  2.63   52072    4808  248953   921552  17.70
1890-1899     60-64     0.03115  0.14494  2.61   47264    6851  219930   672599  14.23
1890-1899     65-69     0.04736  0.21240  2.57   40414    8584  181251   452669  11.20
1890-1899     70-74     0.07667  0.32232  2.53   31830   10259  133808   271418   8.53
1890-1899     75-79     0.12005  0.45833  2.42   21570    9886   82351   137610   6.38
1890-1899     80-84     0.18073  0.60826  2.31   11684    7107   39323    55259   4.73
1890-1899     85-89     0.26481  0.75006  2.11    4577    3433   12964    15937   3.48
1890-1899     90-94     0.37074  0.85734  1.87    1144     981    2646     2972   2.60
1890-1899     95-99     0.49239  0.92877  1.65     163     152     308      327   2.00
1890-1899    100-104    0.61433  0.96390  1.44      12      11      18       19   1.62
1890-1899    105-109    0.72437  0.98048  1.28       0       0       1        1   1.38
1890-1899    110+       0.80332  1.00000  1.24       0       0       0        0   1.24
1900-1909        0      0.14174  0.12918  0.31  100000   12918   91140  4987278  49.87
1900-1909      1-4      0.01562  0.06004  1.41   87082    5229  334767  4896138  56.22
1900-1909      5-9      0.00419  0.02070  2.20   81853    1695  404523  4561371  55.73
1900-1909     10-14     0.00325  0.01611  2.63   80159    1291  397736  4156848  51.86
1900-1909     15-19     0.00509  0.02516  2.62   78868    1984  389613  3759112  47.66
1900-1909     20-24     0.00662  0.03259  2.55   76883    2506  378285  3369499  43.83
1900-1909     25-29     0.00722  0.03544  2.49   74378    2636  365279  2991214  40.22
1900-1909     30-34     0.00761  0.03733  2.51   71742    2678  352042  2625935  36.60
1900-1909     35-39     0.00813  0.03984  2.51   69064    2751  338458  2273893  32.92
1900-1909     40-44     0.00918  0.04486  2.53   66313    2975  324216  1935435  29.19
1900-1909     45-49     0.01080  0.05261  2.56   63338    3332  308549  1611219  25.44
1900-1909     50-54     0.01378  0.06667  2.58   60006    4000  290348  1302671  21.71
1900-1909     55-59     0.01889  0.09034  2.60   56005    5060  267903  1012323  18.08
1900-1909     60-64     0.02886  0.13497  2.60   50946    6876  238249   744419  14.61
1900-1909     65-69     0.04457  0.20119  2.58   44069    8866  198919   506170  11.49
1900-1909     70-74     0.07273  0.30847  2.54   35203   10859  149310   307251   8.73
1900-1909     75-79     0.11604  0.44732  2.44   24344   10890   93842   157941   6.49
1900-1909     80-84     0.17864  0.60333  2.31   13454    8117   45441    64098   4.76
1900-1909     85-89     0.26444  0.75009  2.12    5337    4003   15139    18658   3.50
1900-1909     90-94     0.36433  0.85404  1.89    1334    1139    3127     3519   2.64
1900-1909     95-99     0.48844  0.92716  1.65     195     180     370      393   2.02
1900-1909    100-104    0.61016  0.96303  1.45      14      14      22       23   1.63
1900-1909    105-109    0.72049  0.98004  1.29       1       1       1        1   1.39
1900-1909    110+       0.79993  1.00000  1.25       0       0       0        0   1.25
1910-1919        0      0.12402  0.11430  0.31  100000   11430   92160  5152289  51.52
1910-1919      1-4      0.01424  0.05488  1.34   88570    4861  341344  5060129  57.13
1910-1919      5-9      0.00371  0.01835  2.21   83709    1536  414265  4718785  56.37
1910-1919     10-14     0.00322  0.01596  2.69   82173    1311  407837  4304520  52.38
1910-1919     15-19     0.00518  0.02559  2.61   80862    2069  399375  3896683  48.19
1910-1919     20-24     0.00652  0.03210  2.54   78793    2529  387749  3497308  44.39
1910-1919     25-29     0.00718  0.03526  2.51   76264    2689  374617  3109558  40.77
1910-1919     30-34     0.00753  0.03695  2.50   73575    2719  361082  2734941  37.17
1910-1919     35-39     0.00787  0.03858  2.51   70857    2734  347471  2373859  33.50
1910-1919     40-44     0.00862  0.04222  2.54   68123    2876  333525  2026387  29.75
1910-1919     45-49     0.01028  0.05013  2.58   65246    3271  318313  1692862  25.95
1910-1919     50-54     0.01326  0.06424  2.59   61976    3981  300276  1374550  22.18
1910-1919     55-59     0.01784  0.08554  2.61   57994    4961  278104  1074274  18.52
1910-1919     60-64     0.02646  0.12449  2.62   53033    6602  249474   796169  15.01
1910-1919     65-69     0.04213  0.19138  2.61   46431    8886  210927   546695  11.77
1910-1919     70-74     0.06916  0.29584  2.56   37545   11108  160597   335768   8.94
1910-1919     75-79     0.11201  0.43624  2.47   26438   11533  102970   175172   6.63
1910-1919     80-84     0.17383  0.59368  2.33   14904    8849   50902    72201   4.84
1910-1919     85-89     0.26184  0.74689  2.12    6056    4523   17274    21299   3.52
1910-1919     90-94     0.36582  0.85613  1.89    1533    1312    3587     4025   2.63
1910-1919     95-99     0.49638  0.93073  1.64     221     205     413      438   1.99
1910-1919    100-104    0.62296  0.96582  1.43      15      15      24       24   1.60
1910-1919    105-109    0.73578  0.98179  1.27       1       1       1        1   1.36
1910-1919    110+       0.81544  1.00000  1.23       0       0       0        0   1.23
1920-1929        0      0.09391  0.08822  0.31  100000    8822   93949  5644195  56.44
1920-1929      1-4      0.00920  0.03592  1.30   91178    3275  355878  5550246  60.87
1920-1929      5-9      0.00253  0.01256  2.24   87903    1104  436472  5194368  59.09
1920-1929     10-14     0.00225  0.01119  2.72   86799     971  431784  4757896  54.82
1920-1929     15-19     0.00441  0.02182  2.67   85828    1873  424775  4326111  50.40
1920-1929     20-24     0.00562  0.02771  2.51   83955    2326  413988  3901336  46.47
1920-1929     25-29     0.00566  0.02792  2.47   81629    2279  402384  3487347  42.72
1920-1929     30-34     0.00570  0.02812  2.50   79350    2231  391179  3084964  38.88
1920-1929     35-39     0.00615  0.03027  2.53   77118    2334  379821  2693785  34.93
1920-1929     40-44     0.00710  0.03489  2.55   74784    2609  367531  2313964  30.94
1920-1929     45-49     0.00885  0.04334  2.59   72175    3128  353344  1946433  26.97
1920-1929     50-54     0.01163  0.05657  2.59   69046    3906  335824  1593090  23.07
1920-1929     55-59     0.01604  0.07726  2.62   65141    5032  313713  1257265  19.30
1920-1929     60-64     0.02409  0.11394  2.62   60108    6849  284253   943552  15.70
1920-1929     65-69     0.03772  0.17307  2.62   53260    9217  244368   659300  12.38
1920-1929     70-74     0.06218  0.27027  2.58   44042   11903  191433   414932   9.42
1920-1929     75-79     0.10347  0.41075  2.49   32139   13201  127581   223499   6.95
1920-1929     80-84     0.16322  0.56986  2.35   18938   10792   66118    95918   5.06
1920-1929     85-89     0.24830  0.72779  2.16    8146    5928   23876    29800   3.66
1920-1929     90-94     0.35908  0.85189  1.92    2217    1889    5261     5924   2.67
1920-1929     95-99     0.48702  0.92728  1.66     328     305     625      664   2.02
1920-1929    100-104    0.61710  0.96482  1.44      24      23      37       38   1.61
1920-1929    105-109    0.73347  0.98162  1.27       1       1       1        1   1.36
1920-1929    110+       0.81543  1.00000  1.23       0       0       0        0   1.23
1930-1939        0      0.06832  0.06525  0.31  100000    6525   95510  6088131  60.88
1930-1939      1-4      0.00614  0.02417  1.31   93475    2260  367816  5992621  64.11
1930-1939      5-9      0.00179  0.00891  2.26   91216     813  453852  5624805  61.66
1930-1939     10-14     0.00154  0.00767  2.67   90403     693  450395  5170953  57.20
1930-1939     15-19     0.00309  0.01533  2.75   89709    1375  445453  4720558  52.62
1930-1939     20-24     0.00433  0.02144  2.51   88334    1894  436964  4275105  48.40
1930-1939     25-29     0.00428  0.02117  2.48   86440    1830  427583  3838141  44.40
1930-1939     30-34     0.00437  0.02161  2.52   84610    1829  418515  3410558  40.31
1930-1939     35-39     0.00494  0.02442  2.57   82782    2022  408986  2992043  36.14
1930-1939     40-44     0.00605  0.02981  2.58   80760    2407  397966  2583057  31.98
1930-1939     45-49     0.00799  0.03921  2.60   78352    3072  384391  2185091  27.89
1930-1939     50-54     0.01059  0.05161  2.59   75280    3886  367029  1800700  23.92
1930-1939     55-59     0.01471  0.07107  2.62   71395    5074  344877  1433671  20.08
1930-1939     60-64     0.02193  0.10424  2.63   66321    6914  315220  1088794  16.42
1930-1939     65-69     0.03448  0.15937  2.63   59407    9468  274572   773574  13.02
1930-1939     70-74     0.05633  0.24795  2.59   49939   12382  219836   499002   9.99
1930-1939     75-79     0.09335  0.37889  2.52   37557   14230  152442   279166   7.43
1930-1939     80-84     0.14772  0.53297  2.39   23327   12432   84161   126724   5.43
1930-1939     85-89     0.22884  0.69823  2.21   10894    7607   33241    42563   3.91
1930-1939     90-94     0.33545  0.83139  1.97    3288    2733    8148     9322   2.84
1930-1939     95-99     0.46328  0.91714  1.71     554     508    1097     1174   2.12
1930-1939    100-104    0.59584  0.96047  1.47      46      44      74       77   1.67
1930-1939    105-109    0.71693  0.97989  1.29       2       2       2        3   1.39
1930-1939    110+       0.80329  1.00000  1.24       0       0       0        0   1.24
1940-1949        0      0.07113  0.06782  0.31  100000    6782   95348  6322130  63.22
1940-1949      1-4      0.00449  0.01776  1.35   93218    1656  368487  6226782  66.80
1940-1949      5-9      0.00141  0.00705  2.27   91562     645  456053  5858295  63.98
1940-1949     10-14     0.00120  0.00596  2.64   90917     542  453304  5402242  59.42
1940-1949     15-19     0.00213  0.01059  2.72   90375     957  449691  4948938  54.76
1940-1949     20-24     0.00298  0.01480  2.54   89418    1323  443841  4499247  50.32
1940-1949     25-29     0.00325  0.01611  2.56   88095    1419  437018  4055406  46.03
1940-1949     30-34     0.00364  0.01802  2.49   86676    1562  429458  3618388  41.75
1940-1949     35-39     0.00388  0.01924  2.56   85114    1638  421572  3188931  37.47
1940-1949     40-44     0.00474  0.02341  2.57   83476    1954  412641  2767359  33.15
1940-1949     45-49     0.00634  0.03123  2.63   81522    2546  401573  2354717  28.88
1940-1949     50-54     0.00878  0.04300  2.61   78976    3396  386755  1953145  24.73
1940-1949     55-59     0.01257  0.06103  2.63   75580    4613  366946  1566390  20.73
1940-1949     60-64     0.01922  0.09192  2.64   70967    6523  339466  1199444  16.90
1940-1949     65-69     0.03139  0.14615  2.64   64443    9419  300025   859978  13.34
1940-1949     70-74     0.05236  0.23258  2.60   55025   12798  244426   559953  10.18
1940-1949     75-79     0.09013  0.36896  2.54   42227   15580  172853   315526   7.47
1940-1949     80-84     0.14967  0.53821  2.39   26647   14342   95824   142674   5.35
1940-1949     85-89     0.23521  0.70878  2.20   12305    8722   37081    46850   3.81
1940-1949     90-94     0.35063  0.84586  1.94    3583    3031    8645     9769   2.73
1940-1949     95-99     0.48326  0.92633  1.67     552     512    1059     1124   2.03
1940-1949    100-104    0.62036  0.96576  1.43      41      39      63       65   1.60
1940-1949    105-109    0.74193  0.98261  1.26       1       1       2        2   1.35
1940-1949    110+       0.82607  1.00000  1.21       0       0       0        0   1.21
1950-1959        0      0.03550  0.03450  0.18  100000    3450   97186  7116238  71.16
1950-1959      1-4      0.00173  0.00688  1.27   96550     664  384387  7019052  72.70
1950-1959      5-9      0.00042  0.00210  2.21   95886     201  478868  6634665  69.19
1950-1959     10-14     0.00036  0.00181  2.63   95685     173  478013  6155797  64.33
1950-1959     15-19     0.00062  0.00309  2.69   95512     295  476876  5677783  59.45
1950-1959     20-24     0.00091  0.00453  2.62   95217     431  475055  5200907  54.62
1950-1959     25-29     0.00118  0.00588  2.59   94785     557  472587  4725852  49.86
1950-1959     30-34     0.00149  0.00744  2.59   94228     701  469448  4253265  45.14
1950-1959     35-39     0.00210  0.01047  2.63   93527     979  465310  3783818  40.46
1950-1959     40-44     0.00297  0.01476  2.62   92547    1366  459489  3318508  35.86
1950-1959     45-49     0.00436  0.02159  2.65   91181    1969  451283  2859019  31.36
1950-1959     50-54     0.00645  0.03176  2.64   89213    2834  439363  2407736  26.99
1950-1959     55-59     0.00932  0.04560  2.64   86379    3939  422602  1968373  22.79
1950-1959     60-64     0.01439  0.06960  2.66   82440    5738  398765  1545772  18.75
1950-1959     65-69     0.02355  0.11161  2.66   76703    8561  363473  1147006  14.95
1950-1959     70-74     0.04078  0.18602  2.65   68142   12676  310857   783533  11.50
1950-1959     75-79     0.07202  0.30664  2.58   55466   17008  236167   472676   8.52
1950-1959     80-84     0.12185  0.46539  2.46   38458   17898  146881   236509   6.15
1950-1959     85-89     0.19822  0.64411  2.28   20560   13243   66808    89628   4.36
1950-1959     90-94     0.29942  0.79447  2.05    7317    5813   19415    22820   3.12
1950-1959     95-99     0.43067  0.90131  1.77    1504    1355    3147     3405   2.26
1950-1959    100-104    0.57035  0.95482  1.52     148     142     248      258   1.74
1950-1959    105-109    0.70102  0.97820  1.32       7       7       9       10   1.42
1950-1959    110+       0.79481  1.00000  1.26       0       0       0        0   1.26
1960-1969        0      0.02031  0.01995  0.13  100000    1995   98255  7459081  74.59
1960-1969      1-4      0.00090  0.00358  1.44   98005     351  391121  7360826  75.11
1960-1969      5-9      0.00032  0.00162  2.25   97654     158  487836  6969705  71.37
1960-1969     10-14     0.00027  0.00134  2.60   97496     131  487166  6481869  66.48
1960-1969     15-19     0.00050  0.00248  2.74   97365     241  486280  5994703  61.57
1960-1969     20-24     0.00067  0.00333  2.54   97124     323  484825  5508423  56.72
1960-1969     25-29     0.00077  0.00386  2.61   96801     373  483109  5023599  51.90
1960-1969     30-34     0.00103  0.00512  2.63   96427     494  480964  4540489  47.09
1960-1969     35-39     0.00154  0.00767  2.66   95933     736  477941  4059525  42.32
1960-1969     40-44     0.00229  0.01137  2.65   95197    1083  473445  3581583  37.62
1960-1969     45-49     0.00351  0.01739  2.66   94114    1637  466737  3108139  33.03
1960-1969     50-54     0.00516  0.02547  2.63   92478    2355  456804  2641401  28.56
1960-1969     55-59     0.00754  0.03703  2.66   90122    3337  442791  2184597  24.24
1960-1969     60-64     0.01172  0.05702  2.66   86785    4949  422353  1741806  20.07
1960-1969     65-69     0.01931  0.09239  2.67   81836    7561  391593  1319452  16.12
1960-1969     70-74     0.03375  0.15639  2.66   74276   11616  344223   927859  12.49
1960-1969     75-79     0.06010  0.26275  2.61   62659   16464  273964   583636   9.31
1960-1969     80-84     0.10617  0.41981  2.51   46195   19393  182666   309672   6.70
1960-1969     85-89     0.17695  0.60088  2.33   26802   16105   91013   127006   4.74
1960-1969     90-94     0.27316  0.76194  2.10   10697    8151   29839    35992   3.36
1960-1969     95-99     0.40090  0.88370  1.84    2547    2250    5613     6154   2.42
1960-1969    100-104    0.54210  0.94723  1.57     296     281     518      540   1.82
1960-1969    105-109    0.67819  0.97532  1.35      16      15      22       23   1.47
1960-1969    110+       0.77773  1.00000  1.29       0       0       0        0   1.29
1970-1979        0      0.01246  0.01232  0.12  100000    1232   98920  7689726  76.90
1970-1979      1-4      0.00062  0.00246  1.60   98768     243  394487  7590807  76.86
1970-1979      5-9      0.00030  0.00150  2.33   98525     148  492230  7196320  73.04
1970-1979     10-14     0.00025  0.00127  2.64   98377     125  491591  6704090  68.15
1970-1979     15-19     0.00055  0.00272  2.75   98252     268  490659  6212499  63.23
1970-1979     20-24     0.00061  0.00306  2.46   97985     300  489162  5721839  58.40
1970-1979     25-29     0.00065  0.00322  2.57   97685     315  487657  5232678  53.57
1970-1979     30-34     0.00086  0.00428  2.64   97370     417  485867  4745021  48.73
1970-1979     35-39     0.00128  0.00638  2.65   96953     619  483308  4259154  43.93
1970-1979     40-44     0.00198  0.00983  2.66   96334     947  479456  3775846  39.20
1970-1979     45-49     0.00304  0.01508  2.67   95387    1438  473580  3296390  34.56
1970-1979     50-54     0.00445  0.02201  2.63   93949    2068  464845  2822811  30.05
1970-1979     55-59     0.00638  0.03142  2.64   91881    2887  452591  2357965  25.66
1970-1979     60-64     0.00961  0.04700  2.65   88994    4182  435154  1905374  21.41
1970-1979     65-69     0.01555  0.07506  2.68   84811    6366  409273  1470220  17.34
1970-1979     70-74     0.02753  0.12941  2.69   78446   10152  368728  1060947  13.52
1970-1979     75-79     0.05052  0.22577  2.65   68294   15419  305172   692219  10.14
1970-1979     80-84     0.09136  0.37337  2.55   52875   19742  216087   387047   7.32
1970-1979     85-89     0.15640  0.55552  2.39   33133   18406  117687   170960   5.16
1970-1979     90-94     0.24966  0.73128  2.17   14727   10770   43137    53272   3.62
1970-1979     95-99     0.37550  0.86650  1.89    3957    3429    9132    10135   2.56
1970-1979    100-104    0.51989  0.94057  1.61     528     497     956     1003   1.90
1970-1979    105-109    0.66243  0.97321  1.37      31      31      46       47   1.50
1970-1979    110+       0.76783  1.00000  1.30       1       1       1        1   1.30
1980-1989        0      0.00752  0.00747  0.13  100000     747   99353  7945283  79.45
1980-1989      1-4      0.00043  0.00172  1.61   99253     171  396604  7845931  79.05
1980-1989      5-9      0.00022  0.00108  2.35   99082     107  495127  7449326  75.18
1980-1989     10-14     0.00020  0.00102  2.65   98975     101  494638  6954200  70.26
1980-1989     15-19     0.00043  0.00215  2.76   98874     213  493895  6459562  65.33
1980-1989     20-24     0.00053  0.00263  2.51   98661     259  492661  5965667  60.47
1980-1989     25-29     0.00058  0.00289  2.54   98402     284  491313  5473006  55.62
1980-1989     30-34     0.00074  0.00371  2.64   98118     364  489729  4981693  50.77
1980-1989     35-39     0.00107  0.00533  2.65   97754     521  487544  4491963  45.95
1980-1989     40-44     0.00159  0.00793  2.66   97233     772  484363  4004419  41.18
1980-1989     45-49     0.00242  0.01201  2.66   96462    1158  479600  3520056  36.49
1980-1989     50-54     0.00362  0.01795  2.64   95303    1710  472485  3040456  31.90
1980-1989     55-59     0.00515  0.02543  2.64   93593    2380  462351  2567972  27.44
1980-1989     60-64     0.00752  0.03695  2.64   91213    3370  448119  2105621  23.08
1980-1989     65-69     0.01188  0.05781  2.69   87843    5078  427467  1657501  18.87
1980-1989     70-74     0.02101  0.10018  2.69   82765    8292  394678  1230035  14.86
1980-1989     75-79     0.03936  0.18035  2.68   74473   13431  341269   835357  11.22
1980-1989     80-84     0.07527  0.31877  2.60   61042   19459  258535   494088   8.09
1980-1989     85-89     0.13539  0.50329  2.45   41583   20928  154576   235553   5.66
1980-1989     90-94     0.22469  0.69252  2.23   20655   14304   63660    80977   3.92
1980-1989     95-99     0.34926  0.84629  1.96    6351    5375   15389    17317   2.73
1980-1989    100-104    0.49844  0.93352  1.65     976     911    1828     1928   1.97
1980-1989    105-109    0.64933  0.97144  1.39      65      63      97      100   1.53
1980-1989    110+       0.76182  1.00000  1.31       2       2       2        2   1.31
1990-1999        0      0.00499  0.00497  0.14  100000     497   99572  8181301  81.81
1990-1999      1-4      0.00027  0.00108  1.58   99503     107  397754  8081729  81.22
1990-1999      5-9      0.00014  0.00071  2.42   99396      70  496798  7683975  77.31
1990-1999     10-14     0.00015  0.00073  2.64   99326      73  496456  7187177  72.36
1990-1999     15-19     0.00031  0.00157  2.79   99253     156  495918  6690721  67.41
1990-1999     20-24     0.00042  0.00211  2.54   99097     209  494969  6194803  62.51
1990-1999     25-29     0.00051  0.00256  2.59   98888     253  493829  5699834  57.64
1990-1999     30-34     0.00069  0.00342  2.61   98635     338  492369  5206005  52.78
1990-1999     35-39     0.00097  0.00485  2.65   98297     477  490366  4713636  47.95
1990-1999     40-44     0.00143  0.00710  2.65   97821     695  487472  4223270  43.17
1990-1999     45-49     0.00209  0.01040  2.65   97126    1010  483251  3735798  38.46
1990-1999     50-54     0.00299  0.01484  2.64   96115    1426  477206  3252547  33.84
1990-1999     55-59     0.00422  0.02091  2.63   94689    1980  468760  2775341  29.31
1990-1999     60-64     0.00616  0.03037  2.64   92709    2816  456911  2306581  24.88
1990-1999     65-69     0.00957  0.04683  2.67   89894    4209  439651  1849670  20.58
1990-1999     70-74     0.01592  0.07679  2.69   85684    6579  413256  1410019  16.46
1990-1999     75-79     0.02946  0.13800  2.71   79105   10916  370521   996764  12.60
1990-1999     80-84     0.05771  0.25412  2.65   68189   17328  300236   626243   9.18
1990-1999     85-89     0.10992  0.43223  2.53   50861   21983  199987   326007   6.41
1990-1999     90-94     0.19390  0.63772  2.32   28877   18416   94975   126020   4.36
1990-1999     95-99     0.31577  0.81587  2.04   10462    8535   27030    31045   2.97
1990-1999    100-104    0.47022  0.92293  1.71    1926    1778    3781     4015   2.08
1990-1999    105-109    0.63205  0.96893  1.42     148     144     228      234   1.57
1990-1999    110+       0.75419  1.00000  1.33       5       5       6        6   1.33
2000-2009        0      0.00353  0.00352  0.14  100000     352   99698  8368548  83.69
2000-2009      1-4      0.00019  0.00078  1.60   99648      77  398406  8268850  82.98
2000-2009      5-9      0.00009  0.00046  2.40   99571      46  497734  7870444  79.04
2000-2009     10-14     0.00010  0.00051  2.73   99525      50  497510  7372709  74.08
2000-2009     15-19     0.00023  0.00113  2.80   99474     113  497125  6875199  69.12
2000-2009     20-24     0.00029  0.00146  2.48   99362     145  496445  6378075  64.19
2000-2009     25-29     0.00033  0.00163  2.57   99217     162  495693  5881630  59.28
2000-2009     30-34     0.00047  0.00233  2.69   99055     231  494743  5385937  54.37
2000-2009     35-39     0.00077  0.00382  2.71   98825     378  493258  4891194  49.49
2000-2009     40-44     0.00125  0.00624  2.70   98447     615  490818  4397936  44.67
2000-2009     45-49     0.00198  0.00983  2.66   97832     962  486911  3907118  39.94
2000-2009     50-54     0.00281  0.01394  2.61   96870    1350  481129  3420207  35.31
2000-2009     55-59     0.00379  0.01879  2.61   95520    1795  473312  2939078  30.77
2000-2009     60-64     0.00527  0.02602  2.64   93726    2439  462862  2465766  26.31
2000-2009     65-69     0.00783  0.03844  2.66   91287    3509  448240  2002904  21.94
2000-2009     70-74     0.01291  0.06266  2.69   87778    5500  426183  1554664  17.71
2000-2009     75-79     0.02338  0.11095  2.71   82278    9129  390515  1128481  13.72
2000-2009     80-84     0.04605  0.20801  2.68   73149   15216  330417   737966  10.09
2000-2009     85-89     0.09205  0.37695  2.60   57933   21838  237240   407549   7.03
2000-2009     90-94     0.17299  0.59484  2.38   36096   21471  124117   170309   4.72
2000-2009     95-99     0.29224  0.79115  2.10   14624   11570   39591    46192   3.16
2000-2009    100-104    0.45180  0.91535  1.75    3054    2796    6188     6601   2.16
2000-2009    105-109    0.62338  0.96778  1.44     259     250     401      412   1.60
2000-2009    110+       0.75363  1.00000  1.33       8       8      11       11   1.33
2010-2019        0      0.00326  0.00325  0.14  100000     325   99721  8520018  85.20
2010-2019      1-4      0.00015  0.00059  1.54   99675      59  398553  8420297  84.48
2010-2019      5-9      0.00007  0.00035  2.37   99615      35  497986  8021744  80.53
2010-2019     10-14     0.00008  0.00038  2.74   99581      38  497819  7523758  75.55
2010-2019     15-19     0.00016  0.00078  2.77   99543      77  497543  7025939  70.58
2010-2019     20-24     0.00022  0.00108  2.50   99466     107  497060  6528396  65.63
2010-2019     25-29     0.00027  0.00133  2.62   99358     132  496479  6031336  60.70
2010-2019     30-34     0.00035  0.00176  2.65   99227     175  495722  5534857  55.78
2010-2019     35-39     0.00057  0.00286  2.71   99052     283  494610  5039135  50.87
2010-2019     40-44     0.00095  0.00473  2.72   98769     468  492778  4544525  46.01
2010-2019     45-49     0.00160  0.00796  2.69   98301     783  489698  4051747  41.22
2010-2019     50-54     0.00249  0.01239  2.65   97518    1208  484751  3562049  36.53
2010-2019     55-59     0.00363  0.01799  2.63   96310    1733  477446  3077299  31.95
2010-2019     60-64     0.00505  0.02493  2.61   94577    2358  467253  2599853  27.49
2010-2019     65-69     0.00704  0.03464  2.63   92219    3194  453530  2132601  23.13
2010-2019     70-74     0.01083  0.05283  2.67   89025    4703  434172  1679071  18.86
2010-2019     75-79     0.01878  0.09001  2.71   84322    7590  404199  1244899  14.76
2010-2019     80-84     0.03758  0.17303  2.71   76732   13277  353273   840700  10.96
2010-2019     85-89     0.07765  0.32793  2.63   63455   20809  267989   487427   7.68
2010-2019     90-94     0.15102  0.54482  2.44   42646   23235  153848   219437   5.15
2010-2019     95-99     0.26827  0.76201  2.17   19412   14792   55137    65589   3.38
2010-2019    100-104    0.42940  0.90459  1.80    4620    4179    9732    10452   2.26
2010-2019    105-109    0.60826  0.96526  1.46     441     425     699      720   1.63
2010-2019    110+       0.74606  1.00000  1.34      15      15      21       21   1.34
2020-2022        0      0.00333  0.00332  0.14  100000     332   99715  8521041  85.21
2020-2022      1-4      0.00014  0.00057  1.54   99668      57  398533  8421326  84.49
2020-2022      5-9      0.00006  0.00031  2.27   99611      31  497973  8022793  80.54
2020-2022     10-14     0.00008  0.00038  2.77   99580      38  497818  7524821  75.57
2020-2022     15-19     0.00015  0.00073  2.85   99543      72  497558  7027002  70.59
2020-2022     20-24     0.00022  0.00108  2.54   99470     107  497088  6529444  65.64
2020-2022     25-29     0.00025  0.00125  2.65   99363     124  496526  6032356  60.71
2020-2022     30-34     0.00035  0.00177  2.66   99239     176  495787  5535830  55.78
2020-2022     35-39     0.00053  0.00264  2.70   99064     262  494716  5040044  50.88
2020-2022     40-44     0.00085  0.00425  2.69   98802     420  493040  4545327  46.00
2020-2022     45-49     0.00139  0.00695  2.70   98382     683  490341  4052287  41.19
2020-2022     50-54     0.00232  0.01154  2.67   97699    1127  485865  3561946  36.46
2020-2022     55-59     0.00345  0.01713  2.66   96572    1654  478984  3076080  31.85
2020-2022     60-64     0.00524  0.02587  2.65   94918    2455  468827  2597097  27.36
2020-2022     65-69     0.00762  0.03743  2.62   92462    3461  454077  2128269  23.02
2020-2022     70-74     0.01139  0.05545  2.65   89001    4935  433408  1674192  18.81
2020-2022     75-79     0.01921  0.09196  2.69   84066    7731  402479  1240785  14.76
2020-2022     80-84     0.03679  0.16961  2.70   76335   12947  351914   838306  10.98
2020-2022     85-89     0.07605  0.32280  2.66   63388   20462  269043   486392   7.67
2020-2022     90-94     0.15459  0.55367  2.44   42926   23767  153740   217350   5.06
2020-2022     95-99     0.27384  0.76991  2.16   19160   14751   53867    63609   3.32
2020-2022    100-104    0.44053  0.91086  1.78    4408    4015    9115     9742   2.21
2020-2022    105-109    0.62336  0.96825  1.44     393     380     610      627   1.59
2020-2022    110+       0.76169  1.00000  1.31      12      12      16       16   1.31
