Iceland, Life tables (period 5x10), Females	Last modified: 24 Apr 2024;  Methods Protocol: v6 (2017)

  Year          Age         mx       qx    ax      lx      dx      Lx       Tx     ex
1838-1839        0      0.38422  0.30408  0.31  100000   30408   79143  3194571  31.95
1838-1839      1-4      0.03855  0.13979  1.33   69592    9728  252350  3115428  44.77
1838-1839      5-9      0.01092  0.05310  2.39   59863    3179  291024  2863078  47.83
1838-1839     10-14     0.00554  0.02725  2.06   56685    1545  278881  2572054  45.37
1838-1839     15-19     0.00674  0.03324  2.85   55140    1833  271758  2293173  41.59
1838-1839     20-24     0.01144  0.05572  2.67   53307    2970  259625  2021415  37.92
1838-1839     25-29     0.01037  0.05038  2.22   50337    2536  244634  1761790  35.00
1838-1839     30-34     0.00778  0.03826  2.84   47801    1829  235050  1517156  31.74
1838-1839     35-39     0.01348  0.06523  2.53   45972    2999  222463  1282106  27.89
1838-1839     40-44     0.01593  0.07659  2.50   42973    3291  206651  1059643  24.66
1838-1839     45-49     0.01631  0.07840  2.52   39682    3111  190703   852992  21.50
1838-1839     50-54     0.02934  0.13749  2.72   36571    5028  171378   662289  18.11
1838-1839     55-59     0.02903  0.13528  2.49   31543    4267  147015   490911  15.56
1838-1839     60-64     0.04609  0.20719  2.56   27276    5651  122607   343896  12.61
1838-1839     65-69     0.05604  0.24611  2.53   21624    5322   94970   221289  10.23
1838-1839     70-74     0.10119  0.40181  2.44   16302    6550   64737   126320   7.75
1838-1839     75-79     0.12495  0.46422  2.23    9752    4527   36231    61583   6.31
1838-1839     80-84     0.17650  0.59730  2.29    5225    3121   17681    25352   4.85
1838-1839     85-89     0.25213  0.73110  2.13    2104    1538    6101     7670   3.65
1838-1839     90-94     0.34590  0.83838  1.93     566     474    1371     1569   2.77
1838-1839     95-99     0.45316  0.91041  1.71      91      83     184      198   2.17
1838-1839    100-104    0.56531  0.95191  1.52       8       8      14       14   1.76
1838-1839    105-109    0.67184  0.97346  1.35       0       0       1        1   1.48
1838-1839    110+       0.75211  1.00000  1.33       0       0       0        0   1.33
1840-1849        0      0.34870  0.28140  0.31  100000   28140   80699  3581527  35.82
1840-1849      1-4      0.02546  0.09531  1.30   71860    6849  268949  3500828  48.72
1840-1849      5-9      0.00540  0.02664  2.58   65011    1732  320864  3231879  49.71
1840-1849     10-14     0.00493  0.02437  2.43   63279    1542  312440  2911015  46.00
1840-1849     15-19     0.00536  0.02647  2.64   61737    1634  304822  2598574  42.09
1840-1849     20-24     0.00790  0.03875  2.53   60103    2329  294754  2293752  38.16
1840-1849     25-29     0.00791  0.03881  2.55   57774    2242  283379  1998998  34.60
1840-1849     30-34     0.01077  0.05251  2.60   55532    2916  270648  1715619  30.89
1840-1849     35-39     0.01347  0.06521  2.55   52616    3431  254664  1444971  27.46
1840-1849     40-44     0.01632  0.07844  2.52   49185    3858  236342  1190306  24.20
1840-1849     45-49     0.01752  0.08403  2.57   45326    3809  217386   953964  21.05
1840-1849     50-54     0.02583  0.12154  2.57   41518    5046  195343   736578  17.74
1840-1849     55-59     0.03337  0.15436  2.58   36472    5630  168728   541235  14.84
1840-1849     60-64     0.05167  0.22902  2.52   30842    7063  136701   372506  12.08
1840-1849     65-69     0.06806  0.29055  2.48   23778    6909  101506   235805   9.92
1840-1849     70-74     0.09615  0.38612  2.45   16870    6514   67748   134299   7.96
1840-1849     75-79     0.12546  0.47416  2.43   10356    4910   39138    66551   6.43
1840-1849     80-84     0.17585  0.59267  2.25    5446    3227   18353    27414   5.03
1840-1849     85-89     0.22589  0.68654  2.14    2218    1523    6741     9060   4.08
1840-1849     90-94     0.28503  0.77073  2.02     695     536    1880     2319   3.34
1840-1849     95-99     0.35244  0.84008  1.89     159     134     380      439   2.75
1840-1849    100-104    0.42621  0.89263  1.74      25      23      53       59   2.31
1840-1849    105-109    0.50348  0.92957  1.61       3       3       5        5   1.97
1840-1849    110+       0.56606  1.00000  1.77       0       0       0        0   1.77
1850-1859        0      0.26299  0.22280  0.31  100000   22280   84718  4079068  40.79
1850-1859      1-4      0.03118  0.11596  1.57   77720    9012  288998  3994350  51.39
1850-1859      5-9      0.01063  0.05150  1.97   68707    3538  332810  3705352  53.93
1850-1859     10-14     0.00442  0.02184  2.32   65169    1423  322033  3372542  51.75
1850-1859     15-19     0.00394  0.01952  2.60   63746    1244  315747  3050509  47.85
1850-1859     20-24     0.00567  0.02797  2.63   62502    1748  308363  2734762  43.75
1850-1859     25-29     0.00714  0.03511  2.54   60753    2133  298512  2426399  39.94
1850-1859     30-34     0.00746  0.03662  2.49   58621    2147  287712  2127887  36.30
1850-1859     35-39     0.00929  0.04546  2.61   56474    2568  276238  1840175  32.58
1850-1859     40-44     0.01104  0.05372  2.51   53907    2896  262324  1563937  29.01
1850-1859     45-49     0.01169  0.05676  2.48   51011    2896  247757  1301613  25.52
1850-1859     50-54     0.01429  0.06913  2.66   48115    3326  232803  1053856  21.90
1850-1859     55-59     0.02349  0.11122  2.62   44789    4981  212077   821053  18.33
1850-1859     60-64     0.03322  0.15374  2.58   39807    6120  184223   608976  15.30
1850-1859     65-69     0.04969  0.22143  2.54   33688    7459  150122   424753  12.61
1850-1859     70-74     0.06190  0.26702  2.43   26228    7003  113146   274631  10.47
1850-1859     75-79     0.08441  0.34796  2.48   19225    6689   79253   161486   8.40
1850-1859     80-84     0.12121  0.46051  2.39   12535    5773   47623    82233   6.56
1850-1859     85-89     0.16840  0.57807  2.29    6763    3909   23215    34610   5.12
1850-1859     90-94     0.22878  0.69317  2.16    2853    1978    8645    11395   3.99
1850-1859     95-99     0.30255  0.79315  2.00     876     694    2295     2750   3.14
1850-1859    100-104    0.38785  0.86967  1.83     181     157     406      455   2.51
1850-1859    105-109    0.48063  0.92158  1.66      24      22      45       49   2.06
1850-1859    110+       0.55686  1.00000  1.80       2       2       3        3   1.80
1860-1869        0      0.29940  0.24839  0.31  100000   24839   82963  3272180  32.72
1860-1869      1-4      0.04474  0.16103  1.51   75161   12103  270531  3189217  42.43
1860-1869      5-9      0.01341  0.06451  2.04   63058    4068  303243  2918686  46.29
1860-1869     10-14     0.00706  0.03470  2.44   58990    2047  289711  2615443  44.34
1860-1869     15-19     0.00767  0.03763  2.56   56944    2143  279492  2325732  40.84
1860-1869     20-24     0.00924  0.04515  2.53   54801    2474  267881  2046240  37.34
1860-1869     25-29     0.00989  0.04827  2.52   52327    2526  255369  1778359  33.99
1860-1869     30-34     0.01117  0.05437  2.55   49801    2708  242374  1522990  30.58
1860-1869     35-39     0.01317  0.06377  2.53   47093    3003  228043  1280616  27.19
1860-1869     40-44     0.01439  0.06942  2.47   44090    3061  212714  1052573  23.87
1860-1869     45-49     0.01776  0.08521  2.63   41029    3496  196873   839859  20.47
1860-1869     50-54     0.02613  0.12290  2.59   37533    4613  176557   642986  17.13
1860-1869     55-59     0.03686  0.16901  2.55   32921    5564  150960   466428  14.17
1860-1869     60-64     0.05286  0.23412  2.56   27357    6405  121171   315468  11.53
1860-1869     65-69     0.07533  0.31757  2.53   20952    6654   88324   194298   9.27
1860-1869     70-74     0.10022  0.39843  2.43   14298    5697   56844   105974   7.41
1860-1869     75-79     0.15056  0.54179  2.41    8601    4660   30952    49130   5.71
1860-1869     80-84     0.19190  0.62710  2.24    3941    2472   12880    18178   4.61
1860-1869     85-89     0.25816  0.73762  2.10    1470    1084    4199     5298   3.60
1860-1869     90-94     0.33737  0.82862  1.93     386     320     947     1099   2.85
1860-1869     95-99     0.42673  0.89462  1.75      66      59     139      152   2.30
1860-1869    100-104    0.52126  0.93734  1.58       7       7      13       13   1.90
1860-1869    105-109    0.61466  0.96268  1.43       0       0       1        1   1.62
1860-1869    110+       0.68794  1.00000  1.45       0       0       0        0   1.45
1870-1879        0      0.21363  0.18633  0.31  100000   18633   87220  4057879  40.58
1870-1879      1-4      0.03699  0.13528  1.47   81367   11008  297596  3970659  48.80
1870-1879      5-9      0.00884  0.04307  1.99   70360    3030  342683  3673063  52.20
1870-1879     10-14     0.00511  0.02523  2.46   67330    1699  332341  3330381  49.46
1870-1879     15-19     0.00481  0.02377  2.51   65631    1560  324269  2998039  45.68
1870-1879     20-24     0.00606  0.02988  2.61   64071    1914  315772  2673770  41.73
1870-1879     25-29     0.00741  0.03640  2.55   62156    2262  305237  2357998  37.94
1870-1879     30-34     0.00948  0.04634  2.61   59894    2775  292823  2052761  34.27
1870-1879     35-39     0.01218  0.05910  2.51   57119    3376  277195  1759938  30.81
1870-1879     40-44     0.01172  0.05694  2.49   53743    3060  261037  1482743  27.59
1870-1879     45-49     0.01378  0.06666  2.59   50683    3379  245264  1221706  24.10
1870-1879     50-54     0.01910  0.09119  2.54   47304    4314  225893   976442  20.64
1870-1879     55-59     0.02451  0.11576  2.61   42991    4976  203040   750549  17.46
1870-1879     60-64     0.03584  0.16492  2.59   38014    6269  174941   547509  14.40
1870-1879     65-69     0.04960  0.22065  2.50   31745    7005  141214   372568  11.74
1870-1879     70-74     0.07125  0.30256  2.51   24740    7486  105056   231354   9.35
1870-1879     75-79     0.10410  0.41096  2.44   17255    7091   68119   126298   7.32
1870-1879     80-84     0.14348  0.52012  2.36   10164    5286   36843    58179   5.72
1870-1879     85-89     0.20314  0.64951  2.22    4877    3168   15594    21336   4.37
1870-1879     90-94     0.27898  0.76634  2.06    1709    1310    4696     5742   3.36
1870-1879     95-99     0.36955  0.85705  1.87     399     342     926     1046   2.62
1870-1879    100-104    0.47026  0.91776  1.68      57      52     111      120   2.09
1870-1879    105-109    0.57378  0.95365  1.50       5       4       8        8   1.73
1870-1879    110+       0.65634  1.00000  1.52       0       0       0        0   1.52
1880-1889        0      0.20701  0.18127  0.31  100000   18127   87567  4083110  40.83
1880-1889      1-4      0.03498  0.12865  1.49   81873   10533  301087  3995544  48.80
1880-1889      5-9      0.00794  0.03867  1.69   71340    2759  347574  3694457  51.79
1880-1889     10-14     0.00442  0.02189  2.68   68581    1501  339422  3346883  48.80
1880-1889     15-19     0.00572  0.02822  2.56   67080    1893  330777  3007460  44.83
1880-1889     20-24     0.00753  0.03701  2.65   65187    2413  320256  2676684  41.06
1880-1889     25-29     0.01114  0.05421  2.56   62774    3403  305572  2356428  37.54
1880-1889     30-34     0.01145  0.05565  2.46   59371    3304  288462  2050856  34.54
1880-1889     35-39     0.01107  0.05389  2.54   56067    3022  272897  1762394  31.43
1880-1889     40-44     0.01390  0.06714  2.46   53046    3562  256181  1489496  28.08
1880-1889     45-49     0.01169  0.05679  2.52   49484    2810  240460  1233315  24.92
1880-1889     50-54     0.01684  0.08091  2.60   46674    3776  224311   992855  21.27
1880-1889     55-59     0.02164  0.10286  2.60   42897    4412  203882   768544  17.92
1880-1889     60-64     0.03375  0.15583  2.54   38485    5997  177684   564662  14.67
1880-1889     65-69     0.04609  0.20763  2.61   32488    6746  146345   386978  11.91
1880-1889     70-74     0.07485  0.31583  2.53   25742    8130  108624   240633   9.35
1880-1889     75-79     0.09619  0.38558  2.43   17612    6791   70596   132009   7.50
1880-1889     80-84     0.14530  0.52460  2.35   10821    5677   39070    61413   5.68
1880-1889     85-89     0.20508  0.65302  2.22    5144    3359   16381    22344   4.34
1880-1889     90-94     0.28083  0.76858  2.06    1785    1372    4885     5963   3.34
1880-1889     95-99     0.37107  0.85816  1.87     413     354     955     1078   2.61
1880-1889    100-104    0.47123  0.91814  1.68      59      54     114      122   2.09
1880-1889    105-109    0.57409  0.95369  1.50       5       5       8        8   1.73
1880-1889    110+       0.65611  1.00000  1.52       0       0       0        0   1.52
1890-1899        0      0.13121  0.12038  0.31  100000   12038   91744  5054314  50.54
1890-1899      1-4      0.01596  0.06118  1.28   87962    5381  337222  4962571  56.42
1890-1899      5-9      0.00448  0.02212  2.27   82581    1826  407925  4625349  56.01
1890-1899     10-14     0.00347  0.01721  2.48   80755    1390  400270  4217424  52.23
1890-1899     15-19     0.00388  0.01923  2.59   79365    1527  393152  3817153  48.10
1890-1899     20-24     0.00543  0.02682  2.61   77839    2088  384207  3424001  43.99
1890-1899     25-29     0.00661  0.03250  2.52   75751    2462  372644  3039794  40.13
1890-1899     30-34     0.00724  0.03556  2.57   73289    2606  360117  2667149  36.39
1890-1899     35-39     0.00929  0.04541  2.54   70683    3209  345511  2307033  32.64
1890-1899     40-44     0.00975  0.04759  2.51   67473    3211  329359  1961522  29.07
1890-1899     45-49     0.01081  0.05264  2.54   64262    3383  312994  1632163  25.40
1890-1899     50-54     0.01481  0.07155  2.64   60879    4356  294103  1319169  21.67
1890-1899     55-59     0.02210  0.10494  2.60   56523    5931  268377  1025066  18.14
1890-1899     60-64     0.03047  0.14203  2.61   50592    7185  235798   756689  14.96
1890-1899     65-69     0.04678  0.21018  2.59   43407    9123  195039   520892  12.00
1890-1899     70-74     0.06697  0.28697  2.51   34284    9838  146918   325853   9.50
1890-1899     75-79     0.09841  0.39511  2.51   24445    9659   98151   178935   7.32
1890-1899     80-84     0.15029  0.53779  2.36   14787    7952   52913    80784   5.46
1890-1899     85-89     0.21960  0.68008  2.20    6835    4648   21166    27871   4.08
1890-1899     90-94     0.30850  0.80210  2.01    2187    1754    5685     6705   3.07
1890-1899     95-99     0.41383  0.88894  1.79     433     385     929     1020   2.36
1890-1899    100-104    0.52785  0.94095  1.58      48      45      86       90   1.87
1890-1899    105-109    0.63969  0.96833  1.40       3       3       4        4   1.56
1890-1899    110+       0.72555  1.00000  1.38       0       0       0        0   1.38
1900-1909        0      0.11067  0.10286  0.31  100000   10286   92945  5277832  52.78
1900-1909      1-4      0.01504  0.05786  1.36   89714    5191  345137  5184887  57.79
1900-1909      5-9      0.00408  0.02020  2.35   84522    1707  418082  4839751  57.26
1900-1909     10-14     0.00431  0.02131  2.62   82815    1765  409871  4421669  53.39
1900-1909     15-19     0.00590  0.02908  2.61   81050    2357  399611  4011797  49.50
1900-1909     20-24     0.00700  0.03440  2.53   78693    2707  386793  3612186  45.90
1900-1909     25-29     0.00748  0.03671  2.44   75986    2789  372783  3225393  42.45
1900-1909     30-34     0.00603  0.02972  2.45   73197    2175  360433  2852610  38.97
1900-1909     35-39     0.00688  0.03385  2.56   71022    2404  349251  2492176  35.09
1900-1909     40-44     0.00776  0.03806  2.51   68618    2612  336583  2142925  31.23
1900-1909     45-49     0.00834  0.04086  2.56   66006    2697  323443  1806342  27.37
1900-1909     50-54     0.01133  0.05518  2.62   63309    3493  308245  1482899  23.42
1900-1909     55-59     0.01641  0.07902  2.65   59816    4727  287996  1174654  19.64
1900-1909     60-64     0.02727  0.12798  2.60   55089    7050  258517   886659  16.09
1900-1909     65-69     0.03755  0.17223  2.60   48039    8274  220330   628142  13.08
1900-1909     70-74     0.05984  0.26109  2.56   39766   10382  173500   407811  10.26
1900-1909     75-79     0.08608  0.35456  2.52   29383   10418  121034   234312   7.97
1900-1909     80-84     0.13411  0.49646  2.39   18965    9415   70207   113278   5.97
1900-1909     85-89     0.19445  0.63356  2.25    9550    6050   31115    43071   4.51
1900-1909     90-94     0.27272  0.75902  2.08    3499    2656    9739    11955   3.42
1900-1909     95-99     0.36758  0.85615  1.88     843     722    1964     2216   2.63
1900-1909    100-104    0.47383  0.91985  1.67     121     112     235      252   2.08
1900-1909    105-109    0.58291  0.95625  1.49      10       9      16       17   1.71
1900-1909    110+       0.66949  1.00000  1.49       0       0       1        1   1.49
1910-1919        0      0.06534  0.06248  0.30  100000    6248   95628  5779069  57.79
1910-1919      1-4      0.00874  0.03423  1.57   93752    3209  367223  5683441  60.62
1910-1919      5-9      0.00334  0.01654  2.15   90543    1498  448447  5316218  58.71
1910-1919     10-14     0.00361  0.01789  2.65   89045    1593  441483  4867771  54.67
1910-1919     15-19     0.00473  0.02338  2.60   87452    2044  432362  4426289  50.61
1910-1919     20-24     0.00642  0.03161  2.56   85408    2700  420454  3993926  46.76
1910-1919     25-29     0.00689  0.03390  2.55   82708    2804  406655  3573472  43.21
1910-1919     30-34     0.00797  0.03908  2.50   79904    3123  391708  3166817  39.63
1910-1919     35-39     0.00752  0.03689  2.46   76781    2833  376719  2775109  36.14
1910-1919     40-44     0.00766  0.03759  2.48   73949    2780  362728  2398390  32.43
1910-1919     45-49     0.00754  0.03701  2.55   71169    2634  349384  2035662  28.60
1910-1919     50-54     0.01035  0.05049  2.59   68535    3460  334353  1686279  24.60
1910-1919     55-59     0.01326  0.06425  2.61   65075    4181  315375  1351926  20.77
1910-1919     60-64     0.02011  0.09599  2.64   60894    5845  290703  1036551  17.02
1910-1919     65-69     0.03158  0.14698  2.65   55049    8091  256230   745848  13.55
1910-1919     70-74     0.05578  0.24600  2.60   46958   11551  207103   489618  10.43
1910-1919     75-79     0.08571  0.35393  2.54   35406   12531  146202   282514   7.98
1910-1919     80-84     0.13156  0.49065  2.41   22875   11224   85310   136313   5.96
1910-1919     85-89     0.19953  0.64473  2.26   11651    7512   37648    51003   4.38
1910-1919     90-94     0.28993  0.78205  2.06    4139    3237   11166    13356   3.23
1910-1919     95-99     0.40010  0.88106  1.82     902     795    1987     2190   2.43
1910-1919    100-104    0.52152  0.93939  1.59     107     101     193      203   1.90
1910-1919    105-109    0.64123  0.96891  1.40       7       6      10       10   1.55
1910-1919    110+       0.73264  1.00000  1.36       0       0       0        0   1.36
1920-1929        0      0.05542  0.05324  0.26  100000    5324   96069  5997895  59.98
1920-1929      1-4      0.00800  0.03136  1.51   94676    2969  371300  5901826  62.34
1920-1929      5-9      0.00242  0.01199  2.11   91707    1100  455359  5530525  60.31
1920-1929     10-14     0.00301  0.01495  2.78   90607    1354  450021  5075167  56.01
1920-1929     15-19     0.00509  0.02513  2.65   89252    2243  440987  4625146  51.82
1920-1929     20-24     0.00640  0.03148  2.51   87009    2739  428219  4184159  48.09
1920-1929     25-29     0.00606  0.02984  2.45   84270    2515  414946  3755940  44.57
1920-1929     30-34     0.00608  0.02993  2.52   81756    2447  402697  3340994  40.87
1920-1929     35-39     0.00679  0.03338  2.55   79309    2647  390066  2938297  37.05
1920-1929     40-44     0.00728  0.03572  2.48   76661    2738  376393  2548231  33.24
1920-1929     45-49     0.00723  0.03553  2.52   73923    2626  363103  2171838  29.38
1920-1929     50-54     0.00944  0.04616  2.64   71297    3291  348712  1808735  25.37
1920-1929     55-59     0.01354  0.06554  2.57   68006    4457  329210  1460024  21.47
1920-1929     60-64     0.01787  0.08574  2.63   63549    5449  304851  1130814  17.79
1920-1929     65-69     0.03000  0.14006  2.64   58100    8138  271281   825963  14.22
1920-1929     70-74     0.04674  0.21030  2.62   49962   10507  224811   554682  11.10
1920-1929     75-79     0.07759  0.32596  2.55   39455   12861  165763   329870   8.36
1920-1929     80-84     0.12215  0.46578  2.45   26594   12387  101413   164107   6.17
1920-1929     85-89     0.19512  0.63770  2.28   14207    9060   46432    62695   4.41
1920-1929     90-94     0.29563  0.79043  2.06    5147    4069   13762    16263   3.16
1920-1929     95-99     0.41996  0.89484  1.79    1079     965    2298     2501   2.32
1920-1929    100-104    0.55574  0.95074  1.54     113     108     194      202   1.78
1920-1929    105-109    0.68489  0.97605  1.34       6       5       8        8   1.46
1920-1929    110+       0.77928  1.00000  1.28       0       0       0        0   1.28
1930-1939        0      0.04076  0.03948  0.20  100000    3948   96860  6482910  64.83
1930-1939      1-4      0.00466  0.01841  1.47   96052    1769  379730  6386050  66.49
1930-1939      5-9      0.00158  0.00787  2.21   94283     742  469345  6006320  63.71
1930-1939     10-14     0.00176  0.00878  2.71   93541     821  465827  5536974  59.19
1930-1939     15-19     0.00321  0.01593  2.77   92720    1477  460310  5071147  54.69
1930-1939     20-24     0.00537  0.02648  2.55   91243    2416  450295  4610838  50.53
1930-1939     25-29     0.00471  0.02329  2.44   88827    2069  438843  4160543  46.84
1930-1939     30-34     0.00514  0.02538  2.57   86758    2202  428434  3721700  42.90
1930-1939     35-39     0.00573  0.02823  2.47   84556    2387  416748  3293266  38.95
1930-1939     40-44     0.00508  0.02505  2.46   82169    2059  405623  2876518  35.01
1930-1939     45-49     0.00572  0.02820  2.60   80111    2259  395135  2470896  30.84
1930-1939     50-54     0.00769  0.03776  2.63   77852    2939  382277  2075760  26.66
1930-1939     55-59     0.01150  0.05600  2.64   74912    4195  364648  1693484  22.61
1930-1939     60-64     0.01690  0.08121  2.60   70717    5743  339822  1328836  18.79
1930-1939     65-69     0.02502  0.11817  2.65   64974    7678  306861   989014  15.22
1930-1939     70-74     0.04374  0.19794  2.60   57296   11341  259296   682153  11.91
1930-1939     75-79     0.06518  0.28125  2.57   45955   12925  198309   422856   9.20
1930-1939     80-84     0.11020  0.43060  2.46   33030   14223  129063   224547   6.80
1930-1939     85-89     0.16576  0.57403  2.32   18807   10796   65130    95484   5.08
1930-1939     90-94     0.24027  0.71372  2.16    8011    5718   23797    30354   3.79
1930-1939     95-99     0.33412  0.82797  1.95    2293    1899    5683     6556   2.86
1930-1939    100-104    0.44292  0.90546  1.74     395     357     807      873   2.21
1930-1939    105-109    0.55782  0.95003  1.53      37      35      64       66   1.78
1930-1939    110+       0.65020  1.00000  1.54       2       2       3        3   1.54
1940-1949        0      0.02987  0.02914  0.16  100000    2914   97560  6939250  69.39
1940-1949      1-4      0.00229  0.00911  1.61   97086     885  386230  6841690  70.47
1940-1949      5-9      0.00103  0.00514  2.46   96201     495  479753  6455460  67.10
1940-1949     10-14     0.00099  0.00493  2.62   95707     472  477409  5975708  62.44
1940-1949     15-19     0.00174  0.00869  2.76   95235     827  474319  5498298  57.73
1940-1949     20-24     0.00286  0.01422  2.58   94408    1343  468793  5023979  53.22
1940-1949     25-29     0.00296  0.01471  2.50   93065    1369  461900  4555186  48.95
1940-1949     30-34     0.00307  0.01521  2.47   91696    1395  454950  4093286  44.64
1940-1949     35-39     0.00289  0.01435  2.57   90301    1296  448361  3638336  40.29
1940-1949     40-44     0.00426  0.02111  2.63   89005    1879  440574  3189975  35.84
1940-1949     45-49     0.00542  0.02676  2.57   87126    2331  429961  2749400  31.56
1940-1949     50-54     0.00701  0.03449  2.61   84795    2925  416991  2319440  27.35
1940-1949     55-59     0.00993  0.04850  2.65   81870    3971  400022  1902449  23.24
1940-1949     60-64     0.01501  0.07249  2.66   77899    5647  376262  1502427  19.29
1940-1949     65-69     0.02435  0.11515  2.64   72253    8320  341608  1126166  15.59
1940-1949     70-74     0.03777  0.17327  2.62   63933   11077  293316   784558  12.27
1940-1949     75-79     0.06191  0.26958  2.61   52855   14249  230167   491241   9.29
1940-1949     80-84     0.10729  0.42286  2.50   38606   16325  152156   261074   6.76
1940-1949     85-89     0.17053  0.58644  2.34   22281   13067   76625   108918   4.89
1940-1949     90-94     0.26133  0.74680  2.13    9215    6881   26333    32293   3.50
1940-1949     95-99     0.37734  0.86645  1.88    2333    2022    5357     5961   2.55
1940-1949    100-104    0.50929  0.93600  1.62     312     292     573      604   1.94
1940-1949    105-109    0.64096  0.96932  1.40      20      19      30       31   1.55
1940-1949    110+       0.74089  1.00000  1.35       1       1       1        1   1.35
1950-1959        0      0.01833  0.01804  0.12  100000    1804   98408  7483375  74.83
1950-1959      1-4      0.00114  0.00455  1.76   98196     447  391785  7384966  75.21
1950-1959      5-9      0.00046  0.00231  1.75   97749     225  488013  6993181  71.54
1950-1959     10-14     0.00029  0.00147  2.70   97524     143  487290  6505168  66.70
1950-1959     15-19     0.00044  0.00222  2.65   97381     216  486396  6017878  61.80
1950-1959     20-24     0.00067  0.00332  2.63   97165     323  485057  5531482  56.93
1950-1959     25-29     0.00082  0.00408  2.54   96842     395  483238  5046425  52.11
1950-1959     30-34     0.00112  0.00559  2.77   96447     539  481032  4563187  47.31
1950-1959     35-39     0.00203  0.01012  2.57   95908     971  477181  4082155  42.56
1950-1959     40-44     0.00208  0.01033  2.63   94937     981  472365  3604974  37.97
1950-1959     45-49     0.00393  0.01946  2.72   93956    1828  465618  3132609  33.34
1950-1959     50-54     0.00545  0.02691  2.54   92128    2479  454542  2666991  28.95
1950-1959     55-59     0.00661  0.03256  2.67   89649    2919  441456  2212448  24.68
1950-1959     60-64     0.01199  0.05831  2.66   86730    5058  421823  1770993  20.42
1950-1959     65-69     0.01843  0.08844  2.71   81673    7223  391831  1349170  16.52
1950-1959     70-74     0.03446  0.15927  2.62   74449   11857  344055   957339  12.86
1950-1959     75-79     0.05350  0.23736  2.63   62592   14857  277681   613284   9.80
1950-1959     80-84     0.10309  0.41068  2.53   47735   19604  190170   335603   7.03
1950-1959     85-89     0.15970  0.56072  2.34   28131   15774   98768   145433   5.17
1950-1959     90-94     0.23959  0.71399  2.17   12358    8823   36827    46664   3.78
1950-1959     95-99     0.34332  0.83775  1.94    3534    2961    8625     9838   2.78
1950-1959    100-104    0.46420  0.91695  1.70     573     526    1133     1213   2.12
1950-1959    105-109    0.59002  0.95881  1.48      48      46      77       80   1.68
1950-1959    110+       0.68932  1.00000  1.45       2       2       3        3   1.45
1960-1969        0      0.01250  0.01237  0.12  100000    1237   98916  7624564  76.25
1960-1969      1-4      0.00091  0.00362  1.69   98763     358  394228  7525648  76.20
1960-1969      5-9      0.00023  0.00115  1.80   98406     113  491667  7131419  72.47
1960-1969     10-14     0.00020  0.00098  2.67   98293      96  491241  6639752  67.55
1960-1969     15-19     0.00032  0.00162  2.75   98197     159  490626  6148511  62.61
1960-1969     20-24     0.00055  0.00273  2.54   98038     268  489531  5657885  57.71
1960-1969     25-29     0.00050  0.00250  2.74   97770     245  488297  5168354  52.86
1960-1969     30-34     0.00104  0.00519  2.58   97525     507  486399  4680057  47.99
1960-1969     35-39     0.00102  0.00509  2.65   97019     494  483934  4193658  43.23
1960-1969     40-44     0.00205  0.01019  2.71   96525     984  480374  3709724  38.43
1960-1969     45-49     0.00299  0.01484  2.65   95541    1418  474376  3229350  33.80
1960-1969     50-54     0.00477  0.02360  2.68   94123    2221  465471  2754974  29.27
1960-1969     55-59     0.00724  0.03558  2.61   91902    3270  451709  2289503  24.91
1960-1969     60-64     0.00993  0.04854  2.67   88632    4302  433136  1837794  20.74
1960-1969     65-69     0.01770  0.08503  2.69   84330    7171  405072  1404658  16.66
1960-1969     70-74     0.03052  0.14241  2.66   77160   10988  360037   999586  12.95
1960-1969     75-79     0.05383  0.23910  2.67   66171   15821  293918   639549   9.67
1960-1969     80-84     0.10453  0.41477  2.51   50350   20884  199794   345631   6.86
1960-1969     85-89     0.16755  0.57951  2.34   29466   17076  101914   145837   4.95
1960-1969     90-94     0.25763  0.74172  2.14   12390    9190   35671    43923   3.54
1960-1969     95-99     0.37346  0.86361  1.89    3200    2764    7400     8251   2.58
1960-1969    100-104    0.50579  0.93479  1.63     436     408     807      851   1.95
1960-1969    105-109    0.63831  0.96889  1.41      28      28      43       44   1.56
1960-1969    110+       0.73906  1.00000  1.35       1       1       1        1   1.35
1970-1979        0      0.00935  0.00927  0.13  100000     927   99193  7821485  78.21
1970-1979      1-4      0.00059  0.00234  1.64   99073     232  395743  7722292  77.95
1970-1979      5-9      0.00025  0.00123  2.26   98841     121  493871  7326549  74.12
1970-1979     10-14     0.00016  0.00081  2.50   98719      80  493396  6832679  69.21
1970-1979     15-19     0.00028  0.00142  2.73   98639     140  492877  6339282  64.27
1970-1979     20-24     0.00042  0.00209  2.56   98499     206  491992  5846406  59.36
1970-1979     25-29     0.00045  0.00223  2.58   98293     219  490935  5354413  54.47
1970-1979     30-34     0.00069  0.00345  2.66   98074     339  489577  4863479  49.59
1970-1979     35-39     0.00117  0.00584  2.73   97735     571  487382  4373902  44.75
1970-1979     40-44     0.00182  0.00904  2.58   97165     878  483695  3886521  40.00
1970-1979     45-49     0.00226  0.01122  2.69   96287    1080  478934  3402826  35.34
1970-1979     50-54     0.00432  0.02138  2.72   95206    2036  471399  2923892  30.71
1970-1979     55-59     0.00681  0.03352  2.64   93170    3123  458471  2452493  26.32
1970-1979     60-64     0.00987  0.04823  2.65   90048    4343  440014  1994021  22.14
1970-1979     65-69     0.01581  0.07626  2.67   85705    6536  413308  1554008  18.13
1970-1979     70-74     0.02525  0.11909  2.62   79169    9429  373448  1140700  14.41
1970-1979     75-79     0.04122  0.18796  2.66   69740   13108  317970   767252  11.00
1970-1979     80-84     0.08079  0.33838  2.60   56632   19163  237182   449282   7.93
1970-1979     85-89     0.14023  0.51575  2.44   37469   19325  137811   212100   5.66
1970-1979     90-94     0.21479  0.67435  2.24   18144   12236   56966    74290   4.09
1970-1979     95-99     0.32249  0.81947  2.00    5909    4842   15015    17323   2.93
1970-1979    100-104    0.45240  0.91239  1.73    1067     973    2151     2309   2.16
1970-1979    105-109    0.58982  0.95936  1.48      93      90     152      157   1.68
1970-1979    110+       0.69815  1.00000  1.43       4       4       5        5   1.43
1980-1989        0      0.00549  0.00546  0.14  100000     546   99529  8004329  80.04
1980-1989      1-4      0.00032  0.00126  1.58   99454     125  397512  7904800  79.48
1980-1989      5-9      0.00020  0.00102  2.38   99329     101  496378  7507288  75.58
1980-1989     10-14     0.00010  0.00049  2.02   99228      49  495991  7010910  70.65
1980-1989     15-19     0.00037  0.00184  2.98   99179     182  495525  6514918  65.69
1980-1989     20-24     0.00026  0.00130  2.31   98996     129  494635  6019394  60.80
1980-1989     25-29     0.00035  0.00175  2.63   98868     173  493928  5524759  55.88
1980-1989     30-34     0.00054  0.00272  2.43   98695     268  492785  5030830  50.97
1980-1989     35-39     0.00084  0.00418  2.83   98426     411  491241  4538046  46.11
1980-1989     40-44     0.00109  0.00543  2.68   98015     532  488845  4046804  41.29
1980-1989     45-49     0.00221  0.01100  2.77   97483    1073  485026  3557960  36.50
1980-1989     50-54     0.00301  0.01493  2.64   96410    1439  478662  3072934  31.87
1980-1989     55-59     0.00510  0.02523  2.71   94971    2396  469375  2594272  27.32
1980-1989     60-64     0.00879  0.04307  2.74   92575    3987  453877  2124897  22.95
1980-1989     65-69     0.01379  0.06678  2.66   88588    5916  429098  1671020  18.86
1980-1989     70-74     0.02385  0.11309  2.72   82672    9350  392033  1241922  15.02
1980-1989     75-79     0.04193  0.19045  2.60   73322   13964  333065   849889  11.59
1980-1989     80-84     0.06865  0.29493  2.61   59358   17506  254995   516824   8.71
1980-1989     85-89     0.11926  0.45764  2.46   41852   19153  160602   261829   6.26
1980-1989     90-94     0.18966  0.62954  2.33   22699   14290   75343   101227   4.46
1980-1989     95-99     0.30395  0.80094  2.05    8409    6735   22158    25885   3.08
1980-1989    100-104    0.43844  0.90600  1.76    1674    1517    3459     3727   2.23
1980-1989    105-109    0.58330  0.95825  1.50     157     151     258      268   1.70
1980-1989    110+       0.69801  1.00000  1.43       7       7       9        9   1.43
1990-1999        0      0.00363  0.00362  0.14  100000     362   99689  8101701  81.02
1990-1999      1-4      0.00023  0.00092  1.81   99638      92  398350  8002012  80.31
1990-1999      5-9      0.00011  0.00057  2.51   99546      57  497589  7603662  76.38
1990-1999     10-14     0.00019  0.00097  3.10   99489      97  497262  7106073  71.43
1990-1999     15-19     0.00031  0.00153  2.59   99392     152  496595  6608811  66.49
1990-1999     20-24     0.00027  0.00137  2.18   99240     136  495819  6112216  61.59
1990-1999     25-29     0.00032  0.00159  2.74   99105     158  495166  5616397  56.67
1990-1999     30-34     0.00039  0.00195  2.43   98947     193  494236  5121231  51.76
1990-1999     35-39     0.00059  0.00295  2.68   98753     291  493093  4626995  46.85
1990-1999     40-44     0.00091  0.00454  2.49   98462     447  491190  4133902  41.98
1990-1999     45-49     0.00194  0.00967  2.86   98015     947  488046  3642712  37.16
1990-1999     50-54     0.00339  0.01680  2.48   97068    1631  481228  3154666  32.50
1990-1999     55-59     0.00516  0.02550  2.56   95437    2434  471240  2673438  28.01
1990-1999     60-64     0.00722  0.03552  2.69   93003    3304  457379  2202198  23.68
1990-1999     65-69     0.01194  0.05810  2.67   89700    5212  436343  1744820  19.45
1990-1999     70-74     0.01999  0.09557  2.71   84488    8074  403910  1308477  15.49
1990-1999     75-79     0.03674  0.16882  2.60   76414   12900  351108   904566  11.84
1990-1999     80-84     0.06650  0.28679  2.60   63514   18215  273916   553459   8.71
1990-1999     85-89     0.11630  0.44921  2.47   45298   20349  174959   279542   6.17
1990-1999     90-94     0.20643  0.66004  2.27   24950   16468   79777   104583   4.19
1990-1999     95-99     0.32190  0.82105  2.02    8482    6964   21634    24807   2.92
1990-1999    100-104    0.46904  0.92169  1.71    1518    1399    2983     3172   2.09
1990-1999    105-109    0.62298  0.96697  1.43     119     115     184      190   1.60
1990-1999    110+       0.74056  1.00000  1.35       4       4       5        5   1.35
2000-2009        0      0.00182  0.00182  0.15  100000     182   99845  8279106  82.79
2000-2009      1-4      0.00021  0.00085  1.34   99818      85  399046  8179262  81.94
2000-2009      5-9      0.00012  0.00061  3.02   99733      60  498546  7780216  78.01
2000-2009     10-14     0.00009  0.00046  3.01   99673      45  498273  7281670  73.06
2000-2009     15-19     0.00020  0.00097  2.79   99627      97  497922  6783397  68.09
2000-2009     20-24     0.00029  0.00147  1.97   99530     147  497207  6285476  63.15
2000-2009     25-29     0.00024  0.00119  2.17   99384     119  496583  5788269  58.24
2000-2009     30-34     0.00034  0.00169  2.62   99265     168  495926  5291686  53.31
2000-2009     35-39     0.00050  0.00247  2.36   99097     245  494839  4795760  48.39
2000-2009     40-44     0.00090  0.00450  2.72   98852     445  493246  4300921  43.51
2000-2009     45-49     0.00135  0.00672  2.83   98408     661  490607  3807674  38.69
2000-2009     50-54     0.00221  0.01099  2.75   97747    1075  486319  3317068  33.94
2000-2009     55-59     0.00405  0.02004  2.51   96672    1937  478533  2830749  29.28
2000-2009     60-64     0.00599  0.02953  2.71   94735    2797  467259  2352216  24.83
2000-2009     65-69     0.01004  0.04903  2.65   91938    4507  449109  1884957  20.50
2000-2009     70-74     0.01728  0.08302  2.64   87431    7259  420041  1435849  16.42
2000-2009     75-79     0.02991  0.13994  2.71   80172   11219  375142  1015807  12.67
2000-2009     80-84     0.05557  0.24512  2.60   68953   16902  304123   640665   9.29
2000-2009     85-89     0.10789  0.42735  2.57   52051   22244  206173   336541   6.47
2000-2009     90-94     0.19449  0.63967  2.32   29807   19067   98031   130368   4.37
2000-2009     95-99     0.31037  0.81024  2.05   10740    8702   28039    32337   3.01
2000-2009    100-104    0.46421  0.92029  1.72    2038    1876    4041     4298   2.11
2000-2009    105-109    0.62655  0.96798  1.43     162     157     251      258   1.59
2000-2009    110+       0.74976  1.00000  1.33       5       5       7        7   1.33
2010-2019        0      0.00174  0.00174  0.15  100000     174   99852  8393878  83.94
2010-2019      1-4      0.00016  0.00064  1.63   99826      64  399154  8294026  83.08
2010-2019      5-9      0.00005  0.00027  1.51   99762      27  498717  7894873  79.14
2010-2019     10-14     0.00007  0.00033  3.21   99735      33  498617  7396156  74.16
2010-2019     15-19     0.00017  0.00086  2.74   99702      86  498317  6897538  69.18
2010-2019     20-24     0.00025  0.00126  2.53   99616     125  497771  6399222  64.24
2010-2019     25-29     0.00018  0.00092  2.75   99491      91  497250  5901450  59.32
2010-2019     30-34     0.00032  0.00158  2.60   99400     157  496621  5404201  54.37
2010-2019     35-39     0.00052  0.00262  2.40   99242     260  495537  4907580  49.45
2010-2019     40-44     0.00074  0.00371  2.72   98983     368  494073  4412042  44.57
2010-2019     45-49     0.00104  0.00520  2.76   98615     512  491926  3917969  39.73
2010-2019     50-54     0.00181  0.00900  2.65   98103     883  488436  3426044  34.92
2010-2019     55-59     0.00311  0.01542  2.73   97220    1499  482697  2937607  30.22
2010-2019     60-64     0.00535  0.02645  2.73   95720    2532  472859  2454910  25.65
2010-2019     65-69     0.00828  0.04062  2.65   93188    3785  457061  1982051  21.27
2010-2019     70-74     0.01460  0.07074  2.83   89403    6324  433305  1524991  17.06
2010-2019     75-79     0.02740  0.12894  2.72   83079   10712  390954  1091686  13.14
2010-2019     80-84     0.05241  0.23314  2.63   72367   16872  321920   700732   9.68
2010-2019     85-89     0.09595  0.38843  2.55   55495   21556  224659   378812   6.83
2010-2019     90-94     0.18157  0.61403  2.36   33939   20840  114775   154154   4.54
2010-2019     95-99     0.31026  0.81120  2.06   13099   10626   34249    39379   3.01
2010-2019    100-104    0.47243  0.92463  1.71    2473    2287    4840     5129   2.07
2010-2019    105-109    0.64237  0.97099  1.41     186     181     282      289   1.55
2010-2019    110+       0.76877  1.00000  1.30       5       5       7        7   1.30
2020-2022        0      0.00242  0.00242  0.14  100000     242   99793  8403170  84.03
2020-2022      1-4      0.00008  0.00031  1.01   99758      31  398940  8303377  83.23
2020-2022      5-9      0.00003  0.00015  2.50   99727      15  498599  7904437  79.26
2020-2022     10-14     0.00011  0.00057  2.79   99712      57  498436  7405838  74.27
2020-2022     15-19     0.00009  0.00045  3.83   99655      45  498224  6907402  69.31
2020-2022     20-24     0.00026  0.00129  2.25   99610     129  497697  6409178  64.34
2020-2022     25-29     0.00020  0.00099  2.33   99482      98  497145  5911481  59.42
2020-2022     30-34     0.00043  0.00217  2.50   99383     216  496375  5414336  54.48
2020-2022     35-39     0.00056  0.00278  2.73   99167     276  495211  4917960  49.59
2020-2022     40-44     0.00091  0.00454  2.55   98892     449  493359  4422749  44.72
2020-2022     45-49     0.00127  0.00635  3.08   98443     625  491012  3929390  39.92
2020-2022     50-54     0.00180  0.00897  2.55   97817     878  486937  3438379  35.15
2020-2022     55-59     0.00279  0.01384  2.56   96940    1341  481421  2951441  30.45
2020-2022     60-64     0.00507  0.02505  2.74   95598    2394  472581  2470021  25.84
2020-2022     65-69     0.00820  0.04022  2.69   93204    3748  457369  1997439  21.43
2020-2022     70-74     0.01324  0.06422  2.69   89455    5745  433992  1540070  17.22
2020-2022     75-79     0.02582  0.12196  2.72   83710   10209  395315  1106078  13.21
2020-2022     80-84     0.04934  0.22149  2.69   73501   16280  329972   710762   9.67
2020-2022     85-89     0.09982  0.40182  2.57   57221   22992  230348   380790   6.65
2020-2022     90-94     0.18929  0.63095  2.36   34229   21597  114091   150443   4.40
2020-2022     95-99     0.32615  0.82850  2.03   12632   10466   32089    36352   2.88
2020-2022    100-104    0.49957  0.93604  1.66    2166    2028    4059     4263   1.97
2020-2022    105-109    0.67549  0.97613  1.36     139     135     200      204   1.47
2020-2022    110+       0.80067  1.00000  1.25       3       3       4        4   1.25
