Netherlands, Life tables (period 5x10), Females	Last modified: 06 Oct 2023;  Methods Protocol: v6 (2017)

  Year          Age         mx       qx    ax      lx      dx      Lx       Tx     ex
1850-1859        0      0.22281  0.19327  0.31  100000   19327   86743  3772299  37.72
1850-1859      1-4      0.03929  0.14242  1.37   80673   11490  292441  3685555  45.69
1850-1859      5-9      0.01002  0.04873  2.15   69183    3371  336317  3393114  49.05
1850-1859     10-14     0.00568  0.02798  2.43   65812    1841  324324  3056797  46.45
1850-1859     15-19     0.00653  0.03217  2.61   63971    2058  314941  2732472  42.71
1850-1859     20-24     0.00830  0.04063  2.49   61913    2516  303258  2417531  39.05
1850-1859     25-29     0.01026  0.05004  2.55   59397    2972  289698  2114273  35.60
1850-1859     30-34     0.01246  0.06048  2.60   56425    3413  273923  1824575  32.34
1850-1859     35-39     0.01455  0.07030  2.60   53013    3727  256136  1550652  29.25
1850-1859     40-44     0.01492  0.07185  2.42   49286    3541  237281  1294516  26.27
1850-1859     45-49     0.01502  0.07238  2.51   45745    3311  220481  1057235  23.11
1850-1859     50-54     0.01885  0.09010  2.56   42434    3823  202842   836754  19.72
1850-1859     55-59     0.02466  0.11634  2.58   38611    4492  182165   633912  16.42
1850-1859     60-64     0.03675  0.16896  2.62   34119    5765  156862   451747  13.24
1850-1859     65-69     0.05657  0.24837  2.54   28354    7042  124481   294886  10.40
1850-1859     70-74     0.08753  0.35966  2.52   21312    7665   87565   170405   8.00
1850-1859     75-79     0.13199  0.49082  2.39   13647    6698   50746    82840   6.07
1850-1859     80-84     0.18779  0.62312  2.30    6949    4330   23057    32094   4.62
1850-1859     85-89     0.27174  0.75665  2.07    2619    1982    7292     9037   3.45
1850-1859     90-94     0.34897  0.84269  1.93     637     537    1539     1744   2.74
1850-1859     95-99     0.48058  0.92328  1.67     100      93     193      205   2.05
1850-1859    100-104    0.59527  0.95945  1.47       8       7      12       13   1.67
1850-1859    105-109    0.70119  0.97756  1.31       0       0       0        0   1.42
1850-1859    110+       0.77923  1.00000  1.28       0       0       0        0   1.28
1860-1869        0      0.22373  0.19397  0.31  100000   19397   86696  3846061  38.46
1860-1869      1-4      0.03819  0.13894  1.40   80603   11199  293243  3759365  46.64
1860-1869      5-9      0.01034  0.05022  2.16   69404    3485  337118  3466122  49.94
1860-1869     10-14     0.00584  0.02876  2.40   65919    1896  324668  3129004  47.47
1860-1869     15-19     0.00663  0.03261  2.55   64023    2088  315007  2804336  43.80
1860-1869     20-24     0.00761  0.03736  2.56   61935    2314  304034  2489329  40.19
1860-1869     25-29     0.00951  0.04649  2.57   59621    2772  291376  2185295  36.65
1860-1869     30-34     0.01152  0.05603  2.55   56849    3185  276455  1893919  33.31
1860-1869     35-39     0.01355  0.06557  2.54   53664    3519  259659  1617464  30.14
1860-1869     40-44     0.01414  0.06826  2.45   50145    3423  242014  1357805  27.08
1860-1869     45-49     0.01397  0.06750  2.51   46722    3154  225758  1115792  23.88
1860-1869     50-54     0.01713  0.08223  2.56   43568    3583  209116   890034  20.43
1860-1869     55-59     0.02278  0.10795  2.59   39986    4316  189511   680918  17.03
1860-1869     60-64     0.03402  0.15723  2.59   35669    5608  164838   491407  13.78
1860-1869     65-69     0.05166  0.22945  2.57   30061    6897  133518   326569  10.86
1860-1869     70-74     0.08072  0.33635  2.52   23163    7791   96521   193050   8.33
1860-1869     75-79     0.12466  0.47154  2.42   15372    7249   58149    96530   6.28
1860-1869     80-84     0.18175  0.61049  2.31    8124    4959   27287    38380   4.72
1860-1869     85-89     0.26245  0.74644  2.11    3164    2362    9000    11093   3.51
1860-1869     90-94     0.36966  0.85626  1.87     802     687    1859     2094   2.61
1860-1869     95-99     0.48291  0.92462  1.66     115     107     221      235   2.04
1860-1869    100-104    0.60175  0.96110  1.46       9       8      14       14   1.65
1860-1869    105-109    0.71057  0.97882  1.30       0       0       0        0   1.40
1860-1869    110+       0.78982  1.00000  1.27       0       0       0        0   1.27
1870-1879        0      0.22850  0.19754  0.31  100000   19754   86451  4032235  40.32
1870-1879      1-4      0.03294  0.12113  1.33   80246    9720  295059  3945784  49.17
1870-1879      5-9      0.00797  0.03897  2.13   70526    2749  344731  3650725  51.76
1870-1879     10-14     0.00480  0.02371  2.49   67777    1607  334861  3305994  48.78
1870-1879     15-19     0.00624  0.03074  2.59   66170    2034  325944  2971133  44.90
1870-1879     20-24     0.00750  0.03684  2.58   64136    2363  314961  2645189  41.24
1870-1879     25-29     0.00910  0.04449  2.55   61773    2748  302133  2330228  37.72
1870-1879     30-34     0.01089  0.05303  2.55   59025    3130  287458  2028095  34.36
1870-1879     35-39     0.01232  0.05978  2.50   55895    3341  271119  1740637  31.14
1870-1879     40-44     0.01247  0.06046  2.47   52554    3177  254720  1469518  27.96
1870-1879     45-49     0.01248  0.06050  2.50   49376    2987  239429  1214798  24.60
1870-1879     50-54     0.01539  0.07420  2.57   46389    3442  223591   975369  21.03
1870-1879     55-59     0.02056  0.09801  2.62   42947    4209  204705   751778  17.50
1870-1879     60-64     0.03138  0.14603  2.62   38737    5657  180248   547073  14.12
1870-1879     65-69     0.04867  0.21774  2.58   33080    7203  147985   366825  11.09
1870-1879     70-74     0.07862  0.32942  2.54   25878    8525  108424   218839   8.46
1870-1879     75-79     0.12281  0.46638  2.42   17353    8093   65898   110415   6.36
1870-1879     80-84     0.17657  0.59928  2.32    9260    5549   31429    44517   4.81
1870-1879     85-89     0.25958  0.73911  2.09    3711    2743   10565    13088   3.53
1870-1879     90-94     0.37017  0.86291  1.91     968     835    2257     2523   2.61
1870-1879     95-99     0.49166  0.92865  1.65     133     123     251      266   2.00
1870-1879    100-104    0.61561  0.96425  1.44       9       9      15       15   1.62
1870-1879    105-109    0.72715  0.98083  1.28       0       0       0        0   1.37
1870-1879    110+       0.80679  1.00000  1.24       0       0       0        0   1.24
1880-1889        0      0.20132  0.17689  0.31  100000   17689   87867  4434303  44.34
1880-1889      1-4      0.02829  0.10519  1.32   82311    8658  306046  4346436  52.81
1880-1889      5-9      0.00615  0.03020  2.11   73652    2224  361826  4040389  54.86
1880-1889     10-14     0.00376  0.01865  2.52   71428    1332  353829  3678564  51.50
1880-1889     15-19     0.00497  0.02454  2.57   70096    1720  346298  3324735  47.43
1880-1889     20-24     0.00579  0.02854  2.59   68375    1951  337169  2978437  43.56
1880-1889     25-29     0.00731  0.03591  2.56   66424    2386  326309  2641268  39.76
1880-1889     30-34     0.00883  0.04324  2.55   64039    2769  313403  2314959  36.15
1880-1889     35-39     0.01021  0.04980  2.55   61270    3051  298861  2001556  32.67
1880-1889     40-44     0.01076  0.05237  2.45   58218    3049  283330  1702695  29.25
1880-1889     45-49     0.01054  0.05134  2.53   55169    2832  268851  1419365  25.73
1880-1889     50-54     0.01341  0.06493  2.59   52337    3398  253488  1150514  21.98
1880-1889     55-59     0.01859  0.08902  2.61   48938    4356  234272   897026  18.33
1880-1889     60-64     0.02804  0.13154  2.65   44582    5864  209120   662753  14.87
1880-1889     65-69     0.04453  0.20114  2.60   38718    7788  174879   453633  11.72
1880-1889     70-74     0.06980  0.29798  2.55   30930    9217  132037   278755   9.01
1880-1889     75-79     0.11006  0.42943  2.44   21713    9324   84724   146717   6.76
1880-1889     80-84     0.16752  0.57899  2.33   12389    7173   42818    61993   5.00
1880-1889     85-89     0.24795  0.72423  2.13    5216    3777   15235    19175   3.68
1880-1889     90-94     0.35004  0.84719  1.95    1438    1219    3481     3941   2.74
1880-1889     95-99     0.47035  0.91949  1.69     220     202     430      459   2.09
1880-1889    100-104    0.59312  0.95937  1.47      18      17      29       30   1.67
1880-1889    105-109    0.70621  0.97839  1.31       1       1       1        1   1.41
1880-1889    110+       0.78850  1.00000  1.27       0       0       0        0   1.27
1890-1899        0      0.17454  0.15588  0.31  100000   15588   89308  4830728  48.31
1890-1899      1-4      0.02091  0.07910  1.25   84412    6677  319303  4741419  56.17
1890-1899      5-9      0.00433  0.02138  2.18   77735    1662  383986  4422117  56.89
1890-1899     10-14     0.00315  0.01561  2.57   76073    1188  377484  4038131  53.08
1890-1899     15-19     0.00422  0.02091  2.55   74885    1566  370598  3660647  48.88
1890-1899     20-24     0.00495  0.02448  2.55   73320    1795  362200  3290049  44.87
1890-1899     25-29     0.00599  0.02953  2.55   71525    2112  352449  2927849  40.93
1890-1899     30-34     0.00725  0.03561  2.57   69412    2472  341057  2575400  37.10
1890-1899     35-39     0.00856  0.04190  2.55   66940    2805  327843  2234344  33.38
1890-1899     40-44     0.00930  0.04545  2.48   64135    2915  313337  1906501  29.73
1890-1899     45-49     0.00989  0.04828  2.55   61220    2956  298861  1593164  26.02
1890-1899     50-54     0.01271  0.06168  2.60   58264    3594  282707  1294303  22.21
1890-1899     55-59     0.01782  0.08547  2.62   54671    4673  262216  1011596  18.50
1890-1899     60-64     0.02746  0.12896  2.64   49998    6448  234777   749380  14.99
1890-1899     65-69     0.04321  0.19568  2.59   43550    8522  197221   514603  11.82
1890-1899     70-74     0.06902  0.29500  2.54   35028   10333  149715   317383   9.06
1890-1899     75-79     0.10947  0.42804  2.45   24695   10570   96555   167668   6.79
1890-1899     80-84     0.16611  0.57639  2.35   14124    8141   49010    71113   5.03
1890-1899     85-89     0.24522  0.72070  2.14    5983    4312   17585    22103   3.69
1890-1899     90-94     0.35511  0.84987  1.93    1671    1420    3999     4519   2.70
1890-1899     95-99     0.47508  0.92181  1.68     251     231     487      519   2.07
1890-1899    100-104    0.60035  0.96111  1.46      20      19      31       32   1.66
1890-1899    105-109    0.71475  0.97947  1.29       1       1       1        1   1.40
1890-1899    110+       0.79718  1.00000  1.25       0       0       0        0   1.25
1900-1909        0      0.14098  0.12855  0.31  100000   12855   91183  5299091  52.99
1900-1909      1-4      0.01537  0.05900  1.25   87145    5141  334451  5207908  59.76
1900-1909      5-9      0.00332  0.01644  2.16   82004    1348  406185  4873457  59.43
1900-1909     10-14     0.00240  0.01194  2.59   80655     963  400952  4467272  55.39
1900-1909     15-19     0.00354  0.01755  2.57   79692    1398  395059  4066320  51.03
1900-1909     20-24     0.00413  0.02044  2.55   78294    1600  387554  3671262  46.89
1900-1909     25-29     0.00477  0.02355  2.54   76694    1806  379029  3283707  42.82
1900-1909     30-34     0.00553  0.02727  2.55   74887    2042  369436  2904678  38.79
1900-1909     35-39     0.00639  0.03147  2.56   72845    2292  358627  2535241  34.80
1900-1909     40-44     0.00728  0.03578  2.51   70553    2524  346491  2176614  30.85
1900-1909     45-49     0.00835  0.04091  2.57   68029    2783  333377  1830124  26.90
1900-1909     50-54     0.01140  0.05547  2.58   65246    3619  317483  1496746  22.94
1900-1909     55-59     0.01604  0.07727  2.63   61626    4762  296830  1179264  19.14
1900-1909     60-64     0.02529  0.11929  2.63   56864    6784  268243   882433  15.52
1900-1909     65-69     0.03996  0.18240  2.61   50081    9135  228600   614191  12.26
1900-1909     70-74     0.06433  0.27797  2.56   40946   11382  176920   385591   9.42
1900-1909     75-79     0.10251  0.40708  2.47   29564   12035  117397   208672   7.06
1900-1909     80-84     0.15843  0.55759  2.34   17529    9774   61693    91275   5.21
1900-1909     85-89     0.23689  0.70854  2.16    7755    5495   23195    29582   3.81
1900-1909     90-94     0.33859  0.83972  2.00    2260    1898    5606     6387   2.83
1900-1909     95-99     0.45460  0.91213  1.72     362     330     727      782   2.16
1900-1909    100-104    0.57767  0.95572  1.50      32      30      53       55   1.72
1900-1909    105-109    0.69273  0.97670  1.32       1       1       2        2   1.44
1900-1909    110+       0.77733  1.00000  1.29       0       0       0        0   1.29
1910-1919        0      0.10187  0.09522  0.31  100000    9522   93469  5602246  56.02
1910-1919      1-4      0.01310  0.05057  1.26   90478    4575  349358  5508777  60.89
1910-1919      5-9      0.00285  0.01412  2.18   85903    1213  426093  5159419  60.06
1910-1919     10-14     0.00235  0.01167  2.66   84690     988  421139  4733327  55.89
1910-1919     15-19     0.00364  0.01804  2.61   83702    1510  414899  4312188  51.52
1910-1919     20-24     0.00420  0.02079  2.54   82192    1709  406765  3897289  47.42
1910-1919     25-29     0.00485  0.02397  2.56   80484    1930  397714  3490523  43.37
1910-1919     30-34     0.00534  0.02635  2.53   78554    2070  387659  3092810  39.37
1910-1919     35-39     0.00610  0.03004  2.53   76484    2297  376751  2705151  35.37
1910-1919     40-44     0.00677  0.03331  2.52   74187    2471  364810  2328400  31.39
1910-1919     45-49     0.00802  0.03932  2.57   71716    2820  351739  1963590  27.38
1910-1919     50-54     0.01062  0.05178  2.60   68896    3568  335928  1611851  23.40
1910-1919     55-59     0.01516  0.07319  2.65   65328    4781  315413  1275923  19.53
1910-1919     60-64     0.02343  0.11100  2.63   60547    6721  286812   960510  15.86
1910-1919     65-69     0.03805  0.17452  2.63   53826    9394  246866   673698  12.52
1910-1919     70-74     0.06142  0.26734  2.58   44433   11879  193388   426832   9.61
1910-1919     75-79     0.09939  0.39752  2.48   32554   12941  130209   233444   7.17
1910-1919     80-84     0.15480  0.54955  2.36   19613   10778   69627   103235   5.26
1910-1919     85-89     0.23749  0.71038  2.17    8835    6276   26425    33608   3.80
1910-1919     90-94     0.33929  0.83576  1.96    2559    2138    6303     7183   2.81
1910-1919     95-99     0.46905  0.91953  1.69     420     386     824      880   2.09
1910-1919    100-104    0.59881  0.96099  1.47      34      32      54       56   1.66
1910-1919    105-109    0.71717  0.97985  1.29       1       1       2        2   1.39
1910-1919    110+       0.80183  1.00000  1.25       0       0       0        0   1.25
1920-1929        0      0.06129  0.05871  0.28  100000    5871   95799  6243552  62.44
1920-1929      1-4      0.00670  0.02631  1.31   94129    2477  369842  6147753  65.31
1920-1929      5-9      0.00168  0.00834  2.19   91652     765  456110  5777911  63.04
1920-1929     10-14     0.00134  0.00667  2.67   90888     606  453023  5321800  58.55
1920-1929     15-19     0.00230  0.01145  2.64   90281    1034  448972  4868777  53.93
1920-1929     20-24     0.00281  0.01395  2.52   89248    1245  443149  4419806  49.52
1920-1929     25-29     0.00319  0.01582  2.52   88002    1392  436563  3976657  45.19
1920-1929     30-34     0.00359  0.01780  2.57   86610    1542  429302  3540094  40.87
1920-1929     35-39     0.00440  0.02178  2.58   85068    1853  420854  3110792  36.57
1920-1929     40-44     0.00525  0.02592  2.56   83215    2157  410816  2689938  32.33
1920-1929     45-49     0.00672  0.03305  2.62   81058    2679  398914  2279122  28.12
1920-1929     50-54     0.00947  0.04630  2.62   78379    3629  383254  1880208  23.99
1920-1929     55-59     0.01390  0.06731  2.63   74750    5031  361851  1496954  20.03
1920-1929     60-64     0.02182  0.10380  2.66   69719    7237  331628  1135103  16.28
1920-1929     65-69     0.03562  0.16428  2.64   62482   10265  288174   803475  12.86
1920-1929     70-74     0.05848  0.25627  2.59   52217   13382  228840   515301   9.87
1920-1929     75-79     0.09520  0.38436  2.50   38836   14927  156791   286461   7.38
1920-1929     80-84     0.14885  0.53530  2.38   23909   12798   85982   129670   5.42
1920-1929     85-89     0.22620  0.69330  2.21   11111    7703   34054    43687   3.93
1920-1929     90-94     0.33785  0.83649  1.98    3408    2850    8437     9634   2.83
1920-1929     95-99     0.45646  0.91367  1.72     557     509    1115     1197   2.15
1920-1929    100-104    0.58636  0.95817  1.49      48      46      79       81   1.69
1920-1929    105-109    0.70637  0.97859  1.31       2       2       3        3   1.41
1920-1929    110+       0.79301  1.00000  1.26       0       0       0        0   1.26
1930-1939        0      0.03756  0.03646  0.19  100000    3646   97056  6696960  66.97
1930-1939      1-4      0.00350  0.01389  1.42   96354    1338  381963  6599904  68.50
1930-1939      5-9      0.00112  0.00556  2.27   95016     528  473639  6217941  65.44
1930-1939     10-14     0.00087  0.00435  2.59   94488     411  471448  5744302  60.79
1930-1939     15-19     0.00142  0.00706  2.64   94077     664  468820  5272854  56.05
1930-1939     20-24     0.00175  0.00872  2.55   93413     814  465070  4804034  51.43
1930-1939     25-29     0.00207  0.01028  2.57   92599     952  460679  4338964  46.86
1930-1939     30-34     0.00250  0.01240  2.59   91647    1137  455501  3878285  42.32
1930-1939     35-39     0.00312  0.01550  2.59   90511    1403  449170  3422784  37.82
1930-1939     40-44     0.00393  0.01947  2.60   89108    1735  441367  2973614  33.37
1930-1939     45-49     0.00548  0.02703  2.65   87373    2362  431302  2532247  28.98
1930-1939     50-54     0.00834  0.04090  2.65   85011    3477  416879  2100945  24.71
1930-1939     55-59     0.01250  0.06072  2.63   81534    4951  395943  1684066  20.65
1930-1939     60-64     0.02011  0.09599  2.65   76583    7351  365632  1288123  16.82
1930-1939     65-69     0.03246  0.15071  2.63   69232   10434  321469   922491  13.32
1930-1939     70-74     0.05434  0.24028  2.59   58798   14128  260010   601022  10.22
1930-1939     75-79     0.08936  0.36557  2.51   44670   16330  182753   341012   7.63
1930-1939     80-84     0.14333  0.52106  2.38   28340   14767  103023   158258   5.58
1930-1939     85-89     0.21671  0.67609  2.22   13573    9177   42345    55235   4.07
1930-1939     90-94     0.32402  0.82022  1.99    4397    3606   11129    12890   2.93
1930-1939     95-99     0.43890  0.90457  1.75     790     715    1629     1761   2.23
1930-1939    100-104    0.56657  0.95315  1.52      75      72     127      132   1.75
1930-1939    105-109    0.68700  0.97608  1.33       4       3       5        5   1.45
1930-1939    110+       0.77554  1.00000  1.29       0       0       0        0   1.29
1940-1949        0      0.03716  0.03608  0.19  100000    3608   97081  6760882  67.61
1940-1949      1-4      0.00357  0.01416  1.60   96392    1365  382300  6663801  69.13
1940-1949      5-9      0.00133  0.00662  2.20   95027     629  473379  6281501  66.10
1940-1949     10-14     0.00102  0.00509  2.59   94398     481  470833  5808123  61.53
1940-1949     15-19     0.00147  0.00734  2.64   93918     690  467957  5337290  56.83
1940-1949     20-24     0.00187  0.00929  2.56   93228     866  464028  4869333  52.23
1940-1949     25-29     0.00193  0.00960  2.53   92362     887  459618  4405304  47.70
1940-1949     30-34     0.00221  0.01101  2.53   91475    1007  454889  3945686  43.13
1940-1949     35-39     0.00269  0.01335  2.60   90468    1208  449444  3490797  38.59
1940-1949     40-44     0.00349  0.01729  2.60   89260    1543  442594  3041353  34.07
1940-1949     45-49     0.00488  0.02412  2.64   87717    2115  433600  2598759  29.63
1940-1949     50-54     0.00718  0.03531  2.65   85602    3023  420891  2165159  25.29
1940-1949     55-59     0.01107  0.05395  2.65   82579    4455  402414  1744268  21.12
1940-1949     60-64     0.01778  0.08534  2.66   78123    6667  375005  1341854  17.18
1940-1949     65-69     0.03017  0.14087  2.65   71456   10066  333613   966849  13.53
1940-1949     70-74     0.05181  0.23050  2.61   61390   14151  273128   633236  10.31
1940-1949     75-79     0.08741  0.35973  2.54   47239   16994  194413   360108   7.62
1940-1949     80-84     0.14455  0.52550  2.40   30246   15894  109954   165695   5.48
1940-1949     85-89     0.22888  0.69851  2.21   14352   10025   43800    55741   3.88
1940-1949     90-94     0.34567  0.84225  1.96    4327    3644   10543    11941   2.76
1940-1949     95-99     0.47996  0.92514  1.68     683     631    1316     1398   2.05
1940-1949    100-104    0.61940  0.96568  1.44      51      49      80       82   1.61
1940-1949    105-109    0.74297  0.98276  1.26       2       2       2        2   1.34
1940-1949    110+       0.82812  1.00000  1.21       0       0       0        0   1.21
1950-1959        0      0.01858  0.01828  0.12  100000    1828   98389  7384798  73.85
1950-1959      1-4      0.00149  0.00595  1.45   98172     584  391198  7286409  74.22
1950-1959      5-9      0.00046  0.00230  2.21   97588     224  487312  6895211  70.66
1950-1959     10-14     0.00033  0.00166  2.60   97363     162  486428  6407899  65.81
1950-1959     15-19     0.00042  0.00207  2.58   97202     202  485520  5921471  60.92
1950-1959     20-24     0.00053  0.00265  2.61   97000     257  484385  5435951  56.04
1950-1959     25-29     0.00068  0.00339  2.63   96743     328  482936  4951566  51.18
1950-1959     30-34     0.00095  0.00473  2.64   96415     456  480997  4468629  46.35
1950-1959     35-39     0.00137  0.00683  2.64   95958     655  478246  3987632  41.56
1950-1959     40-44     0.00200  0.00995  2.66   95303     948  474295  3509386  36.82
1950-1959     45-49     0.00310  0.01541  2.67   94355    1454  468387  3035091  32.17
1950-1959     50-54     0.00477  0.02361  2.65   92901    2193  459354  2566705  27.63
1950-1959     55-59     0.00753  0.03699  2.67   90708    3355  445724  2107350  23.23
1950-1959     60-64     0.01260  0.06122  2.70   87353    5348  424443  1661626  19.02
1950-1959     65-69     0.02236  0.10631  2.68   82005    8718  389830  1237183  15.09
1950-1959     70-74     0.04013  0.18344  2.66   73287   13444  334999   847354  11.56
1950-1959     75-79     0.07169  0.30549  2.58   59843   18281  254996   512354   8.56
1950-1959     80-84     0.12107  0.46275  2.45   41562   19233  158851   257358   6.19
1950-1959     85-89     0.19617  0.63929  2.28   22329   14275   72767    98507   4.41
1950-1959     90-94     0.29113  0.78548  2.07    8054    6326   21730    25739   3.20
1950-1959     95-99     0.41951  0.89461  1.79    1728    1546    3685     4009   2.32
1950-1959    100-104    0.55564  0.95074  1.54     182     173     312      325   1.78
1950-1959    105-109    0.68513  0.97609  1.34       9       9      13       13   1.46
1950-1959    110+       0.77972  1.00000  1.28       0       0       0        0   1.28
1960-1969        0      0.01284  0.01270  0.12  100000    1270   98886  7603986  76.04
1960-1969      1-4      0.00093  0.00373  1.52   98730     368  394007  7505100  76.02
1960-1969      5-9      0.00036  0.00181  2.25   98362     178  491318  7111093  72.30
1960-1969     10-14     0.00028  0.00138  2.56   98184     135  490590  6619775  67.42
1960-1969     15-19     0.00035  0.00177  2.54   98049     174  489817  6129185  62.51
1960-1969     20-24     0.00040  0.00199  2.58   97875     195  488903  5639368  57.62
1960-1969     25-29     0.00051  0.00254  2.61   97680     248  487810  5150465  52.73
1960-1969     30-34     0.00070  0.00349  2.62   97433     340  486352  4662654  47.86
1960-1969     35-39     0.00108  0.00537  2.67   97092     521  484246  4176302  43.01
1960-1969     40-44     0.00171  0.00850  2.67   96571     821  480943  3692057  38.23
1960-1969     45-49     0.00269  0.01337  2.67   95750    1280  475767  3211114  33.54
1960-1969     50-54     0.00414  0.02052  2.66   94470    1939  467808  2735347  28.95
1960-1969     55-59     0.00636  0.03136  2.67   92531    2901  455904  2267539  24.51
1960-1969     60-64     0.01055  0.05149  2.70   89630    4615  437525  1811635  20.21
1960-1969     65-69     0.01855  0.08892  2.69   85015    7560  407641  1374110  16.16
1960-1969     70-74     0.03362  0.15589  2.67   77455   12074  359162   966468  12.48
1960-1969     75-79     0.06079  0.26543  2.61   65380   17354  285454   607307   9.29
1960-1969     80-84     0.10683  0.42131  2.49   48027   20234  189407   321853   6.70
1960-1969     85-89     0.17584  0.59849  2.33   27793   16634   94593   132446   4.77
1960-1969     90-94     0.27093  0.76014  2.11   11159    8483   31309    37853   3.39
1960-1969     95-99     0.39588  0.88015  1.85    2677    2356    5951     6544   2.44
1960-1969    100-104    0.53466  0.94484  1.58     321     303     567      593   1.85
1960-1969    105-109    0.66954  0.97403  1.36      18      17      26       26   1.49
1960-1969    110+       0.76913  1.00000  1.30       0       0       1        1   1.30
1970-1979        0      0.00905  0.00898  0.13  100000     898   99219  7765978  77.66
1970-1979      1-4      0.00068  0.00270  1.54   99102     267  395750  7666758  77.36
1970-1979      5-9      0.00029  0.00143  2.31   98835     141  493794  7271009  73.57
1970-1979     10-14     0.00025  0.00125  2.62   98693     123  493175  6777215  68.67
1970-1979     15-19     0.00038  0.00189  2.60   98571     187  492405  6284040  63.75
1970-1979     20-24     0.00039  0.00197  2.47   98384     194  491430  5791634  58.87
1970-1979     25-29     0.00045  0.00226  2.60   98190     222  490419  5300204  53.98
1970-1979     30-34     0.00066  0.00330  2.68   97968     324  489091  4809785  49.10
1970-1979     35-39     0.00095  0.00476  2.70   97644     465  487154  4320694  44.25
1970-1979     40-44     0.00158  0.00789  2.71   97180     766  484142  3833541  39.45
1970-1979     45-49     0.00264  0.01311  2.68   96413    1264  479137  3349399  34.74
1970-1979     50-54     0.00395  0.01958  2.65   95149    1863  471359  2870262  30.17
1970-1979     55-59     0.00585  0.02887  2.65   93286    2693  460113  2398902  25.72
1970-1979     60-64     0.00928  0.04541  2.68   90593    4114  443438  1938789  21.40
1970-1979     65-69     0.01578  0.07615  2.70   86479    6585  417229  1495350  17.29
1970-1979     70-74     0.02821  0.13244  2.69   79894   10581  375015  1078122  13.49
1970-1979     75-79     0.05109  0.22792  2.64   69313   15798  309204   703107  10.14
1970-1979     80-84     0.09107  0.37202  2.54   53515   19909  218607   393903   7.36
1970-1979     85-89     0.15439  0.55034  2.39   33606   18495  119794   175296   5.22
1970-1979     90-94     0.24517  0.72445  2.18   15112   10948   44652    55503   3.67
1970-1979     95-99     0.36841  0.86085  1.91    4164    3585    9730    10850   2.61
1970-1979    100-104    0.51006  0.93704  1.62     579     543    1064     1120   1.93
1970-1979    105-109    0.65138  0.97143  1.39      36      35      54       56   1.53
1970-1979    110+       0.75708  1.00000  1.32       1       1       1        1   1.32
1980-1989        0      0.00687  0.00683  0.13  100000     683   99410  7965482  79.65
1980-1989      1-4      0.00042  0.00168  1.56   99317     166  396863  7866073  79.20
1980-1989      5-9      0.00017  0.00087  2.40   99151      86  495530  7469209  75.33
1980-1989     10-14     0.00017  0.00086  2.62   99065      86  495119  6973679  70.40
1980-1989     15-19     0.00028  0.00138  2.66   98979     136  494576  6478560  65.45
1980-1989     20-24     0.00033  0.00167  2.55   98843     165  493810  5983984  60.54
1980-1989     25-29     0.00039  0.00193  2.62   98678     190  492937  5490173  55.64
1980-1989     30-34     0.00057  0.00282  2.63   98488     278  491780  4997237  50.74
1980-1989     35-39     0.00082  0.00408  2.66   98210     401  490112  4505456  45.88
1980-1989     40-44     0.00132  0.00656  2.68   97809     642  487559  4015345  41.05
1980-1989     45-49     0.00220  0.01094  2.69   97168    1063  483383  3527786  36.31
1980-1989     50-54     0.00346  0.01715  2.68   96104    1648  476699  3044403  31.68
1980-1989     55-59     0.00533  0.02634  2.66   94456    2488  466469  2567705  27.18
1980-1989     60-64     0.00816  0.04005  2.66   91968    3684  451202  2101236  22.85
1980-1989     65-69     0.01319  0.06398  2.66   88284    5649  428215  1650034  18.69
1980-1989     70-74     0.02260  0.10738  2.68   82636    8873  392608  1221819  14.79
1980-1989     75-79     0.04085  0.18644  2.66   73762   13752  336628   829211  11.24
1980-1989     80-84     0.07462  0.31624  2.59   60010   18978  254310   492583   8.21
1980-1989     85-89     0.13102  0.49129  2.46   41032   20159  153859   238273   5.81
1980-1989     90-94     0.21616  0.67756  2.25   20874   14143   65430    84415   4.04
1980-1989     95-99     0.33615  0.83414  1.98    6730    5614   16701    18985   2.82
1980-1989    100-104    0.48019  0.92604  1.68    1116    1034    2153     2283   2.05
1980-1989    105-109    0.62879  0.96782  1.42      83      80     127      131   1.58
1980-1989    110+       0.74191  1.00000  1.35       3       3       4        4   1.35
1990-1999        0      0.00510  0.00508  0.14  100000     508   99563  8031226  80.31
1990-1999      1-4      0.00029  0.00115  1.53   99492     115  397686  7931664  79.72
1990-1999      5-9      0.00013  0.00063  2.29   99377      62  496718  7533978  75.81
1990-1999     10-14     0.00015  0.00077  2.76   99315      77  496404  7037260  70.86
1990-1999     15-19     0.00024  0.00122  2.62   99238     121  495903  6540856  65.91
1990-1999     20-24     0.00028  0.00142  2.51   99117     141  495235  6044952  60.99
1990-1999     25-29     0.00037  0.00186  2.61   98976     184  494441  5549718  56.07
1990-1999     30-34     0.00052  0.00261  2.70   98792     257  493368  5055277  51.17
1990-1999     35-39     0.00082  0.00410  2.68   98534     404  491732  4561909  46.30
1990-1999     40-44     0.00136  0.00678  2.68   98130     665  489110  4070176  41.48
1990-1999     45-49     0.00213  0.01062  2.68   97465    1035  484924  3581066  36.74
1990-1999     50-54     0.00326  0.01616  2.66   96429    1559  478501  3096142  32.11
1990-1999     55-59     0.00497  0.02455  2.67   94871    2330  468921  2617642  27.59
1990-1999     60-64     0.00793  0.03891  2.67   92541    3601  454320  2148721  23.22
1990-1999     65-69     0.01270  0.06169  2.67   88940    5486  431945  1694401  19.05
1990-1999     70-74     0.02106  0.10036  2.67   83454    8375  397752  1262457  15.13
1990-1999     75-79     0.03739  0.17195  2.66   75079   12910  345242   864705  11.52
1990-1999     80-84     0.06997  0.29977  2.61   62169   18637  266340   519464   8.36
1990-1999     85-89     0.12831  0.48492  2.48   43532   21110  164528   253123   5.81
1990-1999     90-94     0.22144  0.68858  2.25   22422   15440   69724    88596   3.95
1990-1999     95-99     0.35230  0.84982  1.95    6983    5934   16844    18872   2.70
1990-1999    100-104    0.50953  0.93812  1.63    1049     984    1931     2028   1.93
1990-1999    105-109    0.66668  0.97432  1.37      65      63      95       97   1.49
1990-1999    110+       0.78122  1.00000  1.28       2       2       2        2   1.28
2000-2009        0      0.00409  0.00408  0.14  100000     408   99650  8150074  81.50
2000-2009      1-4      0.00021  0.00083  1.60   99592      83  398170  8050425  80.83
2000-2009      5-9      0.00009  0.00045  2.52   99510      44  497437  7652255  76.90
2000-2009     10-14     0.00011  0.00056  2.71   99465      56  497197  7154817  71.93
2000-2009     15-19     0.00020  0.00097  2.64   99409      97  496816  6657621  66.97
2000-2009     20-24     0.00024  0.00117  2.50   99312     117  496269  6160804  62.03
2000-2009     25-29     0.00029  0.00146  2.63   99195     144  495635  5664535  57.10
2000-2009     30-34     0.00042  0.00210  2.68   99051     208  494772  5168900  52.18
2000-2009     35-39     0.00067  0.00334  2.68   98843     330  493448  4674128  47.29
2000-2009     40-44     0.00116  0.00578  2.73   98513     569  491274  4180680  42.44
2000-2009     45-49     0.00205  0.01021  2.70   97943    1000  487415  3689406  37.67
2000-2009     50-54     0.00317  0.01573  2.65   96943    1525  481141  3201991  33.03
2000-2009     55-59     0.00463  0.02288  2.64   95419    2183  471948  2720850  28.51
2000-2009     60-64     0.00694  0.03414  2.64   93236    3183  458651  2248902  24.12
2000-2009     65-69     0.01075  0.05245  2.68   90052    4723  439325  1790251  19.88
2000-2009     70-74     0.01832  0.08786  2.69   85329    7497  409301  1350926  15.83
2000-2009     75-79     0.03294  0.15303  2.68   77832   11911  361562   941624  12.10
2000-2009     80-84     0.06228  0.27148  2.64   65921   17896  287345   580063   8.80
2000-2009     85-89     0.11778  0.45561  2.52   48025   21881  185777   292718   6.10
2000-2009     90-94     0.21087  0.67039  2.28   26145   17527   83118   106941   4.09
2000-2009     95-99     0.34278  0.84234  1.98    8617    7259   21176    23823   2.76
2000-2009    100-104    0.50528  0.93709  1.64    1359    1273    2520     2647   1.95
2000-2009    105-109    0.66863  0.97479  1.37      85      83     125      127   1.49
2000-2009    110+       0.78692  1.00000  1.27       2       2       3        3   1.27
2010-2019        0      0.00324  0.00324  0.14  100000     324   99722  8312301  83.12
2010-2019      1-4      0.00013  0.00051  1.57   99676      50  398583  8212578  82.39
2010-2019      5-9      0.00007  0.00034  2.34   99626      34  498041  7813995  78.43
2010-2019     10-14     0.00008  0.00038  2.60   99592      38  497870  7315954  73.46
2010-2019     15-19     0.00015  0.00074  2.75   99554      74  497605  6818084  68.49
2010-2019     20-24     0.00018  0.00089  2.57   99481      88  497188  6320479  63.53
2010-2019     25-29     0.00023  0.00115  2.72   99392     114  496701  5823290  58.59
2010-2019     30-34     0.00034  0.00170  2.64   99278     169  495993  5326589  53.65
2010-2019     35-39     0.00051  0.00253  2.71   99110     250  494974  4830596  48.74
2010-2019     40-44     0.00085  0.00425  2.71   98859     421  493331  4335622  43.86
2010-2019     45-49     0.00148  0.00737  2.71   98439     726  490532  3842291  39.03
2010-2019     50-54     0.00254  0.01261  2.70   97713    1232  485732  3351759  34.30
2010-2019     55-59     0.00410  0.02030  2.67   96481    1958  477847  2866027  29.71
2010-2019     60-64     0.00634  0.03122  2.64   94523    2951  465654  2388180  25.27
2010-2019     65-69     0.00957  0.04677  2.65   91572    4283  447773  1922526  20.99
2010-2019     70-74     0.01520  0.07341  2.67   87289    6408  421505  1474753  16.90
2010-2019     75-79     0.02656  0.12512  2.68   80881   10120  380968  1053248  13.02
2010-2019     80-84     0.05159  0.23022  2.67   70761   16291  315783   672280   9.50
2010-2019     85-89     0.10267  0.41067  2.56   54470   22369  217879   356497   6.54
2010-2019     90-94     0.19456  0.64096  2.34   32101   20575  105751   138617   4.32
2010-2019     95-99     0.32983  0.83176  2.02   11525    9586   29064    32867   2.85
2010-2019    100-104    0.50151  0.93657  1.66    1939    1816    3621     3803   1.96
2010-2019    105-109    0.67517  0.97602  1.36     123     120     178      181   1.48
2010-2019    110+       0.79899  1.00000  1.25       3       3       4        4   1.25
2020-2021        0      0.00331  0.00330  0.14  100000     330   99717  8303733  83.04
2020-2021      1-4      0.00010  0.00042  1.56   99670      42  398579  8204016  82.31
2020-2021      5-9      0.00007  0.00033  2.42   99629      33  498058  7805437  78.35
2020-2021     10-14     0.00008  0.00042  3.00   99596      42  497894  7307379  73.37
2020-2021     15-19     0.00012  0.00062  2.75   99554      62  497630  6809485  68.40
2020-2021     20-24     0.00019  0.00095  2.34   99492      95  497208  6311855  63.44
2020-2021     25-29     0.00024  0.00120  2.67   99397     119  496710  5814647  58.50
2020-2021     30-34     0.00036  0.00182  2.77   99278     181  495989  5317936  53.57
2020-2021     35-39     0.00050  0.00252  2.67   99097     249  494906  4821947  48.66
2020-2021     40-44     0.00084  0.00420  2.66   98848     415  493269  4327041  43.77
2020-2021     45-49     0.00132  0.00658  2.65   98433     648  490642  3833773  38.95
2020-2021     50-54     0.00221  0.01099  2.65   97785    1074  486395  3343130  34.19
2020-2021     55-59     0.00364  0.01806  2.68   96711    1747  479509  2856735  29.54
2020-2021     60-64     0.00626  0.03086  2.69   94964    2931  468061  2377226  25.03
2020-2021     65-69     0.00996  0.04866  2.66   92033    4478  449697  1909165  20.74
2020-2021     70-74     0.01569  0.07567  2.68   87555    6625  422391  1459468  16.67
2020-2021     75-79     0.02802  0.13153  2.68   80930   10645  379924  1037077  12.81
2020-2021     80-84     0.05207  0.23209  2.66   70285   16312  313253   657154   9.35
2020-2021     85-89     0.10673  0.42406  2.58   53973   22888  214446   343900   6.37
2020-2021     90-94     0.20393  0.65927  2.32   31085   20493  100492   129454   4.16
2020-2021     95-99     0.34620  0.84725  1.99   10592    8974   25921    28962   2.73
2020-2021    100-104    0.52458  0.94465  1.61    1618    1528    2913     3041   1.88
2020-2021    105-109    0.69966  0.97917  1.32      90      88     125      128   1.42
2020-2021    110+       0.82021  1.00000  1.22       2       2       2        2   1.22
