Japan, Exposure to risk (period 1x10), 	Last modified: 05 Feb 2024;  Methods Protocol: v6 (2017)

  Year          Age             Female            Male           Total
1947-1949        0           3636749.21      3800858.93      7437608.14
1947-1949        1           3071660.80      3188445.54      6260106.34
1947-1949        2           2674045.10      2760140.65      5434185.75
1947-1949        3           2584963.79      2651770.14      5236733.93
1947-1949        4           2771087.99      2837833.35      5608921.35
1947-1949        5           2919540.49      2990537.33      5910077.82
1947-1949        6           2875597.77      2943924.55      5819522.31
1947-1949        7           2783406.36      2847224.51      5630630.87
1947-1949        8           2585861.89      2642909.57      5228771.46
1947-1949        9           2514303.44      2569384.14      5083687.58
1947-1949       10           2521644.65      2576390.37      5098035.03
1947-1949       11           2630554.85      2684405.25      5314960.11
1947-1949       12           2614808.86      2666970.92      5281779.78
1947-1949       13           2595740.12      2646451.12      5242191.25
1947-1949       14           2556677.61      2604573.26      5161250.87
1947-1949       15           2543392.11      2589276.58      5132668.69
1947-1949       16           2536263.74      2579231.37      5115495.11
1947-1949       17           2478523.21      2509750.31      4988273.51
1947-1949       18           2446174.46      2454653.10      4900827.56
1947-1949       19           2375527.34      2363355.74      4738883.08
1947-1949       20           2348433.52      2322267.25      4670700.77
1947-1949       21           2306213.22      2246486.12      4552699.34
1947-1949       22           2263981.69      2139682.64      4403664.34
1947-1949       23           2181929.77      1966608.01      4148537.78
1947-1949       24           2092433.84      1775618.71      3868052.54
1947-1949       25           2026178.40      1622231.22      3648409.62
1947-1949       26           1970423.10      1520993.93      3491417.03
1947-1949       27           1919520.08      1477483.24      3397003.32
1947-1949       28           1811554.76      1423191.34      3234746.11
1947-1949       29           1725401.01      1392172.87      3117573.88
1947-1949       30           1655768.93      1368749.49      3024518.41
1947-1949       31           1663998.78      1398631.90      3062630.69
1947-1949       32           1661994.69      1413290.97      3075285.67
1947-1949       33           1655345.11      1424576.50      3079921.60
1947-1949       34           1625886.64      1414584.67      3040471.30
1947-1949       35           1606868.92      1409692.97      3016561.89
1947-1949       36           1579530.23      1400259.78      2979790.01
1947-1949       37           1550028.15      1396122.74      2946150.90
1947-1949       38           1504691.71      1381879.30      2886571.00
1947-1949       39           1457559.77      1365681.21      2823240.98
1947-1949       40           1404037.91      1350327.47      2754365.38
1947-1949       41           1315794.93      1298170.72      2613965.65
1947-1949       42           1246222.97      1249594.27      2495817.25
1947-1949       43           1199036.07      1210786.27      2409822.34
1947-1949       44           1206290.22      1222888.95      2429179.17
1947-1949       45           1209636.34      1234937.29      2444573.62
1947-1949       46           1200944.46      1232129.03      2433073.49
1947-1949       47           1167380.88      1201499.79      2368880.68
1947-1949       48           1116316.30      1151440.60      2267756.90
1947-1949       49           1062078.89      1100040.76      2162119.65
1947-1949       50           1012956.49      1053886.13      2066842.62
1947-1949       51            976596.87      1017286.99      1993883.86
1947-1949       52            943263.13       979904.49      1923167.62
1947-1949       53            907327.16       936339.28      1843666.44
1947-1949       54            869738.96       892130.87      1761869.83
1947-1949       55            831085.92       847085.27      1678171.19
1947-1949       56            802004.55       808177.73      1610182.28
1947-1949       57            790614.65       784938.64      1575553.29
1947-1949       58            788380.03       771283.42      1559663.45
1947-1949       59            779968.17       752116.69      1532084.85
1947-1949       60            743280.37       706840.20      1450120.57
1947-1949       61            695571.02       647856.45      1343427.47
1947-1949       62            662960.96       599668.66      1262629.62
1947-1949       63            648751.06       568764.74      1217515.80
1947-1949       64            639815.18       545358.33      1185173.51
1947-1949       65            625969.60       520743.15      1146712.75
1947-1949       66            605087.66       494450.60      1099538.26
1947-1949       67            576643.62       463988.81      1040632.43
1947-1949       68            547039.13       431864.38       978903.50
1947-1949       69            518742.78       400257.04       918999.82
1947-1949       70            490790.22       370799.67       861589.89
1947-1949       71            458122.29       338410.50       796532.80
1947-1949       72            419245.61       301497.99       720743.60
1947-1949       73            376164.04       263413.78       639577.82
1947-1949       74            333737.98       227175.75       560913.73
1947-1949       75            290943.62       193372.51       484316.13
1947-1949       76            245842.41       159589.03       405431.45
1947-1949       77            204563.32       129247.49       333810.81
1947-1949       78            176077.88       107298.92       283376.80
1947-1949       79            156164.51        91644.49       247809.00
1947-1949       80            137413.30        77761.27       215174.56
1947-1949       81            116207.22        63196.62       179403.84
1947-1949       82             97177.76        50572.58       147750.34
1947-1949       83             78954.50        39773.44       118727.94
1947-1949       84             59643.00        29131.42        88774.42
1947-1949       85             42761.82        20198.72        62960.54
1947-1949       86             31366.81        14213.41        45580.22
1947-1949       87             24024.34        10461.40        34485.74
1947-1949       88             18602.03         7993.87        26595.90
1947-1949       89             14047.36         5924.07        19971.43
1947-1949       90             10182.69         4169.99        14352.68
1947-1949       91              7181.98         2819.74        10001.72
1947-1949       92              4900.81         1794.20         6695.01
1947-1949       93              3207.96         1145.12         4353.08
1947-1949       94              2047.62          746.32         2793.94
1947-1949       95              1229.70          479.01         1708.71
1947-1949       96               742.75          280.62         1023.37
1947-1949       97               453.51          173.66          627.17
1947-1949       98               260.19          118.09          378.28
1947-1949       99               148.43           72.21          220.63
1947-1949      100                81.19           34.17          115.37
1947-1949      101                44.67           15.50           60.17
1947-1949      102                26.34           10.50           36.84
1947-1949      103                18.51            5.17           23.67
1947-1949      104                10.50            2.17           12.67
1947-1949      105                 6.33            2.50            8.83
1947-1949      106                 3.33            1.50            4.83
1947-1949      107                 2.83            2.17            5.00
1947-1949      108                 2.50            0.83            3.33
1947-1949      109                 2.67            0.50            3.17
1947-1949      110+               16.83            5.50           22.33
1950-1959        0           8975576.89      9409446.66     18385023.55
1950-1959        1           9221069.17      9634571.26     18855640.42
1950-1959        2           9622651.41     10044118.17     19666769.58
1950-1959        3           9883311.50     10312246.30     20195557.80
1950-1959        4           9828936.54     10249069.65     20078006.19
1950-1959        5           9834363.17     10239489.48     20073852.65
1950-1959        6           9962429.01     10354471.28     20316900.29
1950-1959        7          10008162.70     10385909.38     20394072.08
1950-1959        8          10040492.02     10402202.36     20442694.38
1950-1959        9           9933351.56     10273698.35     20207049.91
1950-1959       10           9675860.94      9990139.76     19666000.70
1950-1959       11           9284294.71      9565388.63     18849683.34
1950-1959       12           8956135.16      9200595.12     18156730.29
1950-1959       13           8770592.58      8981881.27     17752473.85
1950-1959       14           8911015.47      9103544.90     18014560.37
1950-1959       15           8919855.58      9090156.34     18010011.92
1950-1959       16           8790692.94      8933568.92     17724261.85
1950-1959       17           8694753.95      8805870.53     17500624.49
1950-1959       18           8531732.11      8607017.91     17138750.02
1950-1959       19           8426933.62      8466680.28     16893613.89
1950-1959       20           8350289.17      8357296.56     16707585.72
1950-1959       21           8334603.88      8312025.03     16646628.91
1950-1959       22           8218190.10      8175263.45     16393453.55
1950-1959       23           8111854.20      8046613.79     16158467.99
1950-1959       24           7958437.48      7859942.90     15818380.38
1950-1959       25           7816908.01      7667080.90     15483988.92
1950-1959       26           7649483.80      7419162.28     15068646.08
1950-1959       27           7455648.01      7109097.80     14564745.81
1950-1959       28           7275702.38      6794419.40     14070121.78
1950-1959       29           7076617.01      6463208.18     13539825.20
1950-1959       30           6907370.02      6176661.20     13084031.22
1950-1959       31           6664534.12      5842982.12     12507516.24
1950-1959       32           6454360.24      5551093.57     12005453.82
1950-1959       33           6244745.57      5273902.67     11518648.24
1950-1959       34           6054841.67      5038468.37     11093310.04
1950-1959       35           5886276.35      4855685.23     10741961.57
1950-1959       36           5748225.93      4743588.48     10491814.42
1950-1959       37           5617197.08      4677958.68     10295155.76
1950-1959       38           5495438.55      4640307.10     10135745.65
1950-1959       39           5368133.58      4604629.21      9972762.79
1950-1959       40           5241715.40      4566208.47      9807923.87
1950-1959       41           5178199.93      4569382.57      9747582.50
1950-1959       42           5092368.36      4553809.48      9646177.83
1950-1959       43           4982620.73      4519951.00      9502571.73
1950-1959       44           4820316.24      4431221.22      9251537.46
1950-1959       45           4670097.45      4346715.96      9016813.40
1950-1959       46           4519730.09      4262103.33      8781833.42
1950-1959       47           4388248.72      4193477.21      8581725.93
1950-1959       48           4257648.51      4123437.54      8381086.05
1950-1959       49           4130305.27      4046092.91      8176398.18
1950-1959       50           3994524.28      3951814.60      7946338.88
1950-1959       51           3852504.22      3845142.00      7697646.21
1950-1959       52           3720247.18      3736779.83      7457027.01
1950-1959       53           3593678.89      3620667.72      7214346.61
1950-1959       54           3503320.48      3531258.64      7034579.11
1950-1959       55           3402302.79      3426933.99      6829236.79
1950-1959       56           3285249.29      3302075.05      6587324.34
1950-1959       57           3155006.53      3161301.42      6316307.95
1950-1959       58           3016470.22      3005911.68      6022381.89
1950-1959       59           2883261.01      2849719.00      5732980.02
1950-1959       60           2773305.86      2712800.13      5486105.99
1950-1959       61           2674294.66      2585861.79      5260156.45
1950-1959       62           2569222.78      2453412.52      5022635.30
1950-1959       63           2456839.10      2310736.63      4767575.74
1950-1959       64           2340868.94      2163602.61      4504471.55
1950-1959       65           2236193.39      2024560.28      4260753.67
1950-1959       66           2142885.27      1893891.20      4036776.47
1950-1959       67           2052869.98      1767097.52      3819967.50
1950-1959       68           1967889.22      1649127.95      3617017.16
1950-1959       69           1877303.58      1531689.41      3408992.99
1950-1959       70           1773576.95      1407034.93      3180611.88
1950-1959       71           1668383.07      1282656.73      2951039.79
1950-1959       72           1564534.61      1164019.41      2728554.02
1950-1959       73           1465927.36      1056440.77      2522368.13
1950-1959       74           1364511.70       953495.02      2318006.72
1950-1959       75           1251589.67       848239.04      2099828.71
1950-1959       76           1133657.14       744972.83      1878629.97
1950-1959       77           1013817.00       646649.21      1660466.22
1950-1959       78            892523.77       551599.49      1444123.26
1950-1959       79            772099.53       461617.80      1233717.32
1950-1959       80            642815.10       372155.06      1014970.16
1950-1959       81            541517.72       302475.57       843993.29
1950-1959       82            450477.61       242409.12       692886.73
1950-1959       83            366380.83       189356.66       555737.49
1950-1959       84            293922.33       146041.37       439963.70
1950-1959       85            233421.54       111343.27       344764.81
1950-1959       86            180144.51        82441.88       262586.39
1950-1959       87            135888.10        59400.81       195288.91
1950-1959       88            100907.07        42002.68       142909.75
1950-1959       89             73854.10        29238.51       103092.61
1950-1959       90             52848.20        19937.14        72785.34
1950-1959       91             36664.97        13209.17        49874.14
1950-1959       92             24650.28         8522.02        33172.30
1950-1959       93             16324.97         5330.00        21654.97
1950-1959       94             10388.57         3212.72        13601.29
1950-1959       95              6396.81         1899.18         8295.99
1950-1959       96              3901.03         1163.36         5064.39
1950-1959       97              2378.21          708.89         3087.10
1950-1959       98              1389.48          419.63         1809.11
1950-1959       99               777.28          236.72         1014.00
1950-1959      100               448.80          136.92          585.71
1950-1959      101               241.43           86.19          327.62
1950-1959      102               132.69           48.84          181.53
1950-1959      103                73.67           31.33          105.00
1950-1959      104                39.83           21.50           61.33
1950-1959      105                24.83           12.83           37.67
1950-1959      106                20.00            6.67           26.67
1950-1959      107                15.67            4.00           19.67
1950-1959      108                11.17            2.67           13.83
1950-1959      109                 5.50            0.83            6.33
1950-1959      110+               17.50            1.67           19.17
1960-1969        0           8097222.58      8537690.38     16634912.96
1960-1969        1           7911453.61      8295290.17     16206743.78
1960-1969        2           7769977.18      8126473.89     15896451.06
1960-1969        3           7707667.38      8045935.66     15753603.04
1960-1969        4           7730276.41      8062279.59     15792556.00
1960-1969        5           7738630.62      8067008.07     15805638.68
1960-1969        6           7786304.15      8111213.76     15897517.91
1960-1969        7           7902713.40      8224442.97     16127156.37
1960-1969        8           8091415.44      8413954.15     16505369.58
1960-1969        9           8373382.79      8702197.19     17075579.97
1960-1969       10           8722570.79      9059460.20     17782030.99
1960-1969       11           9129054.00      9473983.36     18603037.36
1960-1969       12           9575008.15      9926167.25     19501175.40
1960-1969       13           9863798.36     10208426.75     20072225.11
1960-1969       14           9818535.69     10129571.40     19948107.10
1960-1969       15           9817389.33     10080762.37     19898151.71
1960-1969       16           9925582.84     10136031.89     20061614.73
1960-1969       17           9945918.01     10098837.37     20044755.38
1960-1969       18           9952702.51     10045231.60     19997934.11
1960-1969       19           9820262.08      9850870.71     19671132.80
1960-1969       20           9542298.60      9516035.76     19058334.36
1960-1969       21           9136001.94      9063282.32     18199284.25
1960-1969       22           8789956.68      8680054.12     17470010.80
1960-1969       23           8592382.71      8459118.51     17051501.21
1960-1969       24           8730647.05      8588938.08     17319585.12
1960-1969       25           8744660.01      8611292.58     17355952.59
1960-1969       26           8619328.88      8507339.37     17126668.24
1960-1969       27           8525511.05      8440697.34     16966208.39
1960-1969       28           8363878.03      8309476.80     16673354.82
1960-1969       29           8257116.94      8231452.97     16488569.91
1960-1969       30           8179133.98      8178907.68     16358041.66
1960-1969       31           8165330.83      8186156.58     16351487.41
1960-1969       32           8051705.31      8087616.10     16139321.41
1960-1969       33           7948543.28      7982194.63     15930737.92
1960-1969       34           7802041.38      7809551.56     15611592.94
1960-1969       35           7668147.14      7624097.45     15292244.59
1960-1969       36           7502721.09      7371026.70     14873747.79
1960-1969       37           7306213.42      7047107.76     14353321.19
1960-1969       38           7121607.92      6716165.20     13837773.12
1960-1969       39           6915404.41      6366103.13     13281507.54
1960-1969       40           6738072.57      6060531.10     12798603.67
1960-1969       41           6494588.41      5716050.25     12210638.66
1960-1969       42           6286286.66      5417318.22     11703604.88
1960-1969       43           6076696.27      5133854.69     11210550.96
1960-1969       44           5882525.55      4889974.35     10772499.90
1960-1969       45           5709606.86      4697357.98     10406964.84
1960-1969       46           5565497.93      4572624.46     10138122.39
1960-1969       47           5428497.76      4493365.00      9921862.75
1960-1969       48           5299606.02      4439741.77      9739347.79
1960-1969       49           5166954.52      4389425.74      9556380.26
1960-1969       50           5031991.14      4332946.12      9364937.26
1960-1969       51           4948780.06      4310302.83      9259082.89
1960-1969       52           4839461.35      4264897.68      9104359.03
1960-1969       53           4706165.86      4200252.24      8906418.10
1960-1969       54           4529830.21      4088631.05      8618461.27
1960-1969       55           4372756.65      3985473.53      8358230.18
1960-1969       56           4220331.13      3883425.64      8103756.77
1960-1969       57           4084615.77      3792630.80      7877246.57
1960-1969       58           3943680.21      3691779.04      7635459.24
1960-1969       59           3803126.71      3581253.12      7384379.83
1960-1969       60           3654102.77      3453422.11      7107524.88
1960-1969       61           3499593.99      3312022.78      6811616.77
1960-1969       62           3351595.05      3166201.41      6517796.46
1960-1969       63           3205844.13      3012868.81      6218712.94
1960-1969       64           3089275.44      2881127.55      5970402.98
1960-1969       65           2961518.91      2737529.28      5699048.19
1960-1969       66           2819727.07      2577903.10      5397630.17
1960-1969       67           2664326.77      2404576.89      5068903.67
1960-1969       68           2501460.01      2223758.86      4725218.87
1960-1969       69           2339992.66      2043297.17      4383289.83
1960-1969       70           2196713.46      1878356.93      4075070.38
1960-1969       71           2064488.20      1725959.59      3790447.79
1960-1969       72           1928408.64      1573140.44      3501549.08
1960-1969       73           1787050.41      1417713.44      3204763.85
1960-1969       74           1643793.37      1264147.65      2907941.02
1960-1969       75           1508304.00      1119338.21      2627642.22
1960-1969       76           1380303.31       986165.05      2366468.37
1960-1969       77           1256259.16       861516.96      2117776.11
1960-1969       78           1136208.51       746551.43      1882759.95
1960-1969       79           1017518.09       640344.03      1657862.11
1960-1969       80            901550.98       541608.78      1443159.76
1960-1969       81            782241.69       447348.52      1229590.21
1960-1969       82            672419.22       366005.72      1038424.94
1960-1969       83            572387.25       296927.86       869315.11
1960-1969       84            479851.02       237473.39       717324.41
1960-1969       85            394654.28       186325.38       580979.67
1960-1969       86            317620.56       142766.60       460387.16
1960-1969       87            248899.78       106802.44       355702.22
1960-1969       88            189502.03        77799.27       267301.30
1960-1969       89            140340.64        55190.95       195531.58
1960-1969       90            101543.91        38121.55       139665.46
1960-1969       91             71962.70        25751.06        97713.76
1960-1969       92             49542.77        17005.20        66547.97
1960-1969       93             32730.98        10805.24        43536.21
1960-1969       94             21212.98         6744.66        27957.64
1960-1969       95             13515.48         4061.38        17576.86
1960-1969       96              8228.42         2345.01        10573.44
1960-1969       97              4787.50         1274.69         6062.19
1960-1969       98              2709.63          737.68         3447.31
1960-1969       99              1484.28          386.48         1870.76
1960-1969      100               777.90          200.56          978.46
1960-1969      101               399.07          104.53          503.60
1960-1969      102               203.96           62.18          266.13
1960-1969      103               109.46           28.84          138.29
1960-1969      104                50.13           10.33           60.46
1960-1969      105                28.81            4.17           32.98
1960-1969      106                15.31            1.50           16.81
1960-1969      107                 8.16            0.17            8.32
1960-1969      108                 5.17            0.00            5.17
1960-1969      109                 3.17            0.00            3.17
1960-1969      110+               10.33            0.00           10.33
1970-1979        0           9158419.96      9697426.73     18855846.68
1970-1979        1           9231467.33      9745036.29     18976503.61
1970-1979        2           9272021.94      9771770.87     19043792.81
1970-1979        3           9247383.16      9737679.88     18985063.05
1970-1979        4           9140653.90      9617687.25     18758341.15
1970-1979        5           9021652.83      9488072.74     18509725.57
1970-1979        6           8847441.11      9301023.78     18148464.89
1970-1979        7           8645013.32      9083838.28     17728851.60
1970-1979        8           8447227.21      8870950.47     17318177.68
1970-1979        9           8269753.53      8677891.01     16947644.54
1970-1979       10           8124058.56      8516005.14     16640063.70
1970-1979       11           7997910.24      8373942.90     16371853.14
1970-1979       12           7879817.39      8241072.79     16120890.18
1970-1979       13           7801386.11      8150568.43     15951954.54
1970-1979       14           7822709.51      8162236.42     15984945.93
1970-1979       15           7826902.68      8146766.01     15973668.70
1970-1979       16           7870312.92      8160384.84     16030697.75
1970-1979       17           7978345.36      8230920.25     16209265.60
1970-1979       18           8152859.81      8364733.06     16517592.87
1970-1979       19           8417729.82      8587675.01     17005404.82
1970-1979       20           8746935.77      8875755.75     17622691.52
1970-1979       21           9131531.79      9222676.29     18354208.08
1970-1979       22           9562912.29      9626894.94     19189807.23
1970-1979       23           9839062.93      9888173.24     19727236.17
1970-1979       24           9786411.80      9828728.79     19615140.59
1970-1979       25           9784444.05      9819576.50     19604020.55
1970-1979       26           9898104.75      9926536.62     19824641.37
1970-1979       27           9928945.65      9956401.77     19885347.41
1970-1979       28           9945183.89      9974565.19     19919749.08
1970-1979       29           9825054.83      9854551.06     19679605.89
1970-1979       30           9563868.91      9590661.11     19154530.01
1970-1979       31           9173369.45      9192760.09     18366129.54
1970-1979       32           8837473.71      8843580.54     17681054.25
1970-1979       33           8643935.73      8639646.47     17283582.19
1970-1979       34           8778526.68      8775631.15     17554157.83
1970-1979       35           8781643.26      8784939.47     17566582.74
1970-1979       36           8642416.07      8652938.65     17295354.72
1970-1979       37           8533849.91      8552417.89     17086267.80
1970-1979       38           8356218.30      8382616.90     16738835.20
1970-1979       39           8236234.76      8269596.71     16505831.47
1970-1979       40           8145560.66      8182871.60     16328432.27
1970-1979       41           8111835.63      8150964.93     16262800.57
1970-1979       42           7979743.04      8015816.87     15995559.91
1970-1979       43           7863997.75      7879763.79     15743761.54
1970-1979       44           7709003.36      7682108.61     15391111.97
1970-1979       45           7568915.45      7475787.20     15044702.66
1970-1979       46           7402844.39      7208832.05     14611676.44
1970-1979       47           7208563.15      6876984.50     14085547.65
1970-1979       48           7023140.64      6538521.46     13561662.10
1970-1979       49           6813984.45      6182124.52     12996108.97
1970-1979       50           6629839.95      5866877.44     12496717.39
1970-1979       51           6375202.06      5510289.13     11885491.19
1970-1979       52           6148194.14      5194761.91     11342956.05
1970-1979       53           5920574.79      4894977.27     10815552.05
1970-1979       54           5710753.17      4634606.48     10345359.65
1970-1979       55           5514618.68      4418792.85      9933411.54
1970-1979       56           5347900.19      4267881.02      9615781.21
1970-1979       57           5194152.58      4163212.28      9357364.86
1970-1979       58           5051922.06      4084780.68      9136702.74
1970-1979       59           4907565.95      4008238.36      8915804.31
1970-1979       60           4762903.45      3924039.35      8686942.80
1970-1979       61           4666710.57      3867514.97      8534225.54
1970-1979       62           4544707.40      3786165.85      8330873.25
1970-1979       63           4400411.42      3682058.45      8082469.87
1970-1979       64           4210766.21      3531848.51      7742614.72
1970-1979       65           4027516.13      3381242.00      7408758.14
1970-1979       66           3842054.36      3226588.43      7068642.78
1970-1979       67           3669585.21      3078617.92      6748203.13
1970-1979       68           3495204.11      2924461.56      6419665.67
1970-1979       69           3320943.62      2763803.27      6084746.89
1970-1979       70           3138533.87      2592009.49      5730543.36
1970-1979       71           2949426.50      2410264.08      5359690.57
1970-1979       72           2763437.45      2226058.97      4989496.42
1970-1979       73           2577006.30      2039991.01      4616997.31
1970-1979       74           2412995.73      1871571.71      4284567.44
1970-1979       75           2239664.84      1698012.15      3937676.99
1970-1979       76           2054725.92      1518238.74      3572964.66
1970-1979       77           1861571.93      1337973.44      3199545.37
1970-1979       78           1666335.95      1162486.12      2828822.07
1970-1979       79           1477027.72       996901.28      2473929.00
1970-1979       80           1303933.75       850583.14      2154516.89
1970-1979       81           1140065.55       716747.04      1856812.59
1970-1979       82            980774.60       592981.70      1573756.30
1970-1979       83            833680.53       482471.85      1316152.38
1970-1979       84            699001.15       385888.92      1084890.07
1970-1979       85            577083.88       302502.69       879586.57
1970-1979       86            471187.62       234036.14       705223.76
1970-1979       87            378271.57       177912.48       556184.05
1970-1979       88            298877.54       132671.48       431549.01
1970-1979       89            232099.05        97157.70       329256.75
1970-1979       90            174784.27        68812.64       243596.91
1970-1979       91            127409.34        47298.15       174707.49
1970-1979       92             90885.40        31933.92       122819.32
1970-1979       93             63735.38        21222.24        84957.62
1970-1979       94             43568.22        13755.24        57323.46
1970-1979       95             28886.24         8777.11        37663.34
1970-1979       96             18535.77         5388.04        23923.82
1970-1979       97             11472.97         3181.07        14654.04
1970-1979       98              6904.20         1789.87         8694.07
1970-1979       99              3969.65         1011.88         4981.53
1970-1979      100              2220.02          557.04         2777.07
1970-1979      101              1220.11          295.34         1515.44
1970-1979      102               635.77          167.30          803.08
1970-1979      103               327.75           90.63          418.39
1970-1979      104               165.69           46.80          212.49
1970-1979      105                74.77           22.31           97.08
1970-1979      106                37.80           12.32           50.12
1970-1979      107                18.47            8.00           26.47
1970-1979      108                 8.64            3.17           11.81
1970-1979      109                 3.31            2.00            5.31
1970-1979      110+                7.49            5.33           12.82
1980-1989        0           7036408.63      7420959.43     14457368.06
1980-1989        1           7191523.44      7572630.19     14764153.63
1980-1989        2           7381785.96      7765424.91     15147210.87
1980-1989        3           7578655.20      7968664.27     15547319.47
1980-1989        4           7802519.42      8202805.26     16005324.67
1980-1989        5           8050044.37      8465074.88     16515119.25
1980-1989        6           8315136.73      8745408.59     17060545.33
1980-1989        7           8580317.70      9025371.07     17605688.77
1980-1989        8           8823345.70      9282693.70     18106039.40
1980-1989        9           9021794.46      9493467.91     18515262.38
1980-1989       10           9167456.15      9648950.22     18816406.36
1980-1989       11           9284221.93      9774232.34     19058454.27
1980-1989       12           9334342.80      9829773.59     19164116.39
1980-1989       13           9326553.94      9821861.14     19148415.09
1980-1989       14           9206294.89      9692318.09     18898612.98
1980-1989       15           9085780.19      9558822.09     18644602.28
1980-1989       16           8908069.12      9360036.86     18268105.98
1980-1989       17           8700872.17      9123143.94     17824016.11
1980-1989       18           8494391.93      8881360.89     17375752.82
1980-1989       19           8302703.59      8649997.14     16952700.72
1980-1989       20           8138901.03      8445852.50     16584753.53
1980-1989       21           7994995.36      8264556.42     16259551.78
1980-1989       22           7859932.92      8095052.48     15954985.41
1980-1989       23           7767129.13      7973169.91     15740299.04
1980-1989       24           7773512.35      7959332.87     15732845.22
1980-1989       25           7764326.82      7933666.35     15697993.16
1980-1989       26           7801136.31      7956140.48     15757276.79
1980-1989       27           7912802.40      8056019.19     15968821.59
1980-1989       28           8099666.54      8234769.02     16334435.56
1980-1989       29           8379820.03      8511064.28     16890884.31
1980-1989       30           8722379.50      8852069.63     17574449.13
1980-1989       31           9116300.82      9246243.96     18362544.78
1980-1989       32           9549976.28      9682517.77     19232494.05
1980-1989       33           9822073.89      9953952.06     19776025.95
1980-1989       34           9764221.78      9882969.41     19647191.18
1980-1989       35           9762666.98      9860957.46     19623624.45
1980-1989       36           9879218.94      9957718.35     19836937.29
1980-1989       37           9912072.96      9975212.82     19887285.77
1980-1989       38           9928143.74      9977694.48     19905838.22
1980-1989       39           9803611.31      9837610.53     19641221.84
1980-1989       40           9533114.50      9549172.99     19082287.49
1980-1989       41           9130693.91      9125974.74     18256668.64
1980-1989       42           8782397.15      8753023.50     17535420.65
1980-1989       43           8577240.22      8526685.30     17103925.53
1980-1989       44           8701596.24      8639879.24     17341475.48
1980-1989       45           8695662.60      8627200.13     17322862.72
1980-1989       46           8548005.55      8473403.43     17021408.98
1980-1989       47           8428908.74      8346989.18     16775897.92
1980-1989       48           8241831.14      8151650.01     16393481.15
1980-1989       49           8114352.11      8013416.60     16127768.72
1980-1989       50           8019121.77      7903461.88     15922583.65
1980-1989       51           7983905.57      7849691.57     15833597.15
1980-1989       52           7851015.62      7692924.58     15543940.20
1980-1989       53           7726236.66      7530387.24     15256623.91
1980-1989       54           7552231.45      7305663.14     14857894.59
1980-1989       55           7393150.05      7074688.98     14467839.03
1980-1989       56           7207925.63      6786880.79     13994806.42
1980-1989       57           6996700.24      6440651.75     13437351.99
1980-1989       58           6799189.19      6093854.31     12893043.50
1980-1989       59           6581920.40      5733374.89     12315295.29
1980-1989       60           6387044.38      5411330.59     11798374.97
1980-1989       61           6120413.46      5049666.53     11170079.99
1980-1989       62           5880709.50      4726757.69     10607467.19
1980-1989       63           5638954.49      4418317.70     10057272.19
1980-1989       64           5414635.14      4146903.16      9561538.31
1980-1989       65           5208123.39      3916901.51      9125024.90
1980-1989       66           5026182.50      3740695.32      8766877.81
1980-1989       67           4846121.50      3597334.09      8443455.59
1980-1989       68           4666779.18      3468369.65      8135148.83
1980-1989       69           4484975.03      3338541.06      7823516.09
1980-1989       70           4301867.16      3199575.56      7501442.72
1980-1989       71           4160148.46      3080282.02      7240430.48
1980-1989       72           3992635.98      2937855.19      6930491.17
1980-1989       73           3804486.62      2776545.60      6581032.22
1980-1989       74           3572847.71      2578329.39      6151177.10
1980-1989       75           3342745.28      2378495.65      5721240.92
1980-1989       76           3106354.57      2176150.96      5282505.53
1980-1989       77           2875916.06      1979705.26      4855621.32
1980-1989       78           2642275.61      1784284.20      4426559.81
1980-1989       79           2408221.50      1590769.40      3998990.90
1980-1989       80           2143651.00      1399930.13      3543581.13
1980-1989       81           1909655.44      1212813.72      3122469.16
1980-1989       82           1683593.87      1036116.53      2719710.40
1980-1989       83           1470731.97       873039.11      2343771.08
1980-1989       84           1281769.03       732005.03      2013774.06
1980-1989       85           1092635.22       601737.33      1694372.56
1980-1989       86            912921.69       482765.19      1395686.88
1980-1989       87            744971.48       377813.53      1122785.01
1980-1989       88            593211.35       288386.63       881597.98
1980-1989       89            462087.49       215506.37       677593.85
1980-1989       90            355488.19       158200.30       513688.49
1980-1989       91            267132.08       113661.78       380793.86
1980-1989       92            194850.20        79362.28       274212.48
1980-1989       93            138789.30        54009.44       192798.74
1980-1989       94             96076.98        35797.95       131874.93
1980-1989       95             64660.65        22979.24        87639.89
1980-1989       96             42588.71        14358.69        56947.40
1980-1989       97             27351.55         8762.55        36114.10
1980-1989       98             17058.10         5237.84        22295.94
1980-1989       99             10365.66         2987.45        13353.11
1980-1989      100              6057.67         1657.04         7714.71
1980-1989      101              3446.60          885.17         4331.76
1980-1989      102              1911.11          463.93         2375.04
1980-1989      103              1022.12          230.70         1252.82
1980-1989      104               524.17          106.99          631.16
1980-1989      105               273.21           52.74          325.95
1980-1989      106               132.83           25.02          157.85
1980-1989      107                59.83           15.01           74.84
1980-1989      108                33.17            6.50           39.67
1980-1989      109                17.83            3.33           21.17
1980-1989      110+               10.67            8.67           19.33
1990-1999        0           5850231.83      6162597.16     12012828.99
1990-1999        1           5871814.62      6175916.98     12047731.60
1990-1999        2           5923910.42      6227778.62     12151689.03
1990-1999        3           6003292.54      6310252.35     12313544.89
1990-1999        4           6108754.92      6421312.07     12530066.98
1990-1999        5           6231188.60      6550198.69     12781387.29
1990-1999        6           6378490.75      6703974.33     13082465.08
1990-1999        7           6531289.63      6862381.61     13393671.24
1990-1999        8           6680138.60      7017090.18     13697228.78
1990-1999        9           6842528.69      7188315.69     14030844.38
1990-1999       10           7017923.08      7375025.28     14392948.36
1990-1999       11           7198380.47      7566438.99     14764819.47
1990-1999       12           7395507.36      7775511.44     15171018.80
1990-1999       13           7594791.04      7988143.42     15582934.46
1990-1999       14           7819108.83      8227179.88     16046288.71
1990-1999       15           8063702.26      8488339.49     16552041.75
1990-1999       16           8321769.93      8762170.40     17083940.33
1990-1999       17           8575742.84      9027868.83     17603611.68
1990-1999       18           8802531.62      9259468.66     18062000.28
1990-1999       19           8976437.60      9427178.63     18403616.23
1990-1999       20           9089963.68      9522482.45     18612446.13
1990-1999       21           9173034.27      9579128.19     18752162.46
1990-1999       22           9193988.11      9569760.09     18763748.20
1990-1999       23           9162210.85      9506275.86     18668486.71
1990-1999       24           9025785.65      9337970.55     18363756.19
1990-1999       25           8895479.34      9180499.25     18075978.59
1990-1999       26           8715265.69      8979281.97     17694547.66
1990-1999       27           8512181.08      8760201.86     17272382.94
1990-1999       28           8315736.71      8550100.16     16865836.87
1990-1999       29           8139723.18      8361199.51     16500922.68
1990-1999       30           7995093.87      8204126.93     16199220.80
1990-1999       31           7873418.61      8071042.09     15944460.70
1990-1999       32           7762251.51      7948102.50     15710354.00
1990-1999       33           7693000.34      7869069.25     15562069.59
1990-1999       34           7719019.70      7889229.03     15608248.73
1990-1999       35           7724233.09      7887077.99     15611311.07
1990-1999       36           7769961.58      7922264.63     15692226.21
1990-1999       37           7885782.10      8025525.14     15911307.24
1990-1999       38           8073072.76      8201589.46     16274662.23
1990-1999       39           8350424.52      8469597.64     16820022.16
1990-1999       40           8687496.77      8799072.73     17486569.50
1990-1999       41           9074888.56      9181556.15     18256444.71
1990-1999       42           9499679.77      9604652.12     19104331.89
1990-1999       43           9761798.64      9862506.42     19624305.07
1990-1999       44           9695755.19      9781404.41     19477159.60
1990-1999       45           9683267.74      9745910.33     19429178.07
1990-1999       46           9784330.23      9821190.39     19605520.62
1990-1999       47           9802413.11      9815264.96     19617678.07
1990-1999       48           9804545.92      9793343.54     19597889.46
1990-1999       49           9666716.07      9628018.02     19294734.10
1990-1999       50           9384777.64      9316879.08     18701656.72
1990-1999       51           8976588.05      8877965.68     17854553.73
1990-1999       52           8624642.71      8490642.84     17115285.55
1990-1999       53           8414919.63      8246287.86     16661207.49
1990-1999       54           8528046.06      8327934.68     16855980.74
1990-1999       55           8511782.92      8284235.31     16796018.23
1990-1999       56           8356061.29      8102063.72     16458125.02
1990-1999       57           8228565.56      7944654.10     16173219.66
1990-1999       58           8034972.59      7720683.56     15755656.15
1990-1999       59           7896406.99      7545902.89     15442309.88
1990-1999       60           7786149.00      7395598.76     15181747.76
1990-1999       61           7733595.33      7296306.26     15029901.58
1990-1999       62           7583179.20      7098757.86     14681937.05
1990-1999       63           7436871.05      6892327.37     14329198.42
1990-1999       64           7242542.67      6626893.11     13869435.78
1990-1999       65           7059193.00      6356566.21     13415759.21
1990-1999       66           6850900.02      6037574.54     12888474.56
1990-1999       67           6617742.02      5669089.46     12286831.48
1990-1999       68           6395078.03      5301820.86     11696898.89
1990-1999       69           6150201.04      4922389.28     11072590.32
1990-1999       70           5923679.80      4576294.25     10499974.06
1990-1999       71           5628843.69      4201810.54      9830654.22
1990-1999       72           5357557.15      3862952.07      9220509.22
1990-1999       73           5079589.87      3535908.40      8615498.28
1990-1999       74           4812221.80      3238134.63      8050356.43
1990-1999       75           4556668.01      2975302.02      7531970.04
1990-1999       76           4319713.00      2754287.40      7074000.40
1990-1999       77           4079588.56      2555953.40      6635541.96
1990-1999       78           3835098.13      2365702.95      6200801.08
1990-1999       79           3582466.85      2172098.32      5754565.18
1990-1999       80           3287282.68      1962639.10      5249921.78
1990-1999       81           3064802.02      1783409.21      4848211.23
1990-1999       82           2819554.71      1595051.97      4414606.68
1990-1999       83           2551579.58      1400821.24      3952400.82
1990-1999       84           2259903.67      1200449.52      3460353.19
1990-1999       85           1980715.91      1012605.76      2993321.67
1990-1999       86           1708988.83       839507.30      2548496.13
1990-1999       87           1457060.96       687389.01      2144449.98
1990-1999       88           1218980.00       551774.27      1770754.27
1990-1999       89            999508.84       433581.63      1433090.47
1990-1999       90            801389.96       333214.92      1134604.88
1990-1999       91            627826.44       249061.48       876887.91
1990-1999       92            480626.22       181587.56       662213.77
1990-1999       93            360318.78       129482.81       489801.59
1990-1999       94            266490.36        91059.94       357550.29
1990-1999       95            190597.28        62128.88       252726.17
1990-1999       96            131799.73        41036.93       172836.66
1990-1999       97             88166.35        26159.94       114326.28
1990-1999       98             56788.37        16025.07        72813.44
1990-1999       99             35505.80         9536.55        45042.36
1990-1999      100             21721.17         5544.53        27265.70
1990-1999      101             12703.68         3080.75        15784.43
1990-1999      102              7189.64         1676.12         8865.76
1990-1999      103              4017.20          862.13         4879.33
1990-1999      104              2118.88          419.48         2538.36
1990-1999      105              1058.08          201.85         1259.92
1990-1999      106               509.56           87.10          596.65
1990-1999      107               246.91           45.02          291.93
1990-1999      108               118.68           19.00          137.68
1990-1999      109                60.17            9.00           69.17
1990-1999      110+               73.17            8.67           81.83
2000-2009        0           5414573.54      5699897.21     11114470.75
2000-2009        1           5435667.15      5715094.19     11150761.34
2000-2009        2           5477568.89      5755583.65     11233152.53
2000-2009        3           5532266.12      5811951.62     11344217.75
2000-2009        4           5594040.06      5877069.70     11471109.76
2000-2009        5           5663095.85      5950581.20     11613677.05
2000-2009        6           5710918.99      6001620.91     11712539.91
2000-2009        7           5748509.47      6041525.18     11790034.65
2000-2009        8           5774476.00      6069356.68     11843832.69
2000-2009        9           5799303.60      6093949.01     11893252.61
2000-2009       10           5836705.23      6131680.29     11968385.51
2000-2009       11           5883957.45      6183239.60     12067197.05
2000-2009       12           5944653.22      6251311.35     12195964.57
2000-2009       13           6029582.22      6346497.42     12376079.64
2000-2009       14           6133228.52      6461556.31     12594784.83
2000-2009       15           6246759.71      6585918.29     12832678.00
2000-2009       16           6379994.82      6730318.53     13110313.35
2000-2009       17           6512339.66      6871795.75     13384135.40
2000-2009       18           6634143.63      7001390.17     13635533.80
2000-2009       19           6764941.41      7141957.07     13906898.48
2000-2009       20           6902776.88      7288738.89     14191515.78
2000-2009       21           7039583.04      7424278.23     14463861.27
2000-2009       22           7195329.90      7567897.27     14763227.16
2000-2009       23           7360609.39      7713563.19     15074172.58
2000-2009       24           7559320.83      7891964.65     15451285.49
2000-2009       25           7789318.52      8105947.00     15895265.53
2000-2009       26           8045463.81      8349920.59     16395384.40
2000-2009       27           8309786.90      8607199.77     16916986.67
2000-2009       28           8555647.86      8851004.60     17406652.45
2000-2009       29           8758779.88      9053434.76     17812214.63
2000-2009       30           8912035.22      9204127.85     18116163.07
2000-2009       31           9037728.96      9324529.03     18362257.99
2000-2009       32           9096866.82      9377391.59     18474258.42
2000-2009       33           9097799.34      9370154.22     18467953.56
2000-2009       34           8987942.34      9247650.09     18235592.43
2000-2009       35           8876671.25      9124119.80     18000791.05
2000-2009       36           8709778.68      8944832.92     17654611.60
2000-2009       37           8517387.41      8738400.84     17255788.25
2000-2009       38           8329225.46      8534523.30     16863748.76
2000-2009       39           8159901.93      8349636.54     16509538.47
2000-2009       40           8019308.56      8193321.65     16212630.21
2000-2009       41           7896683.55      8055330.47     15952014.02
2000-2009       42           7781936.76      7925019.09     15706955.85
2000-2009       43           7707726.17      7836122.12     15543848.29
2000-2009       44           7725772.07      7842866.45     15568638.52
2000-2009       45           7720824.83      7824189.41     15545014.24
2000-2009       46           7755447.37      7841913.00     15597360.36
2000-2009       47           7857982.80      7925489.88     15783472.68
2000-2009       48           8029746.60      8078509.95     16108256.55
2000-2009       49           8290277.34      8320722.68     16611000.02
2000-2009       50           8609925.68      8620493.30     17230418.98
2000-2009       51           8977409.26      8967495.27     17944904.52
2000-2009       52           9381637.98      9351025.47     18732663.45
2000-2009       53           9626741.71      9572682.74     19199424.46
2000-2009       54           9550172.09      9465524.38     19015696.48
2000-2009       55           9527451.40      9401463.05     18928914.45
2000-2009       56           9617553.11      9445636.12     19063189.22
2000-2009       57           9627430.95      9413462.83     19040893.78
2000-2009       58           9621629.71      9364557.57     18986187.28
2000-2009       59           9479361.41      9179200.73     18658562.14
2000-2009       60           9197534.41      8855840.96     18053375.36
2000-2009       61           8789668.00      8408804.32     17198472.31
2000-2009       62           8433502.71      8006396.05     16439898.76
2000-2009       63           8212263.50      7733805.11     15946068.61
2000-2009       64           8301761.92      7759885.88     16061647.80
2000-2009       65           8259814.25      7661456.36     15921270.61
2000-2009       66           8074986.73      7423759.97     15498746.71
2000-2009       67           7913348.15      7201394.84     15114742.99
2000-2009       68           7684776.78      6912423.16     14597199.94
2000-2009       69           7508175.77      6664811.84     14172987.61
2000-2009       70           7359028.66      6436352.84     13795381.50
2000-2009       71           7261860.44      6248480.19     13510340.63
2000-2009       72           7068867.12      5973064.05     13041931.18
2000-2009       73           6877467.69      5691894.10     12569361.79
2000-2009       74           6639288.49      5363690.00     12002978.49
2000-2009       75           6408842.22      5033762.63     11442604.85
2000-2009       76           6150772.98      4668918.39     10819691.37
2000-2009       77           5862790.06      4269256.44     10132046.50
2000-2009       78           5577028.86      3874340.65      9451369.50
2000-2009       79           5266154.28      3479024.78      8745179.06
2000-2009       80           4947518.71      3056651.17      8004169.88
2000-2009       81           4567879.95      2679081.70      7246961.65
2000-2009       82           4211573.49      2336505.01      6548078.50
2000-2009       83           3856154.00      2016956.65      5873110.64
2000-2009       84           3502991.81      1725771.15      5228762.95
2000-2009       85           3162202.55      1471941.88      4634144.43
2000-2009       86           2838870.30      1254654.60      4093524.90
2000-2009       87           2517593.44      1063656.76      3581250.20
2000-2009       88           2203581.25       891285.89      3094867.15
2000-2009       89           1899610.35       733740.77      2633351.13
2000-2009       90           1612136.89       591834.55      2203971.43
2000-2009       91           1362745.38       472722.21      1835467.59
2000-2009       92           1123732.13       367755.71      1491487.84
2000-2009       93            900842.29       277658.88      1178501.18
2000-2009       94            697623.20       202070.56       899693.76
2000-2009       95            528327.97       142807.60       671135.57
2000-2009       96            387494.93        97567.81       485062.74
2000-2009       97            277065.68        65011.51       342077.20
2000-2009       98            192017.66        41950.16       233967.82
2000-2009       99            128662.62        26234.22       154896.85
2000-2009      100             83054.00        15805.08        98859.07
2000-2009      101             51643.80         9221.88        60865.69
2000-2009      102             30953.12         5142.11        36095.23
2000-2009      103             17940.06         2764.35        20704.41
2000-2009      104             10230.37         1466.29        11696.66
2000-2009      105              5646.33          746.62         6392.95
2000-2009      106              2989.06          360.74         3349.80
2000-2009      107              1492.61          161.78         1654.38
2000-2009      108               716.17           79.63          795.80
2000-2009      109               334.48           35.29          369.77
2000-2009      110+              253.97           27.51          281.48
2010-2019        0           4817019.68      5061329.26      9878348.94
2010-2019        1           4859277.14      5098887.47      9958164.61
2010-2019        2           4914177.14      5155199.37     10069376.51
2010-2019        3           4970101.31      5213581.62     10183682.93
2010-2019        4           5013131.77      5259528.39     10272660.16
2010-2019        5           5060216.38      5309190.65     10369407.03
2010-2019        6           5117293.90      5369511.95     10486805.84
2010-2019        7           5176367.43      5433580.20     10609947.64
2010-2019        8           5243012.61      5504734.73     10747747.34
2010-2019        9           5304447.99      5570358.22     10874806.21
2010-2019       10           5365774.39      5636219.73     11001994.12
2010-2019       11           5430053.00      5705039.91     11135092.91
2010-2019       12           5494201.08      5774491.10     11268692.18
2010-2019       13           5560594.14      5848266.94     11408861.08
2010-2019       14           5630157.68      5927360.22     11557517.90
2010-2019       15           5705658.33      6013394.85     11719053.19
2010-2019       16           5758961.79      6073899.35     11832861.14
2010-2019       17           5797403.31      6114808.96     11912212.28
2010-2019       18           5813378.39      6128433.87     11941812.25
2010-2019       19           5815127.92      6123032.19     11938160.10
2010-2019       20           5822443.84      6121555.98     11943999.82
2010-2019       21           5838876.41      6129776.33     11968652.74
2010-2019       22           5867441.24      6151305.97     12018747.20
2010-2019       23           5921303.08      6199774.75     12121077.83
2010-2019       24           6000051.98      6272791.51     12272843.48
2010-2019       25           6097184.89      6362773.71     12459958.61
2010-2019       26           6224470.76      6484045.56     12708516.32
2010-2019       27           6363202.44      6616833.25     12980035.69
2010-2019       28           6502954.18      6751572.68     13254526.85
2010-2019       29           6660722.52      6907555.96     13568278.49
2010-2019       30           6833779.20      7081816.92     13915596.12
2010-2019       31           7011713.11      7261620.87     14273333.99
2010-2019       32           7208276.04      7460335.63     14668611.67
2010-2019       33           7408001.56      7662511.32     15070512.88
2010-2019       34           7632498.73      7892899.52     15525398.24
2010-2019       35           7878748.31      8148211.67     16026959.99
2010-2019       36           8141035.52      8419675.25     16560710.77
2010-2019       37           8403108.30      8691663.50     17094771.80
2010-2019       38           8643419.69      8940411.79     17583831.48
2010-2019       39           8839288.91      9140658.98     17979947.89
2010-2019       40           8983618.59      9284504.29     18268122.88
2010-2019       41           9101505.93      9397532.50     18499038.43
2010-2019       42           9152977.24      9441154.53     18594131.77
2010-2019       43           9145557.94      9422085.56     18567643.51
2010-2019       44           9028106.36      9286920.06     18315026.41
2010-2019       45           8909522.75      9149953.82     18059476.57
2010-2019       46           8732737.30      8954539.73     17687277.03
2010-2019       47           8528000.83      8728868.08     17256868.91
2010-2019       48           8327041.22      8504938.43     16831979.64
2010-2019       49           8144855.95      8299748.94     16444604.89
2010-2019       50           7991679.31      8122789.51     16114468.82
2010-2019       51           7857960.59      7963647.63     15821608.22
2010-2019       52           7733454.99      7813268.27     15546723.26
2010-2019       53           7648368.13      7703798.06     15352166.20
2010-2019       54           7656109.11      7689260.70     15345369.81
2010-2019       55           7641689.22      7651023.32     15292712.54
2010-2019       56           7666037.11      7647787.55     15313824.67
2010-2019       57           7757083.60      7706225.95     15463309.55
2010-2019       58           7917207.82      7829944.09     15747151.91
2010-2019       59           8165396.77      8038871.98     16204268.75
2010-2019       60           8469918.84      8299631.57     16769550.41
2010-2019       61           8820518.43      8599844.96     17420363.39
2010-2019       62           9205342.93      8928512.07     18133855.00
2010-2019       63           9430819.71      9095398.77     18526218.48
2010-2019       64           9336028.19      8942425.64     18278453.82
2010-2019       65           9289912.91      8823882.82     18113795.73
2010-2019       66           9349780.25      8799439.37     18149219.62
2010-2019       67           9327463.96      8694401.52     18021865.48
2010-2019       68           9285540.55      8565813.57     17851354.12
2010-2019       69           9107529.34      8307613.06     17415142.40
2010-2019       70           8791053.60      7920808.56     16711862.16
2010-2019       71           8352642.51      7421360.18     15774002.69
2010-2019       72           7964274.29      6962608.26     14926882.55
2010-2019       73           7705049.35      6619397.20     14324446.55
2010-2019       74           7736040.40      6531253.93     14267294.33
2010-2019       75           7637268.55      6330124.35     13967392.91
2010-2019       76           7398852.26      6005422.44     13404274.70
2010-2019       77           7175984.56      5686590.74     12862575.30
2010-2019       78           6884418.36      5309816.41     12194234.77
2010-2019       79           6629890.57      4959739.86     11589630.43
2010-2019       80           6387167.73      4608760.43     10995928.16
2010-2019       81           6184774.82      4294177.14     10478951.96
2010-2019       82           5886174.50      3916659.32      9802833.82
2010-2019       83           5567235.58      3535676.15      9102911.73
2010-2019       84           5202144.31      3136210.90      8338355.20
2010-2019       85           4834225.89      2748798.14      7583024.03
2010-2019       86           4435277.22      2362401.41      6797678.63
2010-2019       87           4012487.48      1982084.88      5994572.36
2010-2019       88           3598698.15      1637797.78      5236495.93
2010-2019       89           3179373.29      1328240.80      4507614.09
2010-2019       90           2768352.81      1060646.75      3828999.56
2010-2019       91           2339507.86       820913.54      3160421.39
2010-2019       92           1950217.35       624722.96      2574940.31
2010-2019       93           1592893.67       463371.24      2056264.91
2010-2019       94           1272560.15       336685.63      1609245.78
2010-2019       95            994878.85       239888.16      1234767.01
2010-2019       96            761636.96       168099.08       929736.03
2010-2019       97            566976.07       115515.75       682491.82
2010-2019       98            409199.48        77246.23       486445.71
2010-2019       99            286292.07        49896.87       336188.94
2010-2019      100            193531.99        31183.49       224715.48
2010-2019      101            127872.92        18946.88       146819.80
2010-2019      102             80940.99        11041.57        91982.56
2010-2019      103             49217.47         6208.26        55425.74
2010-2019      104             28478.31         3310.86        31789.16
2010-2019      105             15788.54         1667.51        17456.05
2010-2019      106              8460.26          815.13         9275.39
2010-2019      107              4330.84          364.53         4695.37
2010-2019      108              2183.13          168.78         2351.91
2010-2019      109              1038.06           68.72         1106.78
2010-2019      110+              921.61           53.56          975.18
2020-2022        0           1188997.04      1247001.19      2435998.22
2020-2022        1           1225258.27      1283724.59      2508982.86
2020-2022        2           1273121.29      1333611.10      2606732.39
2020-2022        3           1319680.09      1383308.05      2702988.15
2020-2022        4           1367258.54      1434223.52      2801482.05
2020-2022        5           1407597.79      1478611.47      2886209.26
2020-2022        6           1437383.74      1510723.41      2948107.15
2020-2022        7           1457576.96      1530436.11      2988013.06
2020-2022        8           1473610.29      1546033.38      3019643.67
2020-2022        9           1497583.78      1571726.28      3069310.05
2020-2022       10           1518096.92      1595304.24      3113401.16
2020-2022       11           1538597.73      1618106.76      3156704.50
2020-2022       12           1552720.20      1632936.50      3185656.69
2020-2022       13           1560934.23      1641116.06      3202050.29
2020-2022       14           1559502.98      1639612.17      3199115.15
2020-2022       15           1563945.03      1645413.17      3209358.19
2020-2022       16           1581069.18      1666318.37      3247387.55
2020-2022       17           1612991.92      1702656.73      3315648.65
2020-2022       18           1652795.29      1743464.18      3396259.47
2020-2022       19           1685047.05      1774355.90      3459402.95
2020-2022       20           1706971.48      1792794.10      3499765.57
2020-2022       21           1719594.25      1799956.51      3519550.76
2020-2022       22           1732380.29      1805303.05      3537683.34
2020-2022       23           1744820.44      1812183.51      3557003.96
2020-2022       24           1747069.44      1813201.16      3560270.60
2020-2022       25           1756812.52      1825253.49      3582066.01
2020-2022       26           1753287.26      1825131.35      3578418.61
2020-2022       27           1751137.11      1826220.90      3577358.01
2020-2022       28           1739356.59      1815268.86      3554625.45
2020-2022       29           1740046.69      1814209.39      3554256.08
2020-2022       30           1755759.06      1827674.51      3583433.57
2020-2022       31           1787920.66      1859576.19      3647496.85
2020-2022       32           1832073.55      1905435.52      3737509.06
2020-2022       33           1884507.81      1960579.91      3845087.72
2020-2022       34           1936099.14      2012957.20      3949056.34
2020-2022       35           2000360.88      2076129.02      4076489.90
2020-2022       36           2060554.83      2134585.18      4195140.01
2020-2022       37           2115106.49      2187881.31      4302987.81
2020-2022       38           2143631.70      2216844.51      4360476.21
2020-2022       39           2170665.13      2245835.38      4416500.51
2020-2022       40           2216988.54      2295900.51      4512889.05
2020-2022       41           2285432.91      2367811.00      4653243.91
2020-2022       42           2366265.85      2451067.14      4817332.98
2020-2022       43           2442810.82      2529577.49      4972388.32
2020-2022       44           2538636.68      2627651.51      5166288.20
2020-2022       45           2651455.82      2743623.47      5395079.29
2020-2022       46           2775100.30      2868174.39      5643274.69
2020-2022       47           2870853.89      2962754.62      5833608.51
2020-2022       48           2896928.70      2985808.21      5882736.91
2020-2022       49           2857521.75      2941846.07      5799367.82
2020-2022       50           2782804.26      2860370.03      5643174.29
2020-2022       51           2724679.54      2793395.10      5518074.64
2020-2022       52           2659129.80      2718548.18      5377677.99
2020-2022       53           2583863.04      2632697.70      5216560.74
2020-2022       54           2445070.35      2481363.85      4926434.20
2020-2022       55           2388043.70      2414017.22      4802060.92
2020-2022       56           2342214.59      2360588.66      4702803.25
2020-2022       57           2350038.66      2362345.65      4712384.31
2020-2022       58           2294215.06      2299336.34      4593551.40
2020-2022       59           2248966.87      2244574.68      4493541.55
2020-2022       60           2224723.39      2209196.19      4433919.58
2020-2022       61           2232132.26      2203524.02      4435656.28
2020-2022       62           2222624.19      2181003.90      4403628.09
2020-2022       63           2214476.93      2160130.79      4374607.73
2020-2022       64           2214954.68      2148664.10      4363618.78
2020-2022       65           2263436.33      2183220.57      4446656.91
2020-2022       66           2320545.87      2221298.85      4541844.73
2020-2022       67           2404870.09      2279676.74      4684546.83
2020-2022       68           2514123.06      2358191.60      4872314.66
2020-2022       69           2679444.66      2486046.59      5165491.26
2020-2022       70           2854324.65      2617416.06      5471740.71
2020-2022       71           3035111.60      2749210.15      5784321.75
2020-2022       72           3146101.36      2814056.62      5960157.98
2020-2022       73           3052163.19      2693529.43      5745692.61
2020-2022       74           2627919.70      2277906.13      4905825.83
2020-2022       75           2270415.24      1919155.37      4189570.61
2020-2022       76           2171235.87      1785683.30      3956919.17
2020-2022       77           2309192.74      1858646.84      4167839.58
2020-2022       78           2401845.53      1895715.96      4297561.49
2020-2022       79           2322689.40      1796589.35      4119278.75
2020-2022       80           2198669.12      1660301.78      3858970.90
2020-2022       81           1988306.12      1458408.37      3446714.49
2020-2022       82           1876751.74      1329987.58      3206739.32
2020-2022       83           1813418.91      1237131.00      3050549.90
2020-2022       84           1809354.53      1182253.60      2991608.13
2020-2022       85           1708690.06      1062687.62      2771377.68
2020-2022       86           1601829.31       941340.70      2543170.02
2020-2022       87           1472495.72       810974.64      2283470.36
2020-2022       88           1346729.00       693891.36      2040620.36
2020-2022       89           1215430.02       583126.64      1798556.66
2020-2022       90           1064050.36       472782.89      1536833.25
2020-2022       91            934574.01       382550.95      1317124.96
2020-2022       92            797524.18       300549.50      1098073.68
2020-2022       93            674857.31       233752.08       908609.39
2020-2022       94            553458.30       175066.10       728524.39
2020-2022       95            442809.06       125818.55       568627.61
2020-2022       96            340629.08        85563.04       426192.12
2020-2022       97            253334.35        55175.95       308510.30
2020-2022       98            184040.10        34442.66       218482.76
2020-2022       99            130835.72        21426.24       152261.96
2020-2022      100             89428.11        13264.17       102692.27
2020-2022      101             56658.28         7761.58        64419.86
2020-2022      102             35030.93         4477.34        39508.27
2020-2022      103             20997.09         2509.32        23506.41
2020-2022      104             12821.52         1382.55        14204.07
2020-2022      105              7447.44          741.31         8188.76
2020-2022      106              4133.28          386.41         4519.69
2020-2022      107              2210.74          178.55         2389.29
2020-2022      108              1133.79           79.86         1213.65
2020-2022      109               548.24           35.91          584.16
2020-2022      110+              466.27           14.35          480.62
