New Zealand -- Non-Maori, Exposure to risk (period 1x10), 	Last modified: 26 Sep 2017;  Methods Protocol: v6 (2017)

  Year          Age             Female            Male           Total
1901-1909        0             96707.21       101121.77       197828.98
1901-1909        1             91204.95        94805.19       186010.14
1901-1909        2             88510.70        91938.51       180449.21
1901-1909        3             86206.39        89486.04       175692.43
1901-1909        4             83696.45        86779.13       170475.58
1901-1909        5             81429.78        84259.55       165689.33
1901-1909        6             80001.59        82571.13       162572.72
1901-1909        7             79211.20        81555.84       160767.05
1901-1909        8             78867.09        81026.12       159893.21
1901-1909        9             78116.74        80127.54       158244.28
1901-1909       10             76700.89        78598.76       155299.65
1901-1909       11             75822.28        77657.44       153479.72
1901-1909       12             75539.71        77355.36       152895.07
1901-1909       13             75671.38        77508.57       153179.95
1901-1909       14             76424.52        78334.01       154758.53
1901-1909       15             77606.33        79604.89       157211.22
1901-1909       16             78110.70        80260.57       158371.27
1901-1909       17             78316.79        80826.55       159143.34
1901-1909       18             78402.34        81440.43       159842.77
1901-1909       19             79025.05        82618.50       161643.56
1901-1909       20             80161.21        84261.32       164422.53
1901-1909       21             81108.27        85771.82       166880.08
1901-1909       22             81453.07        86815.60       168268.67
1901-1909       23             81057.47        87157.69       168215.16
1901-1909       24             80021.53        86725.80       166747.33
1901-1909       25             78299.99        85647.78       163947.77
1901-1909       26             75885.42        83911.14       159796.56
1901-1909       27             73015.45        81464.55       154480.00
1901-1909       28             70010.40        78637.06       148647.46
1901-1909       29             67102.17        75675.44       142777.60
1901-1909       30             64252.11        72684.51       136936.62
1901-1909       31             61374.70        69671.39       131046.09
1901-1909       32             58644.64        66799.95       125444.58
1901-1909       33             56140.39        64148.67       120289.06
1901-1909       34             53943.60        61790.19       115733.79
1901-1909       35             51927.29        59653.68       111580.96
1901-1909       36             49827.21        57418.31       107245.52
1901-1909       37             47560.08        54896.42       102456.50
1901-1909       38             45236.57        52241.93        97478.50
1901-1909       39             42934.53        49668.55        92603.09
1901-1909       40             40712.37        47381.87        88094.24
1901-1909       41             38707.66        45458.04        84165.69
1901-1909       42             36928.05        43804.21        80732.26
1901-1909       43             35332.87        42360.67        77693.53
1901-1909       44             33839.65        41032.07        74871.71
1901-1909       45             32384.92        39830.76        72215.68
1901-1909       46             31067.33        38847.47        69914.80
1901-1909       47             29812.62        37876.25        67688.87
1901-1909       48             28579.74        36839.66        65419.40
1901-1909       49             27411.38        35697.63        63109.01
1901-1909       50             26345.99        34457.81        60803.80
1901-1909       51             25250.67        33077.19        58327.86
1901-1909       52             24099.99        31643.30        55743.29
1901-1909       53             22992.78        30245.10        53237.87
1901-1909       54             22022.63        28925.03        50947.66
1901-1909       55             21101.50        27643.06        48744.56
1901-1909       56             20202.36        26431.97        46634.34
1901-1909       57             19438.11        25403.00        44841.10
1901-1909       58             18817.03        24593.27        43410.30
1901-1909       59             18250.69        23982.00        42232.69
1901-1909       60             17653.41        23514.03        41167.44
1901-1909       61             17076.10        23144.09        40220.19
1901-1909       62             16513.26        22783.94        39297.20
1901-1909       63             15971.02        22438.71        38409.72
1901-1909       64             15415.26        22065.19        37480.45
1901-1909       65             14776.15        21548.40        36324.55
1901-1909       66             13970.47        20751.28        34721.75
1901-1909       67             12962.96        19681.71        32644.67
1901-1909       68             11922.64        18528.96        30451.60
1901-1909       69             11024.77        17424.07        28448.84
1901-1909       70             10183.49        16204.99        26388.47
1901-1909       71              9149.98        14621.34        23771.32
1901-1909       72              7983.61        12858.21        20841.81
1901-1909       73              6885.60        11182.29        18067.90
1901-1909       74              6108.50         9898.99        16007.49
1901-1909       75              5675.29         8972.40        14647.69
1901-1909       76              5124.47         7854.34        12978.81
1901-1909       77              4299.30         6456.83        10756.12
1901-1909       78              3451.70         5069.45         8521.14
1901-1909       79              2802.96         4012.88         6815.84
1901-1909       80              2841.62         3876.19         6717.81
1901-1909       81              2399.88         3169.10         5568.98
1901-1909       82              2023.41         2581.44         4604.85
1901-1909       83              1697.77         2088.65         3786.41
1901-1909       84              1407.52         1677.83         3085.35
1901-1909       85              1151.27         1332.81         2484.08
1901-1909       86               932.89         1040.15         1973.03
1901-1909       87               745.76          794.30         1540.06
1901-1909       88               584.90          595.56         1180.46
1901-1909       89               449.81          438.04          887.85
1901-1909       90               338.80          316.57          655.36
1901-1909       91               249.80          227.72          477.52
1901-1909       92               180.30          165.16          345.46
1901-1909       93               128.46          121.97          250.44
1901-1909       94                91.22           90.78          182.00
1901-1909       95                61.17           63.81          124.98
1901-1909       96                38.04           40.69           78.72
1901-1909       97                22.09           23.23           45.31
1901-1909       98                11.39           10.92           22.31
1901-1909       99                 4.91            3.78            8.69
1901-1909      100                 2.27            1.17            3.44
1901-1909      101                 1.12            0.06            1.18
1901-1909      102                 0.21            0.00            0.21
1901-1909      103                 0.00            0.00            0.00
1901-1909      104                 0.00            0.00            0.00
1901-1909      105                 0.00            0.00            0.00
1901-1909      106                 0.00            0.00            0.00
1901-1909      107                 0.00            0.00            0.00
1901-1909      108                 0.00            0.00            0.00
1901-1909      109                 0.00            0.00            0.00
1901-1909      110+                0.00            0.00            0.00
1910-1919        0            128570.22       133975.33       262545.56
1910-1919        1            125903.34       130408.62       256311.96
1910-1919        2            124080.53       128508.91       252589.43
1910-1919        3            122615.10       126871.17       249486.27
1910-1919        4            121234.39       125396.25       246630.64
1910-1919        5            119419.67       123436.70       242856.37
1910-1919        6            117239.67       121110.75       238350.41
1910-1919        7            114853.54       118600.96       233454.50
1910-1919        8            112609.14       116255.66       228864.79
1910-1919        9            110624.53       114192.45       224816.98
1910-1919       10            108005.91       111414.60       219420.51
1910-1919       11            104995.23       108135.05       213130.28
1910-1919       12            101643.10       104401.91       206045.01
1910-1919       13             98956.95       101228.95       200185.90
1910-1919       14             97064.35        98749.44       195813.79
1910-1919       15             93710.01        94436.88       188146.89
1910-1919       16             91343.56        90730.42       182073.99
1910-1919       17             89527.78        87127.98       176655.75
1910-1919       18             89107.89        84561.57       173669.46
1910-1919       19             89628.76        82715.40       172344.16
1910-1919       20             90841.67        81487.15       172328.82
1910-1919       21             92101.24        80888.52       172989.77
1910-1919       22             93898.62        81574.84       175473.46
1910-1919       23             94816.88        82923.60       177740.48
1910-1919       24             94400.94        84482.97       178883.90
1910-1919       25             94944.37        87436.25       182380.62
1910-1919       26             95780.53        90449.06       186229.59
1910-1919       27             96445.82        93254.24       189700.06
1910-1919       28             96303.47        95050.24       191353.71
1910-1919       29             95506.21        96019.50       191525.70
1910-1919       30             95030.88        97152.37       192183.25
1910-1919       31             94152.18        97559.60       191711.78
1910-1919       32             92969.02        97586.82       190555.84
1910-1919       33             91155.58        96666.66       187822.23
1910-1919       34             88774.17        94906.28       183680.45
1910-1919       35             86000.63        92633.77       178634.40
1910-1919       36             83050.00        90101.80       173151.81
1910-1919       37             79961.23        87392.27       167353.50
1910-1919       38             76729.91        84360.30       161090.21
1910-1919       39             73464.78        81069.91       154534.69
1910-1919       40             70518.02        78057.31       148575.34
1910-1919       41             67507.24        75058.77       142566.00
1910-1919       42             64631.54        72369.15       137000.69
1910-1919       43             61641.97        69648.81       131290.78
1910-1919       44             58491.97        66772.14       125264.12
1910-1919       45             55559.22        64072.41       119631.63
1910-1919       46             52940.35        61553.70       114494.04
1910-1919       47             50402.75        58907.87       109310.62
1910-1919       48             47981.53        56156.14       104137.67
1910-1919       49             45617.83        53430.40        99048.23
1910-1919       50             43234.01        50663.74        93897.76
1910-1919       51             40933.48        47984.58        88918.07
1910-1919       52             38702.69        45444.47        84147.16
1910-1919       53             36614.92        43172.79        79787.72
1910-1919       54             34635.05        41217.10        75852.16
1910-1919       55             32861.60        39628.49        72490.08
1910-1919       56             31215.47        38096.24        69311.71
1910-1919       57             29728.48        36655.85        66384.33
1910-1919       58             28367.87        35249.87        63617.74
1910-1919       59             27081.38        33835.17        60916.55
1910-1919       60             25851.37        32352.76        58204.12
1910-1919       61             24680.16        30890.87        55571.03
1910-1919       62             23448.18        29375.86        52824.04
1910-1919       63             22297.39        27889.17        50186.56
1910-1919       64             21328.29        26498.41        47826.69
1910-1919       65             20406.87        25061.28        45468.15
1910-1919       66             19457.03        23655.75        43112.78
1910-1919       67             18414.09        22265.03        40679.12
1910-1919       68             17316.86        20969.17        38286.03
1910-1919       69             16256.56        19873.89        36130.45
1910-1919       70             15312.26        19008.84        34321.10
1910-1919       71             14396.73        18149.22        32545.96
1910-1919       72             13380.82        17145.15        30525.97
1910-1919       73             12215.13        15928.97        28144.10
1910-1919       74             11102.92        14782.55        25885.47
1910-1919       75             10212.87        13865.07        24077.93
1910-1919       76              9249.35        12776.23        22025.58
1910-1919       77              8140.23        11475.59        19615.82
1910-1919       78              6892.57         9905.80        16798.37
1910-1919       79              5853.07         8481.37        14334.43
1910-1919       80              5737.51         8142.67        13880.18
1910-1919       81              4898.29         6917.57        11815.86
1910-1919       82              4112.51         5802.05         9914.56
1910-1919       83              3378.50         4730.76         8109.26
1910-1919       84              2729.32         3762.30         6491.62
1910-1919       85              2172.78         2926.27         5099.05
1910-1919       86              1718.16         2227.04         3945.20
1910-1919       87              1339.75         1650.78         2990.52
1910-1919       88              1030.89         1210.77         2241.65
1910-1919       89               787.85          883.01         1670.86
1910-1919       90               587.11          639.23         1226.35
1910-1919       91               438.66          467.49          906.16
1910-1919       92               336.83          340.94          677.77
1910-1919       93               254.17          242.81          496.98
1910-1919       94               181.58          172.52          354.11
1910-1919       95               125.98          115.38          241.36
1910-1919       96                89.25           73.73          162.97
1910-1919       97                64.02           47.17          111.19
1910-1919       98                41.33           28.33           69.66
1910-1919       99                23.17           16.23           39.40
1910-1919      100                13.80            9.65           23.46
1910-1919      101                 8.28            5.27           13.55
1910-1919      102                 4.97            2.69            7.66
1910-1919      103                 3.74            1.73            5.47
1910-1919      104                 1.89            1.23            3.12
1910-1919      105                 0.48            0.43            0.90
1910-1919      106                 0.00            0.00            0.00
1910-1919      107                 0.00            0.00            0.00
1910-1919      108                 0.00            0.00            0.00
1910-1919      109                 0.00            0.00            0.00
1910-1919      110+                0.00            0.00            0.00
1920-1929        0            132316.20       138874.07       271190.28
1920-1929        1            130085.32       135675.64       265760.95
1920-1929        2            129723.93       135006.97       264730.90
1920-1929        3            129162.21       134371.05       263533.26
1920-1929        4            129088.74       134246.44       263335.19
1920-1929        5            129590.46       134773.26       264363.71
1920-1929        6            130270.68       135541.09       265811.76
1920-1929        7            130495.13       135755.67       266250.80
1920-1929        8            130059.04       135192.33       265251.38
1920-1929        9            129360.97       134251.57       263612.54
1920-1929       10            128774.78       133462.20       262236.98
1920-1929       11            128056.02       132708.86       260764.88
1920-1929       12            127077.14       131751.56       258828.70
1920-1929       13            125640.09       130326.89       255966.97
1920-1929       14            123907.62       128523.29       252430.91
1920-1929       15            121991.63       126508.29       248499.92
1920-1929       16            119700.86       124146.24       243847.10
1920-1929       17            117277.03       121763.85       239040.88
1920-1929       18            114859.37       119304.74       234164.11
1920-1929       19            112744.25       116943.62       229687.87
1920-1929       20            110907.12       114639.28       225546.40
1920-1929       21            109099.99       112300.18       221400.17
1920-1929       22            107175.21       109844.52       217019.73
1920-1929       23            105371.06       107108.64       212479.70
1920-1929       24            103871.27       104458.14       208329.41
1920-1929       25            102585.12       101983.02       204568.13
1920-1929       26            101331.31        99781.57       201112.88
1920-1929       27            100404.89        97706.81       198111.70
1920-1929       28             99808.78        95992.88       195801.65
1920-1929       29             99261.98        94442.92       193704.89
1920-1929       30             98722.07        93194.38       191916.45
1920-1929       31             98395.53        92618.47       191013.99
1920-1929       32             98356.19        92569.92       190926.10
1920-1929       33             98347.50        93140.51       191488.01
1920-1929       34             98063.62        94107.98       192171.60
1920-1929       35             97540.37        95130.03       192670.40
1920-1929       36             97408.52        96211.66       193620.17
1920-1929       37             97085.06        97149.66       194234.72
1920-1929       38             96536.25        97871.23       194407.48
1920-1929       39             95586.11        98199.72       193785.82
1920-1929       40             94365.19        98061.65       192426.84
1920-1929       41             93046.23        97371.37       190417.60
1920-1929       42             91357.75        96398.00       187755.75
1920-1929       43             89217.59        95028.34       184245.93
1920-1929       44             86607.29        93328.75       179936.04
1920-1929       45             83484.49        91139.07       174623.56
1920-1929       46             80292.49        88538.61       168831.09
1920-1929       47             77012.26        85661.10       162673.36
1920-1929       48             73704.25        82605.22       156309.48
1920-1929       49             70417.18        79320.81       149737.98
1920-1929       50             67088.38        75793.76       142882.14
1920-1929       51             63674.47        72138.74       135813.21
1920-1929       52             60274.79        68543.42       128818.21
1920-1929       53             56937.52        64842.88       121780.40
1920-1929       54             53810.57        61230.25       115040.81
1920-1929       55             50855.41        57794.25       108649.66
1920-1929       56             47987.97        54417.28       102405.25
1920-1929       57             45364.11        51216.77        96580.88
1920-1929       58             42857.57        48109.10        90966.66
1920-1929       59             40509.23        45189.75        85698.98
1920-1929       60             38309.29        42477.56        80786.85
1920-1929       61             36250.67        40005.00        76255.66
1920-1929       62             34357.08        37786.69        72143.76
1920-1929       63             32498.00        35682.14        68180.14
1920-1929       64             30667.40        33745.09        64412.49
1920-1929       65             28819.70        31870.92        60690.62
1920-1929       66             27079.58        30148.83        57228.41
1920-1929       67             25419.07        28549.94        53969.01
1920-1929       68             23703.44        26824.24        50527.68
1920-1929       69             22003.64        25073.73        47077.37
1920-1929       70             20248.18        23239.73        43487.92
1920-1929       71             18597.01        21506.38        40103.39
1920-1929       72             17062.74        19785.94        36848.69
1920-1929       73             15553.35        17971.12        33524.47
1920-1929       74             14229.74        16340.86        30570.60
1920-1929       75             13008.18        14851.14        27859.32
1920-1929       76             11723.28        13378.09        25101.37
1920-1929       77             10547.35        11982.85        22530.20
1920-1929       78              9442.11        10647.51        20089.62
1920-1929       79              8400.05         9436.52        17836.56
1920-1929       80              7928.92         8845.18        16774.10
1920-1929       81              6959.03         7781.67        14740.71
1920-1929       82              6107.37         6808.84        12916.21
1920-1929       83              5288.04         5859.19        11147.23
1920-1929       84              4471.28         4923.64         9394.92
1920-1929       85              3660.06         4020.81         7680.87
1920-1929       86              2930.30         3232.34         6162.63
1920-1929       87              2308.31         2566.65         4874.96
1920-1929       88              1778.47         2006.05         3784.51
1920-1929       89              1313.87         1525.75         2839.62
1920-1929       90               966.15         1121.02         2087.18
1920-1929       91               719.71          818.72         1538.42
1920-1929       92               523.77          604.52         1128.29
1920-1929       93               369.98          443.03          813.02
1920-1929       94               266.03          316.44          582.47
1920-1929       95               182.84          214.08          396.91
1920-1929       96               120.66          140.93          261.58
1920-1929       97                77.73           95.37          173.10
1920-1929       98                46.34           61.09          107.43
1920-1929       99                26.38           33.97           60.34
1920-1929      100                14.79           18.66           33.46
1920-1929      101                 8.96           10.34           19.30
1920-1929      102                 6.71            7.78           14.49
1920-1929      103                 4.72            6.68           11.41
1920-1929      104                 2.97            4.19            7.16
1920-1929      105                 2.01            1.95            3.96
1920-1929      106                 1.21            0.47            1.69
1920-1929      107                 0.24            0.00            0.24
1920-1929      108                 0.00            0.00            0.00
1920-1929      109                 0.00            0.00            0.00
1920-1929      110+                0.00            0.00            0.00
1930-1939        0            123022.84       128488.48       251511.32
1930-1939        1            120369.21       125343.31       245712.52
1930-1939        2            119979.08       125108.00       245087.09
1930-1939        3            120557.42       125913.82       246471.23
1930-1939        4            121776.52       127394.33       249170.85
1930-1939        5            123270.58       128996.01       252266.59
1930-1939        6            124784.23       130594.55       255378.78
1930-1939        7            126378.73       132215.37       258594.10
1930-1939        8            127861.37       133646.37       261507.74
1930-1939        9            128985.66       134824.26       263809.93
1930-1939       10            129630.71       135614.05       265244.75
1930-1939       11            129986.04       135976.67       265962.71
1930-1939       12            130300.29       136161.72       266462.01
1930-1939       13            130656.36       136365.57       267021.93
1930-1939       14            130918.30       136554.13       267472.43
1930-1939       15            131070.32       136635.38       267705.70
1930-1939       16            131099.92       136511.79       267611.71
1930-1939       17            130895.60       136124.04       267019.63
1930-1939       18            130330.56       135345.65       265676.21
1930-1939       19            129560.01       134352.44       263912.45
1930-1939       20            129014.57       133594.38       262608.95
1930-1939       21            128598.36       133086.32       261684.68
1930-1939       22            127843.64       132434.00       260277.64
1930-1939       23            126575.35       131284.95       257860.30
1930-1939       24            124919.50       129753.59       254673.09
1930-1939       25            122965.47       127993.04       250958.51
1930-1939       26            120713.73       125976.94       246690.67
1930-1939       27            118338.38       123815.61       242153.99
1930-1939       28            116001.83       121546.59       237548.42
1930-1939       29            113744.66       119176.80       232921.45
1930-1939       30            111614.55       116746.11       228360.66
1930-1939       31            109545.71       114152.23       223697.93
1930-1939       32            107534.60       111364.81       218899.41
1930-1939       33            105638.59       108431.14       214069.73
1930-1939       34            103984.35       105447.62       209431.98
1930-1939       35            102602.06       102601.74       205203.80
1930-1939       36            101404.01        99961.56       201365.57
1930-1939       37            100280.60        97495.23       197775.83
1930-1939       38             99242.50        95248.04       194490.54
1930-1939       39             98315.28        93463.61       191778.89
1930-1939       40             97498.30        92214.43       189712.72
1930-1939       41             96783.54        91405.32       188188.86
1930-1939       42             96142.01        91075.94       187217.95
1930-1939       43             95527.60        91149.65       186677.25
1930-1939       44             94868.85        91460.57       186329.41
1930-1939       45             94112.17        91849.97       185962.14
1930-1939       46             93256.76        92271.39       185528.15
1930-1939       47             92326.69        92607.60       184934.29
1930-1939       48             91275.52        92806.11       184081.63
1930-1939       49             90118.71        92864.66       182983.37
1930-1939       50             88717.57        92536.86       181254.44
1930-1939       51             87055.03        91783.03       178838.06
1930-1939       52             85055.72        90496.42       175552.13
1930-1939       53             82634.19        88547.76       171181.95
1930-1939       54             79827.35        86048.59       165875.94
1930-1939       55             76748.08        83132.03       159880.11
1930-1939       56             73577.78        79905.38       153483.16
1930-1939       57             70348.31        76473.78       146822.09
1930-1939       58             67027.86        72884.56       139912.42
1930-1939       59             63686.91        69186.38       132873.29
1930-1939       60             60370.85        65399.82       125770.67
1930-1939       61             57122.34        61678.91       118801.25
1930-1939       62             53920.83        57990.25       111911.08
1930-1939       63             50722.36        54267.95       104990.31
1930-1939       64             47681.14        50627.97        98309.10
1930-1939       65             44690.60        47004.12        91694.72
1930-1939       66             41793.19        43596.62        85389.80
1930-1939       67             39070.68        40429.82        79500.50
1930-1939       68             36343.12        37261.55        73604.67
1930-1939       69             33600.92        34159.97        67760.88
1930-1939       70             30895.86        31209.26        62105.12
1930-1939       71             28375.48        28541.97        56917.44
1930-1939       72             25995.11        26093.63        52088.74
1930-1939       73             23671.78        23706.67        47378.44
1930-1939       74             21368.75        21482.81        42851.56
1930-1939       75             19140.37        19383.80        38524.18
1930-1939       76             17060.92        17380.49        34441.41
1930-1939       77             15193.69        15562.01        30755.70
1930-1939       78             13459.86        13870.89        27330.74
1930-1939       79             11793.03        12193.88        23986.92
1930-1939       80             11094.61        11289.10        22383.70
1930-1939       81              9576.55         9816.00        19392.55
1930-1939       82              8231.03         8400.70        16631.73
1930-1939       83              6948.92         7000.49        13949.41
1930-1939       84              5772.45         5709.03        11481.49
1930-1939       85              4729.11         4559.59         9288.70
1930-1939       86              3844.52         3601.07         7445.59
1930-1939       87              3082.00         2806.63         5888.63
1930-1939       88              2452.58         2166.53         4619.11
1930-1939       89              1915.42         1649.55         3564.97
1930-1939       90              1442.27         1223.81         2666.09
1930-1939       91              1082.07          911.31         1993.38
1930-1939       92               821.62          678.11         1499.72
1930-1939       93               608.85          495.17         1104.02
1930-1939       94               434.09          353.65          787.74
1930-1939       95               293.40          247.73          541.13
1930-1939       96               184.85          170.67          355.51
1930-1939       97               114.17          115.01          229.17
1930-1939       98                73.71           72.51          146.22
1930-1939       99                44.00           40.79           84.79
1930-1939      100                25.26           24.99           50.25
1930-1939      101                14.51           14.41           28.93
1930-1939      102                 7.16            6.60           13.76
1930-1939      103                 2.92            3.70            6.62
1930-1939      104                 1.00            1.95            2.95
1930-1939      105                 0.48            1.00            1.48
1930-1939      106                 0.27            1.00            1.27
1930-1939      107                 0.77            0.47            1.24
1930-1939      108                 0.48            0.00            0.48
1930-1939      109                 0.00            0.00            0.00
1930-1939      110+                0.00            0.00            0.00
1940-1949        0            176578.09       184848.01       361426.10
1940-1949        1            167698.32       175080.42       342778.74
1940-1949        2            159565.00       166049.02       325614.02
1940-1949        3            150910.82       156529.18       307439.99
1940-1949        4            143480.50       148353.80       291834.29
1940-1949        5            137835.04       142278.30       280113.34
1940-1949        6            133563.36       137551.60       271114.96
1940-1949        7            129795.97       133556.11       263352.08
1940-1949        8            125880.88       129823.29       255704.16
1940-1949        9            122704.36       126982.05       249686.41
1940-1949       10            120692.17       125199.72       245891.90
1940-1949       11            119753.30       124480.50       244233.79
1940-1949       12            119812.09       124801.71       244613.80
1940-1949       13            120541.03       125830.81       246371.84
1940-1949       14            122092.74       127430.39       249523.13
1940-1949       15            123707.49       129067.27       252774.77
1940-1949       16            125567.52       130764.56       256332.08
1940-1949       17            127245.12       132429.76       259674.88
1940-1949       18            128823.02       133167.76       261990.77
1940-1949       19            129836.29       131810.92       261647.21
1940-1949       20            130297.69       128664.40       258962.09
1940-1949       21            130460.43       119567.76       250028.19
1940-1949       22            130555.16       106290.41       236845.57
1940-1949       23            131027.50       100317.45       231344.94
1940-1949       24            131083.05       101592.33       232675.38
1940-1949       25            131912.99       105561.89       237474.88
1940-1949       26            131601.01       109756.82       241357.83
1940-1949       27            131251.52       112227.04       243478.56
1940-1949       28            130569.75       113575.00       244144.75
1940-1949       29            129517.26       114837.12       244354.37
1940-1949       30            129141.30       116558.28       245699.59
1940-1949       31            128743.75       118556.00       247299.75
1940-1949       32            128072.31       119554.74       247627.06
1940-1949       33            126780.60       119803.16       246583.76
1940-1949       34            124708.85       119326.54       244035.40
1940-1949       35            122501.62       118388.68       240890.30
1940-1949       36            120329.26       117204.11       237533.37
1940-1949       37            117746.77       116201.47       233948.23
1940-1949       38            115196.58       114854.47       230051.05
1940-1949       39            112844.11       113202.16       226046.26
1940-1949       40            110723.97       111224.18       221948.15
1940-1949       41            108223.62       108804.30       217027.91
1940-1949       42            105966.05       106739.66       212705.72
1940-1949       43            103520.96       104182.26       207703.22
1940-1949       44            101380.53       101397.08       202777.61
1940-1949       45            100605.20        99661.21       200266.41
1940-1949       46             98942.21        96855.64       195797.85
1940-1949       47             97109.37        93930.10       191039.47
1940-1949       48             95587.28        91397.51       186984.78
1940-1949       49             93970.12        88979.84       182949.96
1940-1949       50             92839.15        86968.79       179807.94
1940-1949       51             91313.39        85172.55       176485.94
1940-1949       52             90358.64        84451.92       174810.56
1940-1949       53             89303.95        83981.59       173285.54
1940-1949       54             87921.60        83751.17       171672.77
1940-1949       55             86883.45        83893.33       170776.78
1940-1949       56             85638.71        83805.96       169444.67
1940-1949       57             84248.95        83566.25       167815.20
1940-1949       58             82834.21        82916.55       165750.77
1940-1949       59             81054.49        82009.49       163063.99
1940-1949       60             79593.20        80746.49       160339.69
1940-1949       61             77416.03        78976.97       156393.00
1940-1949       62             74958.96        76777.43       151736.38
1940-1949       63             72266.96        74015.55       146282.52
1940-1949       64             69254.77        70628.38       139883.15
1940-1949       65             66854.83        67726.63       134581.46
1940-1949       66             63907.73        64177.05       128084.78
1940-1949       67             60617.83        60239.68       120857.51
1940-1949       68             56917.96        56099.86       113017.82
1940-1949       69             52890.72        51927.59       104818.31
1940-1949       70             48953.53        47750.74        96704.27
1940-1949       71             44611.43        43488.63        88100.07
1940-1949       72             40592.91        39482.87        80075.77
1940-1949       73             36825.33        35510.10        72335.43
1940-1949       74             33069.97        31600.01        64669.98
1940-1949       75             31450.71        29438.17        60888.88
1940-1949       76             26912.79        24425.35        51338.14
1940-1949       77             23107.41        21408.46        44515.87
1940-1949       78             20722.32        18212.97        38935.29
1940-1949       79             17972.64        15893.46        33866.10
1940-1949       80             17037.94        14461.35        31499.28
1940-1949       81             14655.56        12280.16        26935.72
1940-1949       82             12508.58        10377.58        22886.16
1940-1949       83             10476.87         8643.19        19120.07
1940-1949       84              8633.72         7098.67        15732.39
1940-1949       85              7011.50         5746.02        12757.52
1940-1949       86              5624.83         4584.14        10208.97
1940-1949       87              4449.61         3557.64         8007.25
1940-1949       88              3514.81         2711.00         6225.81
1940-1949       89              2731.85         2039.02         4770.87
1940-1949       90              2052.34         1513.13         3565.47
1940-1949       91              1530.05         1131.62         2661.66
1940-1949       92              1124.54          827.87         1952.41
1940-1949       93               786.85          555.23         1342.08
1940-1949       94               548.82          364.10          912.91
1940-1949       95               388.83          246.48          635.31
1940-1949       96               259.88          168.87          428.75
1940-1949       97               166.11          114.40          280.51
1940-1949       98               105.76           75.62          181.38
1940-1949       99                63.50           45.14          108.64
1940-1949      100                35.53           23.01           58.54
1940-1949      101                21.65           12.80           34.44
1940-1949      102                13.52            7.62           21.15
1940-1949      103                 6.68            3.65           10.32
1940-1949      104                 3.18            2.00            5.18
1940-1949      105                 0.72            2.00            2.72
1940-1949      106                 0.00            2.00            2.00
1940-1949      107                 0.00            2.00            2.00
1940-1949      108                 0.00            2.00            2.00
1940-1949      109                 0.00            1.73            1.73
1940-1949      110+                0.00            3.18            3.18
1950-1959        0            232678.31       244786.37       477464.68
1950-1959        1            226273.10       237294.47       463567.57
1950-1959        2            222137.91       232008.94       454146.84
1950-1959        3            218700.96       227943.70       446644.66
1950-1959        4            213829.23       222387.48       436216.71
1950-1959        5            208495.33       216558.44       425053.77
1950-1959        6            202048.45       210573.98       412622.43
1950-1959        7            196039.85       204528.14       400567.99
1950-1959        8            190963.72       199344.75       390308.47
1950-1959        9            184754.21       192740.31       377494.52
1950-1959       10            178402.99       186071.94       364474.93
1950-1959       11            171112.11       178220.88       349332.99
1950-1959       12            162615.26       169393.93       332009.18
1950-1959       13            154371.76       160702.76       315074.52
1950-1959       14            147159.60       153250.47       300410.07
1950-1959       15            141420.18       147158.10       288578.29
1950-1959       16            137106.28       142391.80       279498.08
1950-1959       17            133428.28       138356.24       271784.52
1950-1959       18            129958.19       135181.16       265139.35
1950-1959       19            127357.04       132427.57       259784.61
1950-1959       20            125358.07       130267.36       255625.43
1950-1959       21            124431.76       129852.60       254284.36
1950-1959       22            124855.71       131238.99       256094.70
1950-1959       23            126592.44       133563.15       260155.59
1950-1959       24            128864.62       136827.98       265692.60
1950-1959       25            131271.98       140016.51       271288.49
1950-1959       26            133539.51       142054.53       275594.04
1950-1959       27            135644.61       144324.95       279969.56
1950-1959       28            137907.21       146095.79       284003.00
1950-1959       29            139452.93       146811.48       286264.41
1950-1959       30            139991.98       146427.78       286419.76
1950-1959       31            138852.67       144470.72       283323.39
1950-1959       32            139162.20       143358.13       282520.33
1950-1959       33            139552.01       142040.11       281592.12
1950-1959       34            139074.63       140287.15       279361.79
1950-1959       35            138489.81       138576.16       277065.96
1950-1959       36            137552.63       137041.14       274593.77
1950-1959       37            136718.01       135511.12       272229.12
1950-1959       38            135828.39       134580.90       270409.29
1950-1959       39            134810.83       134090.75       268901.57
1950-1959       40            133820.48       133634.50       267454.97
1950-1959       41            132605.78       133134.47       265740.25
1950-1959       42            130913.87       132462.58       263376.46
1950-1959       43            128934.25       131298.07       260232.33
1950-1959       44            126497.26       129811.36       256308.63
1950-1959       45            123780.92       127689.28       251470.21
1950-1959       46            120281.08       124714.94       244996.02
1950-1959       47            117271.46       121940.44       239211.89
1950-1959       48            114460.88       119137.75       233598.62
1950-1959       49            112198.00       116610.05       228808.05
1950-1959       50            109470.72       113723.21       223193.93
1950-1959       51            105505.88       109228.81       214734.69
1950-1959       52            102465.73       105276.49       207742.22
1950-1959       53             99995.04       101388.73       201383.78
1950-1959       54             97349.68        97223.61       194573.29
1950-1959       55             94864.29        93061.05       187925.33
1950-1959       56             91876.82        88900.40       180777.22
1950-1959       57             90061.32        85847.01       175908.33
1950-1959       58             88028.97        82633.90       170662.86
1950-1959       59             86056.33        79820.88       165877.20
1950-1959       60             84172.36        77144.67       161317.03
1950-1959       61             82547.03        74811.52       157358.56
1950-1959       62             81246.81        73038.32       154285.13
1950-1959       63             79801.67        71455.17       151256.84
1950-1959       64             78134.19        69939.95       148074.14
1950-1959       65             76709.99        68240.98       144950.96
1950-1959       66             74600.16        66466.12       141066.28
1950-1959       67             73067.44        65068.45       138135.89
1950-1959       68             71629.68        63593.39       135223.07
1950-1959       69             69574.52        61508.43       131082.95
1950-1959       70             66850.69        58907.05       125757.74
1950-1959       71             63171.11        55585.30       118756.41
1950-1959       72             59473.33        52305.06       111778.39
1950-1959       73             55675.89        48787.64       104463.53
1950-1959       74             51578.47        44997.95        96576.42
1950-1959       75             47468.25        41195.53        88663.78
1950-1959       76             43308.28        37125.66        80433.95
1950-1959       77             38554.46        33066.55        71621.01
1950-1959       78             34960.97        29313.80        64274.77
1950-1959       79             30516.38        25548.74        56065.12
1950-1959       80             28222.36        22881.20        51103.56
1950-1959       81             24570.70        19622.99        44193.69
1950-1959       82             21176.74        16629.59        37806.33
1950-1959       83             17915.50        13817.87        31733.36
1950-1959       84             14885.47        11239.84        26125.31
1950-1959       85             12184.76         8936.96        21121.73
1950-1959       86              9874.43         7010.99        16885.41
1950-1959       87              7864.97         5405.87        13270.84
1950-1959       88              6169.16         4103.89        10273.05
1950-1959       89              4726.11         3051.78         7777.89
1950-1959       90              3528.31         2240.83         5769.14
1950-1959       91              2615.13         1657.39         4272.52
1950-1959       92              1903.15         1186.10         3089.25
1950-1959       93              1344.87          806.54         2151.41
1950-1959       94               931.36          539.25         1470.61
1950-1959       95               632.75          359.53          992.28
1950-1959       96               419.72          232.03          651.75
1950-1959       97               270.85          135.60          406.45
1950-1959       98               167.15           80.04          247.19
1950-1959       99                93.08           50.06          143.13
1950-1959      100                48.22           27.70           75.92
1950-1959      101                23.30           16.54           39.84
1950-1959      102                11.88           12.16           24.04
1950-1959      103                 7.66            9.92           17.57
1950-1959      104                 4.70            8.47           13.17
1950-1959      105                 1.67            5.87            7.54
1950-1959      106                 0.00            2.13            2.13
1950-1959      107                 0.00            0.23            0.23
1950-1959      108                 0.00            0.00            0.00
1950-1959      109                 0.00            0.28            0.28
1950-1959      110+                0.00            3.76            3.76
1960-1969        0            263047.06       275821.65       538868.71
1960-1969        1            259645.27       271254.04       530899.31
1960-1969        2            258670.38       269902.90       528573.28
1960-1969        3            258012.78       269007.49       527020.27
1960-1969        4            257227.78       268543.53       525771.31
1960-1969        5            256491.27       267719.78       524211.05
1960-1969        6            254278.28       265694.48       519972.77
1960-1969        7            250727.35       262058.27       512785.61
1960-1969        8            246200.52       257316.28       503516.79
1960-1969        9            241187.88       252540.63       493728.52
1960-1969       10            236549.19       248212.11       484761.30
1960-1969       11            232718.09       244233.79       476951.88
1960-1969       12            229432.58       240633.27       470065.85
1960-1969       13            226018.62       237019.41       463038.02
1960-1969       14            221350.68       231871.60       453222.28
1960-1969       15            215322.18       225287.61       440609.78
1960-1969       16            208302.65       218028.17       426330.81
1960-1969       17            200717.19       210592.90       411310.09
1960-1969       18            193798.44       203466.80       397265.25
1960-1969       19            187883.39       196966.66       384850.05
1960-1969       20            181432.47       189892.77       371325.24
1960-1969       21            173415.96       180836.09       354252.05
1960-1969       22            165143.45       171833.38       336976.83
1960-1969       23            158517.44       164624.29       323141.73
1960-1969       24            153463.06       159008.95       312472.02
1960-1969       25            150018.86       154902.09       304920.95
1960-1969       26            147010.14       151761.04       298771.18
1960-1969       27            144284.98       149553.02       293838.01
1960-1969       28            141820.32       147140.62       288960.93
1960-1969       29            139469.34       144672.27       284141.61
1960-1969       30            137977.63       144784.60       282762.23
1960-1969       31            137481.26       145427.93       282909.19
1960-1969       32            138260.49       146359.79       284620.28
1960-1969       33            139047.39       147761.71       286809.10
1960-1969       34            140146.88       149431.56       289578.44
1960-1969       35            141808.66       151506.02       293314.67
1960-1969       36            143766.27       153483.94       297250.21
1960-1969       37            145489.17       154829.81       300318.98
1960-1969       38            146755.33       155234.11       301989.44
1960-1969       39            147111.20       154975.44       302086.65
1960-1969       40            147274.27       154475.51       301749.79
1960-1969       41            147289.31       152873.47       300162.77
1960-1969       42            147620.00       150279.23       297899.23
1960-1969       43            145795.50       146829.49       292624.99
1960-1969       44            143692.91       143701.67       287394.58
1960-1969       45            142405.55       141728.01       284133.55
1960-1969       46            141018.37       139545.30       280563.68
1960-1969       47            139214.26       137890.89       277105.15
1960-1969       48            137422.59       136283.55       273706.14
1960-1969       49            135445.34       134536.30       269981.65
1960-1969       50            133805.90       132634.21       266440.11
1960-1969       51            131733.50       131093.99       262827.48
1960-1969       52            130062.58       129363.24       259425.82
1960-1969       53            127056.38       127329.77       254386.15
1960-1969       54            123814.58       124490.28       248304.86
1960-1969       55            120180.05       121258.78       241438.83
1960-1969       56            116835.75       117727.68       234563.43
1960-1969       57            113003.24       113715.78       226719.02
1960-1969       58            109540.78       109883.73       219424.51
1960-1969       59            106048.28       105596.69       211644.97
1960-1969       60            102882.08       101545.70       204427.77
1960-1969       61             99284.23        97370.89       196655.12
1960-1969       62             96711.94        92464.01       189175.95
1960-1969       63             92864.40        86806.17       179670.57
1960-1969       64             89241.27        81615.54       170856.81
1960-1969       65             86273.71        77288.02       163561.73
1960-1969       66             84157.85        72919.41       157077.25
1960-1969       67             82172.10        68513.20       150685.30
1960-1969       68             79657.25        64305.13       143962.38
1960-1969       69             76559.72        60002.08       136561.80
1960-1969       70             73307.34        56099.48       129406.82
1960-1969       71             70089.45        52656.45       122745.90
1960-1969       72             67206.77        49378.37       116585.14
1960-1969       73             63624.23        46410.51       110034.74
1960-1969       74             60431.59        43710.22       104141.81
1960-1969       75             56480.89        41132.04        97612.93
1960-1969       76             53668.05        38619.52        92287.57
1960-1969       77             50060.87        35722.43        85783.29
1960-1969       78             46352.77        32762.39        79115.15
1960-1969       79             42072.93        29660.11        71733.04
1960-1969       80             39811.94        27644.95        67456.89
1960-1969       81             35860.19        24542.89        60403.07
1960-1969       82             31928.46        21536.58        53465.05
1960-1969       83             27918.08        18550.69        46468.77
1960-1969       84             23949.55        15622.61        39572.16
1960-1969       85             20100.15        12881.24        32981.39
1960-1969       86             16534.80        10389.35        26924.15
1960-1969       87             13375.29         8163.24        21538.52
1960-1969       88             10677.85         6302.45        16980.30
1960-1969       89              8314.93         4777.26        13092.19
1960-1969       90              6321.22         3541.82         9863.04
1960-1969       91              4774.65         2617.48         7392.13
1960-1969       92              3530.22         1890.19         5420.41
1960-1969       93              2506.94         1315.69         3822.63
1960-1969       94              1747.11          890.56         2637.66
1960-1969       95              1202.25          570.09         1772.34
1960-1969       96               801.26          359.42         1160.67
1960-1969       97               507.81          230.29          738.10
1960-1969       98               311.76          138.72          450.48
1960-1969       99               183.36           74.96          258.32
1960-1969      100                99.56           41.17          140.73
1960-1969      101                52.25           22.78           75.03
1960-1969      102                29.44           11.70           41.14
1960-1969      103                17.89            5.64           23.53
1960-1969      104                 8.53            2.40           10.93
1960-1969      105                 3.65            1.00            4.65
1960-1969      106                 1.47            0.74            2.22
1960-1969      107                 0.47            0.78            1.25
1960-1969      108                 0.00            1.00            1.00
1960-1969      109                 0.00            1.00            1.00
1960-1969      110+                0.00            6.95            6.95
1970-1979        0            246446.87       257650.48       504097.34
1970-1979        1            247276.25       257548.54       504824.78
1970-1979        2            250322.79       260727.52       511050.31
1970-1979        3            253150.64       262963.62       516114.26
1970-1979        4            255469.19       265708.31       521177.50
1970-1979        5            258486.44       269330.94       527817.38
1970-1979        6            261473.81       273005.96       534479.77
1970-1979        7            263659.04       275338.89       538997.92
1970-1979        8            264882.08       276899.72       541781.80
1970-1979        9            266104.94       278010.26       544115.20
1970-1979       10            267125.02       278940.33       546065.35
1970-1979       11            267183.09       279255.57       546438.66
1970-1979       12            267158.43       279508.41       546666.84
1970-1979       13            267283.77       280029.11       547312.88
1970-1979       14            266662.07       279262.86       545924.93
1970-1979       15            265054.10       277069.32       542123.42
1970-1979       16            261274.14       273064.13       534338.28
1970-1979       17            254765.53       266923.26       521688.79
1970-1979       18            246840.19       259586.45       506426.64
1970-1979       19            239313.72       251985.51       491299.23
1970-1979       20            232813.21       244857.38       477670.59
1970-1979       21            225992.17       236758.35       462750.51
1970-1979       22            220418.43       229876.70       450295.13
1970-1979       23            217963.82       224821.80       442785.62
1970-1979       24            215341.07       220088.41       435429.48
1970-1979       25            212160.10       215585.18       427745.28
1970-1979       26            209000.11       210699.76       419699.87
1970-1979       27            205725.47       207076.13       412801.60
1970-1979       28            201920.25       204065.53       405985.78
1970-1979       29            198433.93       200482.03       398915.96
1970-1979       30            193941.12       195868.80       389809.92
1970-1979       31            186874.39       189692.60       376566.99
1970-1979       32            178552.51       182493.48       361045.98
1970-1979       33            170256.28       174987.63       345243.92
1970-1979       34            163411.48       168342.85       331754.33
1970-1979       35            158594.32       163720.44       322314.76
1970-1979       36            155598.25       160032.01       315630.25
1970-1979       37            152798.20       156801.48       309599.69
1970-1979       38            149841.18       153973.52       303814.71
1970-1979       39            147435.16       151527.06       298962.22
1970-1979       40            145946.22       150231.82       296178.04
1970-1979       41            144402.39       149268.25       293670.64
1970-1979       42            143278.92       149917.36       293196.28
1970-1979       43            143300.50       150941.41       294241.90
1970-1979       44            142861.97       151721.35       294583.32
1970-1979       45            143099.08       152011.29       295110.37
1970-1979       46            144499.39       152737.03       297236.42
1970-1979       47            145912.29       153547.36       299459.65
1970-1979       48            146365.43       153290.55       299655.99
1970-1979       49            147211.76       153129.39       300341.16
1970-1979       50            148001.41       152012.20       300013.61
1970-1979       51            146614.12       148536.10       295150.22
1970-1979       52            144279.79       144835.99       289115.78
1970-1979       53            142369.37       140738.26       283107.63
1970-1979       54            140347.45       136690.32       277037.77
1970-1979       55            137931.87       132947.28       270879.15
1970-1979       56            135616.94       130059.73       265676.66
1970-1979       57            133743.08       127321.05       261064.13
1970-1979       58            131185.13       123997.20       255182.33
1970-1979       59            128683.07       120995.12       249678.19
1970-1979       60            126986.51       118913.45       245899.96
1970-1979       61            124601.96       116083.66       240685.62
1970-1979       62            121638.74       113586.09       235224.82
1970-1979       63            118590.34       109996.12       228586.46
1970-1979       64            115155.74       105307.49       220463.23
1970-1979       65            111810.29       101263.92       213074.20
1970-1979       66            108413.64        96894.71       205308.35
1970-1979       67            104229.43        92242.72       196472.14
1970-1979       68             99771.09        87063.05       186834.15
1970-1979       69             95658.26        81013.30       176671.57
1970-1979       70             91220.01        75343.72       166563.72
1970-1979       71             86357.33        69706.05       156063.38
1970-1979       72             81094.45        63547.87       144642.31
1970-1979       73             75943.66        57707.49       133651.15
1970-1979       74             70870.65        51771.64       122642.29
1970-1979       75             66231.17        46457.25       112688.42
1970-1979       76             61825.54        41498.34       103323.87
1970-1979       77             57419.28        36982.08        94401.35
1970-1979       78             52861.35        32489.03        85350.38
1970-1979       79             48226.23        28420.97        76647.20
1970-1979       80             44984.17        25239.50        70223.67
1970-1979       81             41131.24        22348.13        63479.37
1970-1979       82             37281.10        19610.43        56891.54
1970-1979       83             33304.11        17005.29        50309.40
1970-1979       84             29301.28        14631.88        43933.16
1970-1979       85             25529.40        12460.85        37990.26
1970-1979       86             21865.18        10481.04        32346.22
1970-1979       87             18365.21         8623.28        26988.49
1970-1979       88             15296.20         6982.71        22278.90
1970-1979       89             12471.24         5558.21        18029.45
1970-1979       90              9913.42         4295.81        14209.23
1970-1979       91              7712.54         3256.54        10969.08
1970-1979       92              5830.53         2412.77         8243.29
1970-1979       93              4292.40         1732.95         6025.34
1970-1979       94              3101.59         1226.30         4327.88
1970-1979       95              2174.13          832.52         3006.64
1970-1979       96              1482.72          531.98         2014.70
1970-1979       97               985.63          336.10         1321.73
1970-1979       98               610.04          205.64          815.68
1970-1979       99               366.94          114.21          481.15
1970-1979      100               215.60           59.84          275.44
1970-1979      101               119.61           30.89          150.50
1970-1979      102                66.17           16.49           82.66
1970-1979      103                37.96            7.01           44.97
1970-1979      104                22.62            1.43           24.05
1970-1979      105                15.66            0.00           15.66
1970-1979      106                 8.81            0.00            8.81
1970-1979      107                 1.89            0.00            1.89
1970-1979      108                 0.00            0.00            0.00
1970-1979      109                 0.00            0.00            0.00
1970-1979      110+                0.00            3.52            3.52
1980-1989        0            219962.45       230945.46       450907.90
1980-1989        1            216722.43       226703.88       443426.31
1980-1989        2            215115.31       224604.58       439719.90
1980-1989        3            213740.79       223346.73       437087.52
1980-1989        4            213180.04       222771.08       435951.12
1980-1989        5            214853.55       224904.31       439757.86
1980-1989        6            218865.40       229889.90       448755.29
1980-1989        7            224582.37       234511.24       459093.61
1980-1989        8            230966.42       239156.81       470123.22
1980-1989        9            236506.01       245090.22       481596.23
1980-1989       10            241468.01       250924.39       492392.40
1980-1989       11            246036.21       256391.93       502428.14
1980-1989       12            250493.54       261239.87       511733.41
1980-1989       13            253706.50       265041.99       518748.49
1980-1989       14            256252.03       268418.68       524670.72
1980-1989       15            258820.16       271173.95       529994.11
1980-1989       16            262044.61       272163.43       534208.04
1980-1989       17            263458.64       272244.01       535702.65
1980-1989       18            262763.04       272102.03       534865.07
1980-1989       19            258889.04       270262.06       529151.10
1980-1989       20            253176.94       266092.12       519269.06
1980-1989       21            247800.50       258403.36       506203.86
1980-1989       22            242191.63       250864.32       493055.95
1980-1989       23            238599.44       244670.19       483269.63
1980-1989       24            238106.43       241434.84       479541.27
1980-1989       25            238908.71       239932.09       478840.80
1980-1989       26            238074.08       235859.96       473934.05
1980-1989       27            236939.26       233049.53       469988.80
1980-1989       28            235851.71       232570.63       468422.34
1980-1989       29            235370.61       230766.07       466136.67
1980-1989       30            235294.12       228455.62       463749.74
1980-1989       31            233016.43       226625.28       459641.71
1980-1989       32            229961.54       226113.71       456075.25
1980-1989       33            226410.73       224401.92       450812.65
1980-1989       34            222769.47       220217.87       442987.34
1980-1989       35            217791.21       215844.29       433635.50
1980-1989       36            211811.20       212288.02       424099.22
1980-1989       37            206500.25       208650.70       415150.95
1980-1989       38            202075.42       204549.44       406624.86
1980-1989       39            197241.62       199487.80       396729.42
1980-1989       40            191961.45       191716.59       383678.04
1980-1989       41            185089.46       183104.46       368193.92
1980-1989       42            176357.14       176731.15       353088.29
1980-1989       43            169199.07       169486.11       338685.18
1980-1989       44            162316.98       163705.67       326022.66
1980-1989       45            155778.02       159892.86       315670.88
1980-1989       46            151500.56       157266.87       308767.44
1980-1989       47            148250.48       153592.67       301843.15
1980-1989       48            143579.99       148883.93       292463.92
1980-1989       49            139636.37       144802.01       284438.38
1980-1989       50            137974.38       142986.24       280960.62
1980-1989       51            137033.45       141604.10       278637.55
1980-1989       52            137014.84       141961.88       278976.72
1980-1989       53            137466.66       142152.00       279618.66
1980-1989       54            137730.86       141495.80       279226.66
1980-1989       55            137915.03       140060.39       277975.43
1980-1989       56            137752.55       139867.64       277620.20
1980-1989       57            137314.13       140480.70       277794.83
1980-1989       58            138013.47       139831.82       277845.29
1980-1989       59            138694.84       137625.06       276319.90
1980-1989       60            137862.36       134141.21       272003.57
1980-1989       61            135559.81       129978.17       265537.98
1980-1989       62            132914.98       126571.26       259486.25
1980-1989       63            131294.30       121744.49       253038.80
1980-1989       64            128820.02       116821.66       245641.68
1980-1989       65            126419.52       111724.26       238143.77
1980-1989       66            124232.32       106760.52       230992.85
1980-1989       67            120984.72       102394.84       223379.55
1980-1989       68            116381.28        98274.23       214655.50
1980-1989       69            112246.44        93995.47       206241.91
1980-1989       70            109078.49        89423.94       198502.43
1980-1989       71            105573.43        84661.15       190234.57
1980-1989       72            101971.21        79669.28       181640.49
1980-1989       73             97829.05        74685.32       172514.36
1980-1989       74             92777.43        69675.15       162452.59
1980-1989       75             86852.55        63829.02       150681.57
1980-1989       76             81487.48        57895.33       139382.80
1980-1989       77             76221.59        51867.37       128088.96
1980-1989       78             70336.52        46001.50       116338.02
1980-1989       79             64776.73        40329.36       105106.10
1980-1989       80             58767.54        35495.15        94262.69
1980-1989       81             52880.09        30523.63        83403.72
1980-1989       82             47381.97        25925.88        73307.84
1980-1989       83             42122.41        21761.96        63884.37
1980-1989       84             37021.43        18067.84        55089.28
1980-1989       85             32211.01        14786.38        46997.39
1980-1989       86             27797.03        11941.28        39738.31
1980-1989       87             23765.15         9502.65        33267.80
1980-1989       88             19977.10         7391.40        27368.50
1980-1989       89             16520.03         5723.72        22243.74
1980-1989       90             13500.79         4425.77        17926.56
1980-1989       91             10882.60         3386.26        14268.86
1980-1989       92              8629.85         2558.54        11188.39
1980-1989       93              6658.70         1878.70         8537.39
1980-1989       94              5005.44         1353.19         6358.63
1980-1989       95              3626.19          951.49         4577.68
1980-1989       96              2587.87          656.14         3244.01
1980-1989       97              1817.62          459.95         2277.57
1980-1989       98              1230.11          294.41         1524.52
1980-1989       99               815.16          181.70          996.85
1980-1989      100               516.70          101.02          617.72
1980-1989      101               310.49           50.31          360.80
1980-1989      102               183.59           30.71          214.30
1980-1989      103                94.52           15.92          110.44
1980-1989      104                52.84            6.46           59.30
1980-1989      105                34.90            1.81           36.71
1980-1989      106                19.13            0.98           20.11
1980-1989      107                 6.49            0.68            7.17
1980-1989      108                 2.00            0.19            2.19
1980-1989      109                 0.17            0.00            0.17
1980-1989      110+                0.00            0.00            0.00
1990-1999        0            231984.28       245312.90       477297.18
1990-1999        1            232251.23       244943.62       477194.85
1990-1999        2            232340.59       244918.85       477259.44
1990-1999        3            231832.62       244598.37       476430.99
1990-1999        4            230198.94       243309.80       473508.75
1990-1999        5            228903.32       241542.81       470446.13
1990-1999        6            227056.72       239502.16       466558.88
1990-1999        7            225117.88       237667.76       462785.64
1990-1999        8            222581.46       234859.15       457440.61
1990-1999        9            220072.47       232312.80       452385.27
1990-1999       10            218320.85       230859.21       449180.06
1990-1999       11            216780.10       229074.25       445854.35
1990-1999       12            216319.69       228238.09       444557.77
1990-1999       13            216448.89       228460.66       444909.55
1990-1999       14            218098.00       229411.04       447509.03
1990-1999       15            220874.52       231005.31       451879.83
1990-1999       16            225716.80       233272.01       458988.82
1990-1999       17            230489.40       236003.40       466492.80
1990-1999       18            234126.51       238886.85       473013.35
1990-1999       19            238293.92       241807.80       480101.71
1990-1999       20            241301.01       243966.59       485267.59
1990-1999       21            241336.66       243396.60       484733.26
1990-1999       22            239489.25       241192.80       480682.05
1990-1999       23            237879.36       238362.73       476242.10
1990-1999       24            238218.94       235961.20       474180.14
1990-1999       25            239691.28       234859.13       474550.40
1990-1999       26            242702.78       235849.59       478552.37
1990-1999       27            247835.88       238006.29       485842.17
1990-1999       28            253348.83       241129.62       494478.45
1990-1999       29            258293.51       245619.20       503912.70
1990-1999       30            262361.84       249649.25       512011.08
1990-1999       31            264491.49       252563.57       517055.06
1990-1999       32            265272.72       254836.61       520109.34
1990-1999       33            265212.22       255578.81       520791.03
1990-1999       34            264524.04       255364.64       519888.67
1990-1999       35            262453.35       254126.76       516580.12
1990-1999       36            259315.34       251997.41       511312.74
1990-1999       37            255609.15       248769.48       504378.63
1990-1999       38            250420.06       244537.97       494958.03
1990-1999       39            245849.72       240706.51       486556.23
1990-1999       40            241758.49       237845.83       479604.33
1990-1999       41            238777.78       234918.11       473695.90
1990-1999       42            235645.04       232061.72       467706.75
1990-1999       43            232435.37       229484.33       461919.70
1990-1999       44            228874.58       226717.99       455592.56
1990-1999       45            222381.58       220932.48       443314.05
1990-1999       46            216307.27       215492.27       431799.54
1990-1999       47            209793.45       210527.07       420320.51
1990-1999       48            202887.00       204400.55       407287.55
1990-1999       49            197456.40       198903.51       396359.91
1990-1999       50            191127.52       192157.45       383284.97
1990-1999       51            183413.54       184154.07       367567.61
1990-1999       52            175059.08       175252.13       350311.21
1990-1999       53            166936.17       166691.57       333627.75
1990-1999       54            160273.88       159604.57       319878.45
1990-1999       55            154867.49       153938.86       308806.35
1990-1999       56            150216.25       149256.26       299472.50
1990-1999       57            146085.37       145178.70       291264.07
1990-1999       58            142247.19       141286.65       283533.84
1990-1999       59            138503.70       137773.69       276277.38
1990-1999       60            135734.66       135392.52       271127.18
1990-1999       61            134231.17       133459.82       267690.99
1990-1999       62            133160.55       132268.22       265428.77
1990-1999       63            132579.17       131539.52       264118.68
1990-1999       64            132282.46       130563.28       262845.74
1990-1999       65            131763.94       128964.34       260728.28
1990-1999       66            131188.30       126753.95       257942.25
1990-1999       67            130531.87       123719.59       254251.46
1990-1999       68            129642.88       119840.23       249483.12
1990-1999       69            127835.42       115009.03       242844.45
1990-1999       70            124762.44       109683.16       234445.60
1990-1999       71            122172.05       103892.84       226064.90
1990-1999       72            117877.28        96877.18       214754.47
1990-1999       73            113760.71        90590.42       204351.13
1990-1999       74            109648.94        84450.00       194098.95
1990-1999       75            105094.33        78213.56       183307.89
1990-1999       76            100736.55        72037.16       172773.71
1990-1999       77             95795.78        66367.23       162163.01
1990-1999       78             90101.09        60185.59       150286.68
1990-1999       79             84097.85        54189.20       138287.05
1990-1999       80             77303.60        47731.71       125035.31
1990-1999       81             71832.99        42555.89       114388.87
1990-1999       82             66068.84        37609.51       103678.34
1990-1999       83             59882.55        32700.58        92583.13
1990-1999       84             53664.62        27908.34        81572.96
1990-1999       85             47360.27        23315.18        70675.45
1990-1999       86             41125.66        19155.09        60280.75
1990-1999       87             35204.66        15473.77        50678.43
1990-1999       88             29755.13        12349.03        42104.15
1990-1999       89             24893.05         9751.53        34644.59
1990-1999       90             20159.82         7538.13        27697.95
1990-1999       91             15946.73         5700.00        21646.73
1990-1999       92             12548.76         4154.67        16703.43
1990-1999       93              9697.70         2921.81        12619.51
1990-1999       94              7357.17         2032.94         9390.11
1990-1999       95              5432.66         1387.63         6820.29
1990-1999       96              3857.64          906.31         4763.95
1990-1999       97              2693.45          582.33         3275.78
1990-1999       98              1862.63          362.78         2225.41
1990-1999       99              1271.55          231.07         1502.61
1990-1999      100               863.29          131.01          994.29
1990-1999      101               538.38           74.38          612.76
1990-1999      102               321.07           43.10          364.17
1990-1999      103               209.57           21.46          231.03
1990-1999      104               125.52           12.29          137.81
1990-1999      105                64.11            8.48           72.59
1990-1999      106                39.44            5.17           44.61
1990-1999      107                22.64            2.97           25.61
1990-1999      108                12.66            0.97           13.62
1990-1999      109                 4.83            1.00            5.83
1990-1999      110+                0.17            0.42            0.59
2000-2008        0            184847.37       192969.68       377817.05
2000-2008        1            184533.93       192868.90       377402.82
2000-2008        2            184985.94       193654.56       378640.50
2000-2008        3            186056.95       194881.30       380938.25
2000-2008        4            187242.84       196373.46       383616.30
2000-2008        5            188991.61       198465.40       387457.00
2000-2008        6            191395.71       201340.15       392735.86
2000-2008        7            194268.20       204780.87       399049.07
2000-2008        8            197183.49       208217.74       405401.23
2000-2008        9            200656.18       211770.98       412427.16
2000-2008       10            204094.33       215129.39       419223.72
2000-2008       11            206830.18       217924.61       424754.78
2000-2008       12            208478.77       219641.81       428120.58
2000-2008       13            209074.25       220083.23       429157.49
2000-2008       14            208920.02       219899.13       428819.15
2000-2008       15            208709.60       219469.79       428179.39
2000-2008       16            208814.69       218619.49       427434.18
2000-2008       17            208980.31       217758.32       426738.63
2000-2008       18            208283.19       217143.57       425426.75
2000-2008       19            208414.50       217830.51       426245.00
2000-2008       20            209242.28       217865.49       427107.77
2000-2008       21            208430.70       215098.47       423529.17
2000-2008       22            205725.76       210238.11       415963.87
2000-2008       23            201849.89       204950.91       406800.80
2000-2008       24            197581.35       199472.95       397054.30
2000-2008       25            194449.74       193995.04       388444.78
2000-2008       26            194030.34       189863.36       383893.69
2000-2008       27            196358.53       188203.82       384562.35
2000-2008       28            201605.86       189867.27       391473.13
2000-2008       29            208883.99       194553.35       403437.34
2000-2008       30            216995.85       200735.41       417731.26
2000-2008       31            224573.12       207108.48       431681.59
2000-2008       32            230735.92       212054.39       442790.31
2000-2008       33            236073.43       216611.69       452685.11
2000-2008       34            240563.07       221073.42       461636.49
2000-2008       35            244245.99       225136.85       469382.84
2000-2008       36            247271.92       228884.33       476156.26
2000-2008       37            249458.00       231876.29       481334.29
2000-2008       38            251236.19       234476.22       485712.41
2000-2008       39            252717.31       236765.14       489482.46
2000-2008       40            253662.87       238672.75       492335.62
2000-2008       41            253860.34       239865.55       493725.89
2000-2008       42            253257.43       240391.41       493648.84
2000-2008       43            251711.00       239962.55       491673.54
2000-2008       44            248984.39       238281.63       487266.02
2000-2008       45            244899.65       235265.12       480164.76
2000-2008       46            239522.63       231040.09       470562.73
2000-2008       47            233385.51       225995.40       459380.91
2000-2008       48            227279.55       221085.86       448365.41
2000-2008       49            221810.84       216489.67       438300.51
2000-2008       50            216970.73       212534.82       429505.55
2000-2008       51            212715.87       209092.72       421808.59
2000-2008       52            209215.69       205973.84       415189.53
2000-2008       53            205571.99       202548.66       408120.65
2000-2008       54            200643.33       197974.02       398617.34
2000-2008       55            194881.09       192391.67       387272.76
2000-2008       56            188751.43       186378.98       375130.41
2000-2008       57            182580.49       180017.87       362598.36
2000-2008       58            176969.53       174194.87       351164.40
2000-2008       59            171473.74       168446.67       339920.42
2000-2008       60            165050.71       161733.46       326784.18
2000-2008       61            157373.18       153777.43       311150.60
2000-2008       62            149626.35       145653.29       295279.64
2000-2008       63            143257.56       138907.21       282164.77
2000-2008       64            138012.73       133116.58       271129.31
2000-2008       65            133421.94       128006.37       261428.31
2000-2008       66            129061.76       123223.43       252285.19
2000-2008       67            124109.73       117925.52       242035.25
2000-2008       68            119158.12       112656.19       231814.31
2000-2008       69            115296.08       108492.51       223788.59
2000-2008       70            112410.27       105062.16       217472.42
2000-2008       71            109909.51       101662.21       211571.72
2000-2008       72            107672.82        98516.96       206189.78
2000-2008       73            105472.26        95349.51       200821.77
2000-2008       74            103503.05        91880.23       195383.28
2000-2008       75            101495.49        88083.55       189579.04
2000-2008       76             99076.85        83741.95       182818.80
2000-2008       77             96169.28        78775.38       174944.66
2000-2008       78             92818.73        73192.70       166011.43
2000-2008       79             89061.45        67290.80       156352.25
2000-2008       80             84836.87        61066.67       145903.54
2000-2008       81             79540.96        54377.61       133918.57
2000-2008       82             73801.52        47822.54       121624.06
2000-2008       83             67931.85        41608.53       109540.38
2000-2008       84             61839.70        35870.16        97709.86
2000-2008       85             55729.34        30558.20        86287.54
2000-2008       86             49703.77        25737.02        75440.79
2000-2008       87             43538.62        21272.05        64810.67
2000-2008       88             37408.28        17257.88        54666.16
2000-2008       89             31708.26        13763.76        45472.01
2000-2008       90             26666.14        10817.58        37483.71
2000-2008       91             22061.25         8309.23        30370.48
2000-2008       92             17789.87         6238.29        24028.16
2000-2008       93             13906.92         4570.73        18477.65
2000-2008       94             10571.97         3250.88        13822.84
2000-2008       95              7789.32         2225.25        10014.57
2000-2008       96              5640.52         1491.01         7131.53
2000-2008       97              3979.16          998.87         4978.03
2000-2008       98              2689.73          650.66         3340.39
2000-2008       99              1770.61          393.20         2163.80
2000-2008      100              1112.87          225.51         1338.38
2000-2008      101               667.03          123.43          790.45
2000-2008      102               402.88           67.01          469.89
2000-2008      103               237.16           32.09          269.25
2000-2008      104               130.60           14.02          144.62
2000-2008      105                67.55            5.36           72.91
2000-2008      106                37.06            1.40           38.46
2000-2008      107                17.96            0.00           17.96
2000-2008      108                 9.26            0.00            9.26
2000-2008      109                 3.33            0.00            3.33
2000-2008      110+                4.67            0.00            4.67
