Germany, Life tables (period 5x10), Males	Last modified: 03 Jun 2022;  Methods Protocol: v6 (2017)

  Year          Age         mx       qx    ax      lx      dx      Lx       Tx     ex
1990-1999        0      0.00622  0.00619  0.14  100000     619   99466  7313539  73.14
1990-1999      1-4      0.00036  0.00144  1.65   99381     143  397187  7214073  72.59
1990-1999      5-9      0.00018  0.00089  2.37   99238      89  495956  6816886  68.69
1990-1999     10-14     0.00019  0.00095  2.74   99149      95  495532  6320930  63.75
1990-1999     15-19     0.00075  0.00374  3.07   99055     370  494559  5825398  58.81
1990-1999     20-24     0.00104  0.00520  2.46   98684     513  492117  5330839  54.02
1990-1999     25-29     0.00102  0.00511  2.55   98172     501  489628  4838722  49.29
1990-1999     30-34     0.00128  0.00639  2.62   97670     624  486867  4349094  44.53
1990-1999     35-39     0.00187  0.00929  2.66   97046     901  483125  3862227  39.80
1990-1999     40-44     0.00284  0.01412  2.66   96145    1357  477548  3379102  35.15
1990-1999     45-49     0.00437  0.02165  2.67   94788    2052  469154  2901554  30.61
1990-1999     50-54     0.00698  0.03432  2.66   92736    3182  456236  2432400  26.23
1990-1999     55-59     0.01095  0.05339  2.67   89553    4782  436615  1976164  22.07
1990-1999     60-64     0.01790  0.08588  2.66   84772    7280  406796  1539549  18.16
1990-1999     65-69     0.02813  0.13184  2.62   77492   10217  363141  1132753  14.62
1990-1999     70-74     0.04397  0.19880  2.59   67275   13374  304157   769612  11.44
1990-1999     75-79     0.07157  0.30465  2.56   53901   16421  229431   465455   8.64
1990-1999     80-84     0.11872  0.45584  2.45   37480   17085  143913   236023   6.30
1990-1999     85-89     0.18866  0.62486  2.30   20395   12744   67553    92110   4.52
1990-1999     90-94     0.29058  0.78528  2.07    7651    6008   20676    24557   3.21
1990-1999     95-99     0.41137  0.88966  1.81    1643    1462    3553     3881   2.36
1990-1999    100-104    0.54678  0.94821  1.56     181     172     314      328   1.81
1990-1999    105-109    0.67681  0.97494  1.35       9       9      14       14   1.47
1990-1999    110+       0.77251  1.00000  1.29       0       0       0        0   1.29
2000-2009        0      0.00439  0.00437  0.14  100000     437   99624  7617448  76.17
2000-2009      1-4      0.00023  0.00093  1.59   99563      92  398028  7517824  75.51
2000-2009      5-9      0.00011  0.00057  2.41   99470      57  497205  7119796  71.58
2000-2009     10-14     0.00013  0.00065  2.77   99414      65  496923  6622591  66.62
2000-2009     15-19     0.00049  0.00247  3.05   99349     245  496265  6125668  61.66
2000-2009     20-24     0.00071  0.00357  2.46   99104     353  494621  5629403  56.80
2000-2009     25-29     0.00071  0.00354  2.52   98750     350  492883  5134782  52.00
2000-2009     30-34     0.00084  0.00421  2.61   98401     414  491014  4641899  47.17
2000-2009     35-39     0.00122  0.00608  2.68   97987     596  488550  4150886  42.36
2000-2009     40-44     0.00207  0.01029  2.72   97390    1003  484663  3662336  37.60
2000-2009     45-49     0.00358  0.01774  2.70   96388    1710  478005  3177673  32.97
2000-2009     50-54     0.00571  0.02819  2.67   94678    2669  467167  2699668  28.51
2000-2009     55-59     0.00873  0.04277  2.66   92009    3935  450817  2232501  24.26
2000-2009     60-64     0.01338  0.06487  2.64   88074    5714  426869  1781685  20.23
2000-2009     65-69     0.02065  0.09846  2.64   82360    8109  392628  1354816  16.45
2000-2009     70-74     0.03362  0.15570  2.63   74251   11561  343902   962188  12.96
2000-2009     75-79     0.05519  0.24358  2.59   62690   15270  276663   618286   9.86
2000-2009     80-84     0.09337  0.37904  2.52   47420   17974  192508   341623   7.20
2000-2009     85-89     0.15903  0.56205  2.39   29446   16550  104070   149115   5.06
2000-2009     90-94     0.26071  0.74828  2.15   12896    9650   37013    45045   3.49
2000-2009     95-99     0.39005  0.87730  1.86    3246    2848    7301     8032   2.47
2000-2009    100-104    0.53863  0.94671  1.58     398     377     700      731   1.84
2000-2009    105-109    0.68222  0.97610  1.34      21      21      30       31   1.46
2000-2009    110+       0.78615  1.00000  1.27       1       1       1        1   1.27
2010-2019        0      0.00361  0.00360  0.14  100000     360   99691  7821707  78.22
2010-2019      1-4      0.00017  0.00068  1.60   99640      68  398399  7722016  77.50
2010-2019      5-9      0.00009  0.00045  2.38   99573      45  497746  7323617  73.55
2010-2019     10-14     0.00010  0.00048  2.75   99528      48  497532  6825871  68.58
2010-2019     15-19     0.00031  0.00156  2.96   99480     155  497086  6328339  63.61
2010-2019     20-24     0.00047  0.00235  2.53   99325     233  496052  5831253  58.71
2010-2019     25-29     0.00052  0.00261  2.57   99092     259  494833  5335201  53.84
2010-2019     30-34     0.00069  0.00344  2.63   98833     340  493361  4840368  48.98
2010-2019     35-39     0.00097  0.00483  2.66   98493     476  491354  4347007  44.14
2010-2019     40-44     0.00152  0.00760  2.69   98017     744  488370  3855654  39.34
2010-2019     45-49     0.00260  0.01290  2.71   97273    1255  483495  3367284  34.62
2010-2019     50-54     0.00454  0.02249  2.72   96018    2160  475162  2883788  30.03
2010-2019     55-59     0.00766  0.03762  2.68   93858    3531  461114  2408627  25.66
2010-2019     60-64     0.01206  0.05863  2.65   90328    5295  439174  1947512  21.56
2010-2019     65-69     0.01804  0.08646  2.62   85032    7352  407643  1508338  17.74
2010-2019     70-74     0.02705  0.12707  2.62   77680    9871  364883  1100695  14.17
2010-2019     75-79     0.04376  0.19822  2.63   67809   13441  307130   735812  10.85
2010-2019     80-84     0.07795  0.32806  2.59   54368   17836  228826   428681   7.88
2010-2019     85-89     0.14022  0.51631  2.45   36532   18862  134512   199855   5.47
2010-2019     90-94     0.24143  0.72168  2.21   17670   12752   52820    65343   3.70
2010-2019     95-99     0.37703  0.86932  1.90    4918    4275   11339    12524   2.55
2010-2019    100-104    0.53617  0.94672  1.58     643     608    1135     1184   1.84
2010-2019    105-109    0.69022  0.97746  1.33      34      33      48       49   1.44
2010-2019    110+       0.79969  1.00000  1.25       1       1       1        1   1.25
