Scotland, Life tables (period 5x10), Males	Last modified: 14 Nov 2023;  Methods Protocol: v6 (2017)

  Year          Age         mx       qx    ax      lx      dx      Lx       Tx     ex
1855-1859        0      0.13882  0.12651  0.30  100000   12651   91133  4194869  41.95
1855-1859      1-4      0.03621  0.13245  1.42   87349   11570  319541  4103736  46.98
1855-1859      5-9      0.00924  0.04496  2.03   75779    3407  368779  3784195  49.94
1855-1859     10-14     0.00501  0.02477  2.53   72372    1793  357436  3415416  47.19
1855-1859     15-19     0.00779  0.03824  2.68   70579    2699  346634  3057980  43.33
1855-1859     20-24     0.01081  0.05266  2.53   67881    3575  330579  2711346  39.94
1855-1859     25-29     0.01028  0.05009  2.45   64306    3221  313309  2380767  37.02
1855-1859     30-34     0.01057  0.05150  2.50   61085    3146  297568  2067458  33.85
1855-1859     35-39     0.01095  0.05331  2.51   57939    3089  282017  1769890  30.55
1855-1859     40-44     0.01324  0.06412  2.56   54850    3517  265654  1487873  27.13
1855-1859     45-49     0.01523  0.07336  2.52   51333    3766  247334  1222219  23.81
1855-1859     50-54     0.01909  0.09123  2.57   47568    4340  227293   974885  20.49
1855-1859     55-59     0.02328  0.11012  2.55   43228    4760  204469   747592  17.29
1855-1859     60-64     0.03597  0.16565  2.62   38468    6372  177159   543123  14.12
1855-1859     65-69     0.04993  0.22221  2.53   32095    7132  142832   365964  11.40
1855-1859     70-74     0.07525  0.31728  2.53   24963    7921  105260   223133   8.94
1855-1859     75-79     0.11214  0.43479  2.42   17043    7410   66082   117872   6.92
1855-1859     80-84     0.15571  0.55135  2.35    9633    5311   34108    51791   5.38
1855-1859     85-89     0.22641  0.68990  2.17    4322    2982   13169    17683   4.09
1855-1859     90-94     0.27850  0.76003  2.01    1340    1019    3657     4514   3.37
1855-1859     95-99     0.36371  0.85113  1.87     322     274     753      857   2.66
1855-1859    100-104    0.45275  0.90840  1.70      48      43      96      104   2.17
1855-1859    105-109    0.54510  0.94492  1.54       4       4       8        8   1.82
1855-1859    110+       0.61950  1.00000  1.61       0       0       0        0   1.61
1860-1869        0      0.14509  0.13170  0.30  100000   13170   90770  4078670  40.79
1860-1869      1-4      0.03816  0.13887  1.40   86830   12058  315970  3987900  45.93
1860-1869      5-9      0.00952  0.04633  2.07   74772    3464  363723  3671930  49.11
1860-1869     10-14     0.00519  0.02562  2.49   71308    1827  351960  3308207  46.39
1860-1869     15-19     0.00758  0.03724  2.67   69481    2587  341378  2956248  42.55
1860-1869     20-24     0.01042  0.05081  2.54   66893    3399  326092  2614870  39.09
1860-1869     25-29     0.01060  0.05163  2.47   63494    3278  309186  2288778  36.05
1860-1869     30-34     0.01105  0.05377  2.51   60216    3238  293022  1979591  32.87
1860-1869     35-39     0.01235  0.05991  2.53   56978    3413  276460  1686569  29.60
1860-1869     40-44     0.01433  0.06921  2.53   53565    3707  258675  1410109  26.33
1860-1869     45-49     0.01707  0.08193  2.55   49857    4085  239286  1151434  23.09
1860-1869     50-54     0.02106  0.10008  2.52   45773    4581  217498   912148  19.93
1860-1869     55-59     0.02531  0.11927  2.59   41192    4913  194095   694650  16.86
1860-1869     60-64     0.03810  0.17426  2.55   36279    6322  165936   500555  13.80
1860-1869     65-69     0.04999  0.22257  2.54   29957    6667  133362   334619  11.17
1860-1869     70-74     0.07927  0.33142  2.53   23290    7719   97374   201257   8.64
1860-1869     75-79     0.11844  0.45385  2.43   15571    7067   59667   103882   6.67
1860-1869     80-84     0.16392  0.57086  2.34    8504    4855   29616    44215   5.20
1860-1869     85-89     0.23101  0.69627  2.15    3649    2541   10999    14599   4.00
1860-1869     90-94     0.28858  0.77101  1.98    1108     855    2961     3600   3.25
1860-1869     95-99     0.38701  0.86929  1.83     254     221     570      638   2.51
1860-1869    100-104    0.48179  0.92225  1.65      33      31      64       68   2.05
1860-1869    105-109    0.57819  0.95439  1.49       3       2       4        4   1.72
1860-1869    110+       0.65495  1.00000  1.53       0       0       0        0   1.53
1870-1879        0      0.14702  0.13329  0.30  100000   13329   90658  4120145  41.20
1870-1879      1-4      0.03394  0.12470  1.39   86671   10808  318474  4029487  46.49
1870-1879      5-9      0.00909  0.04428  2.13   75863    3359  369677  3711013  48.92
1870-1879     10-14     0.00526  0.02597  2.49   72504    1883  357786  3341336  46.09
1870-1879     15-19     0.00742  0.03649  2.65   70621    2577  347045  2983550  42.25
1870-1879     20-24     0.00969  0.04733  2.53   68044    3221  332275  2636505  38.75
1870-1879     25-29     0.00999  0.04874  2.48   64824    3159  316167  2304230  35.55
1870-1879     30-34     0.01067  0.05198  2.53   61664    3205  300408  1988063  32.24
1870-1879     35-39     0.01256  0.06094  2.54   58459    3562  283545  1687655  28.87
1870-1879     40-44     0.01485  0.07162  2.53   54897    3932  264790  1404111  25.58
1870-1879     45-49     0.01783  0.08545  2.56   50965    4355  244195  1139321  22.36
1870-1879     50-54     0.02306  0.10909  2.54   46610    5085  220524   895126  19.20
1870-1879     55-59     0.02812  0.13160  2.57   41525    5465  194334   674601  16.25
1870-1879     60-64     0.04140  0.18794  2.55   36060    6777  163689   480267  13.32
1870-1879     65-69     0.05418  0.23888  2.53   29283    6995  129115   316578  10.81
1870-1879     70-74     0.08324  0.34463  2.51   22288    7681   92278   187463   8.41
1870-1879     75-79     0.12080  0.45982  2.40   14607    6717   55599    95185   6.52
1870-1879     80-84     0.17073  0.58496  2.31    7890    4616   27034    39585   5.02
1870-1879     85-89     0.24249  0.71590  2.14    3275    2344    9668    12551   3.83
1870-1879     90-94     0.30372  0.78615  1.93     930     731    2408     2882   3.10
1870-1879     95-99     0.40959  0.88484  1.79     199     176     430      474   2.38
1870-1879    100-104    0.50914  0.93341  1.61      23      21      42       45   1.94
1870-1879    105-109    0.60836  0.96161  1.44       2       1       2        2   1.64
1870-1879    110+       0.68630  1.00000  1.46       0       0       0        0   1.46
1880-1889        0      0.14116  0.12845  0.30  100000   12845   90998  4434953  44.35
1880-1889      1-4      0.02783  0.10361  1.32   87155    9030  324445  4343955  49.84
1880-1889      5-9      0.00670  0.03285  2.16   78125    2567  383342  4019510  51.45
1880-1889     10-14     0.00412  0.02040  2.52   75558    1541  373976  3636168  48.12
1880-1889     15-19     0.00629  0.03098  2.65   74017    2293  364697  3262192  44.07
1880-1889     20-24     0.00779  0.03820  2.51   71723    2740  351807  2897495  40.40
1880-1889     25-29     0.00791  0.03876  2.50   68984    2674  338221  2545687  36.90
1880-1889     30-34     0.00874  0.04277  2.55   66310    2836  324595  2207467  33.29
1880-1889     35-39     0.01070  0.05216  2.57   63474    3311  309325  1882871  29.66
1880-1889     40-44     0.01342  0.06495  2.56   60163    3907  291266  1573547  26.15
1880-1889     45-49     0.01666  0.08004  2.57   56255    4503  270333  1282280  22.79
1880-1889     50-54     0.02189  0.10387  2.55   51753    5376  245595  1011948  19.55
1880-1889     55-59     0.02753  0.12901  2.57   46377    5983  217360   766353  16.52
1880-1889     60-64     0.04043  0.18397  2.55   40394    7431  183796   548992  13.59
1880-1889     65-69     0.05335  0.23559  2.52   32963    7766  145551   365196  11.08
1880-1889     70-74     0.07826  0.32722  2.50   25197    8245  105350   219645   8.72
1880-1889     75-79     0.11212  0.43526  2.43   16952    7379   65810   114296   6.74
1880-1889     80-84     0.16943  0.58343  2.33    9574    5586   32966    48485   5.06
1880-1889     85-89     0.23826  0.70759  2.13    3988    2822   11844    15520   3.89
1880-1889     90-94     0.29843  0.78127  1.95    1166     911    3053     3676   3.15
1880-1889     95-99     0.39946  0.87800  1.81     255     224     561      623   2.44
1880-1889    100-104    0.49600  0.92820  1.63      31      29      58       62   1.99
1880-1889    105-109    0.59318  0.95809  1.47       2       2       4        4   1.68
1880-1889    110+       0.67007  1.00000  1.49       0       0       0        0   1.49
1890-1899        0      0.15459  0.13948  0.30  100000   13948   90225  4479199  44.79
1890-1899      1-4      0.02577  0.09628  1.25   86052    8285  321462  4388974  51.00
1890-1899      5-9      0.00512  0.02521  2.12   77767    1960  383183  4067512  52.30
1890-1899     10-14     0.00324  0.01607  2.58   75807    1218  376089  3684329  48.60
1890-1899     15-19     0.00529  0.02614  2.67   74589    1950  368393  3308240  44.35
1890-1899     20-24     0.00685  0.03370  2.54   72639    2448  357161  2939848  40.47
1890-1899     25-29     0.00726  0.03564  2.51   70191    2501  344728  2582686  36.80
1890-1899     30-34     0.00830  0.04069  2.57   67690    2754  331749  2237958  33.06
1890-1899     35-39     0.01043  0.05085  2.56   64936    3302  316619  1906209  29.36
1890-1899     40-44     0.01258  0.06104  2.56   61633    3762  299002  1589590  25.79
1890-1899     45-49     0.01662  0.07990  2.59   57871    4624  278226  1290589  22.30
1890-1899     50-54     0.02262  0.10719  2.57   53247    5708  252341  1012363  19.01
1890-1899     55-59     0.02964  0.13824  2.57   47540    6572  221753   760022  15.99
1890-1899     60-64     0.04295  0.19425  2.54   40968    7958  185277   538269  13.14
1890-1899     65-69     0.05616  0.24638  2.51   33010    8133  144821   352992  10.69
1890-1899     70-74     0.08313  0.34394  2.49   24877    8556  102930   208171   8.37
1890-1899     75-79     0.11898  0.45465  2.41   16321    7420   62364   105241   6.45
1890-1899     80-84     0.18021  0.60588  2.30    8901    5393   29925    42877   4.82
1890-1899     85-89     0.25080  0.72608  2.10    3508    2547   10156    12952   3.69
1890-1899     90-94     0.32724  0.82123  1.97     961     789    2411     2797   2.91
1890-1899     95-99     0.43703  0.90137  1.74     172     155     354      385   2.24
1890-1899    100-104    0.54188  0.94475  1.55      17      16      30       31   1.83
1890-1899    105-109    0.64369  0.96866  1.39       1       1       1        1   1.55
1890-1899    110+       0.72208  1.00000  1.38       0       0       0        0   1.38
1900-1909        0      0.14248  0.12954  0.30  100000   12954   90921  4729595  47.30
1900-1909      1-4      0.02112  0.07983  1.24   87046    6949  328971  4638674  53.29
1900-1909      5-9      0.00410  0.02028  2.13   80097    1624  395825  4309703  53.81
1900-1909     10-14     0.00272  0.01353  2.59   78472    1062  389801  3913878  49.88
1900-1909     15-19     0.00439  0.02175  2.66   77411    1684  383112  3524077  45.52
1900-1909     20-24     0.00562  0.02770  2.54   75727    2097  373481  3140966  41.48
1900-1909     25-29     0.00622  0.03061  2.53   73629    2254  362582  2767485  37.59
1900-1909     30-34     0.00720  0.03537  2.57   71376    2524  350735  2404903  33.69
1900-1909     35-39     0.00916  0.04481  2.58   68852    3085  336802  2054167  29.83
1900-1909     40-44     0.01161  0.05643  2.57   65767    3712  319811  1717365  26.11
1900-1909     45-49     0.01509  0.07283  2.60   62055    4519  299419  1397554  22.52
1900-1909     50-54     0.02130  0.10131  2.59   57536    5829  273619  1098135  19.09
1900-1909     55-59     0.02947  0.13760  2.59   51707    7115  241405   824516  15.95
1900-1909     60-64     0.04324  0.19541  2.54   44592    8714  201536   583111  13.08
1900-1909     65-69     0.05702  0.24968  2.51   35878    8958  157100   381575  10.64
1900-1909     70-74     0.08410  0.34723  2.49   26920    9348  111141   224475   8.34
1900-1909     75-79     0.11873  0.45344  2.40   17573    7968   67110   113334   6.45
1900-1909     80-84     0.17643  0.59815  2.31    9605    5745   32563    46223   4.81
1900-1909     85-89     0.26019  0.74473  2.13    3860    2874   11047    13660   3.54
1900-1909     90-94     0.36225  0.84712  1.86     985     835    2304     2613   2.65
1900-1909     95-99     0.47923  0.92317  1.67     151     139     290      309   2.05
1900-1909    100-104    0.59945  0.96067  1.46      12      11      19       19   1.66
1900-1909    105-109    0.70968  0.97875  1.30       0       0       1        1   1.41
1900-1909    110+       0.78989  1.00000  1.27       0       0       0        0   1.27
1910-1919        0      0.12995  0.11910  0.30  100000   11910   91653  4944733  49.45
1910-1919      1-4      0.01930  0.07333  1.26   88090    6460  334659  4853080  55.09
1910-1919      5-9      0.00385  0.01905  2.15   81630    1555  403725  4518422  55.35
1910-1919     10-14     0.00253  0.01255  2.59   80075    1005  397951  4114697  51.39
1910-1919     15-19     0.00409  0.02027  2.67   79070    1603  391622  3716746  47.01
1910-1919     20-24     0.00496  0.02448  2.53   77468    1896  382662  3325123  42.92
1910-1919     25-29     0.00591  0.02912  2.55   75571    2201  372467  2942461  38.94
1910-1919     30-34     0.00660  0.03248  2.53   73371    2383  360974  2569995  35.03
1910-1919     35-39     0.00770  0.03779  2.56   70987    2682  348378  2209021  31.12
1910-1919     40-44     0.00944  0.04617  2.58   68305    3154  333893  1860643  27.24
1910-1919     45-49     0.01282  0.06218  2.61   65151    4051  316084  1526749  23.43
1910-1919     50-54     0.01814  0.08692  2.60   61100    5311  292754  1210665  19.81
1910-1919     55-59     0.02569  0.12097  2.60   55789    6749  262723   917912  16.45
1910-1919     60-64     0.03764  0.17242  2.57   49040    8455  224664   655189  13.36
1910-1919     65-69     0.05463  0.24107  2.56   40585    9784  179084   430524  10.61
1910-1919     70-74     0.08663  0.35606  2.50   30801   10967  126601   251441   8.16
1910-1919     75-79     0.12650  0.47518  2.38   19834    9425   74505   124840   6.29
1910-1919     80-84     0.17725  0.59855  2.29   10409    6230   35152    50335   4.84
1910-1919     85-89     0.25408  0.73475  2.13    4179    3070   12084    15183   3.63
1910-1919     90-94     0.34180  0.82945  1.90    1108     919    2690     3099   2.80
1910-1919     95-99     0.45328  0.91043  1.71     189     172     380      409   2.17
1910-1919    100-104    0.56495  0.95179  1.52      17      16      29       30   1.76
1910-1919    105-109    0.67107  0.97333  1.35       1       1       1        1   1.49
1910-1919    110+       0.75111  1.00000  1.33       0       0       0        0   1.33
1920-1929        0      0.10806  0.10045  0.30  100000   10045   92960  5403462  54.03
1920-1929      1-4      0.01367  0.05267  1.22   89955    4738  346633  5310502  59.04
1920-1929      5-9      0.00280  0.01390  2.24   85217    1185  422812  4963869  58.25
1920-1929     10-14     0.00192  0.00955  2.54   84032     802  418189  4541057  54.04
1920-1929     15-19     0.00291  0.01446  2.63   83230    1204  413295  4122867  49.54
1920-1929     20-24     0.00357  0.01770  2.56   82026    1452  406591  3709573  45.22
1920-1929     25-29     0.00416  0.02058  2.56   80574    1658  398816  3302982  40.99
1920-1929     30-34     0.00491  0.02425  2.56   78915    1914  389911  2904166  36.80
1920-1929     35-39     0.00627  0.03087  2.59   77001    2377  379278  2514255  32.65
1920-1929     40-44     0.00778  0.03819  2.57   74624    2850  366190  2134977  28.61
1920-1929     45-49     0.01018  0.04967  2.61   71774    3565  350334  1768786  24.64
1920-1929     50-54     0.01433  0.06926  2.62   68209    4724  329797  1418452  20.80
1920-1929     55-59     0.02156  0.10257  2.64   63485    6512  302032  1088655  17.15
1920-1929     60-64     0.03344  0.15478  2.60   56973    8818  263725   786623  13.81
1920-1929     65-69     0.05023  0.22374  2.56   48155   10774  214500   522898  10.86
1920-1929     70-74     0.08160  0.34035  2.56   37381   12723  155920   308398   8.25
1920-1929     75-79     0.12867  0.48016  2.36   24658   11840   92015   152478   6.18
1920-1929     80-84     0.18088  0.60654  2.29   12818    7775   42983    60463   4.72
1920-1929     85-89     0.26738  0.75611  2.13    5044    3813   14262    17479   3.47
1920-1929     90-94     0.36693  0.84506  1.81    1230    1039    2833     3217   2.62
1920-1929     95-99     0.48898  0.92727  1.65     191     177     361      384   2.01
1920-1929    100-104    0.60947  0.96283  1.45      14      13      22       23   1.63
1920-1929    105-109    0.71884  0.97983  1.29       1       1       1        1   1.39
1920-1929    110+       0.79782  1.00000  1.25       0       0       0        0   1.25
1930-1939        0      0.09334  0.08760  0.30  100000    8760   93860  5700258  57.00
1930-1939      1-4      0.00842  0.03292  1.31   91240    3004  356887  5606397  61.45
1930-1939      5-9      0.00242  0.01204  2.23   88236    1062  438240  5249510  59.49
1930-1939     10-14     0.00159  0.00794  2.56   87173     692  434177  4811270  55.19
1930-1939     15-19     0.00251  0.01250  2.67   86481    1081  429886  4377093  50.61
1930-1939     20-24     0.00315  0.01563  2.51   85400    1335  423685  3947207  46.22
1930-1939     25-29     0.00337  0.01669  2.53   84066    1403  416864  3523522  41.91
1930-1939     30-34     0.00400  0.01979  2.60   82663    1636  409384  3106658  37.58
1930-1939     35-39     0.00537  0.02649  2.60   81027    2146  399987  2697273  33.29
1930-1939     40-44     0.00711  0.03497  2.61   78880    2758  387822  2297287  29.12
1930-1939     45-49     0.01014  0.04952  2.61   76122    3769  371612  1909465  25.08
1930-1939     50-54     0.01382  0.06689  2.61   72353    4840  350183  1537852  21.25
1930-1939     55-59     0.01996  0.09526  2.61   67513    6431  322210  1187670  17.59
1930-1939     60-64     0.03018  0.14079  2.62   61081    8599  284921   865460  14.17
1930-1939     65-69     0.04864  0.21783  2.60   52482   11432  235023   580539  11.06
1930-1939     70-74     0.07748  0.32480  2.51   41050   13333  172078   345515   8.42
1930-1939     75-79     0.12607  0.47849  2.48   27717   13262  105194   173437   6.26
1930-1939     80-84     0.18049  0.60613  2.29   14455    8761   48541    68243   4.72
1930-1939     85-89     0.26688  0.75445  2.12    5693    4295   16094    19703   3.46
1930-1939     90-94     0.37335  0.85554  1.83    1398    1196    3204     3608   2.58
1930-1939     95-99     0.49172  0.92847  1.65     202     188     381      405   2.00
1930-1939    100-104    0.61322  0.96366  1.44      14      14      23       23   1.62
1930-1939    105-109    0.72303  0.98032  1.28       1       1       1        1   1.38
1930-1939    110+       0.80194  1.00000  1.25       0       0       0        0   1.25
1940-1949        0      0.07316  0.06944  0.27  100000    6944   94909  5905450  59.05
1940-1949      1-4      0.00408  0.01617  1.57   93056    1505  368567  5810541  62.44
1940-1949      5-9      0.00167  0.00830  2.20   91551     760  455632  5441974  59.44
1940-1949     10-14     0.00124  0.00620  2.65   90791     563  452632  4986342  54.92
1940-1949     15-19     0.00268  0.01331  2.91   90228    1201  448626  4533711  50.25
1940-1949     20-24     0.00582  0.02869  2.57   89027    2554  438931  4085085  45.89
1940-1949     25-29     0.00454  0.02241  2.38   86473    1938  427285  3646154  42.17
1940-1949     30-34     0.00420  0.02080  2.51   84535    1759  418291  3218869  38.08
1940-1949     35-39     0.00494  0.02442  2.58   82777    2022  408985  2800578  33.83
1940-1949     40-44     0.00647  0.03187  2.62   80755    2574  397657  2391592  29.62
1940-1949     45-49     0.00942  0.04608  2.64   78181    3603  382410  1993935  25.50
1940-1949     50-54     0.01415  0.06846  2.63   74579    5106  360815  1611525  21.61
1940-1949     55-59     0.02098  0.09987  2.60   69473    6938  330718  1250711  18.00
1940-1949     60-64     0.02942  0.13739  2.60   62535    8591  292034   919993  14.71
1940-1949     65-69     0.04498  0.20278  2.57   53944   10939  243181   627959  11.64
1940-1949     70-74     0.06892  0.29473  2.55   43005   12675  183919   384778   8.95
1940-1949     75-79     0.11118  0.43376  2.47   30330   13156  118332   200859   6.62
1940-1949     80-84     0.17607  0.59811  2.32   17174   10272   58341    82527   4.81
1940-1949     85-89     0.26225  0.74706  2.12    6902    5156   19662    24186   3.50
1940-1949     90-94     0.37115  0.85756  1.86    1746    1497    4034     4525   2.59
1940-1949     95-99     0.49926  0.93182  1.64     249     232     464      491   1.97
1940-1949    100-104    0.62552  0.96629  1.42      17      16      26       27   1.59
1940-1949    105-109    0.73777  0.98199  1.26       1       1       1        1   1.35
1940-1949    110+       0.81691  1.00000  1.22       0       0       0        0   1.22
1950-1959        0      0.03701  0.03588  0.15  100000    3588   96947  6540997  65.41
1950-1959      1-4      0.00146  0.00584  1.63   96412     563  384314  6444050  66.84
1950-1959      5-9      0.00066  0.00332  2.26   95850     318  478378  6059736  63.22
1950-1959     10-14     0.00051  0.00255  2.65   95532     243  477087  5581358  58.42
1950-1959     15-19     0.00102  0.00509  2.81   95289     485  475381  5104271  53.57
1950-1959     20-24     0.00130  0.00647  2.51   94803     614  472490  4628890  48.83
1950-1959     25-29     0.00151  0.00751  2.57   94189     707  469232  4156401  44.13
1950-1959     30-34     0.00188  0.00936  2.61   93482     875  465323  3687169  39.44
1950-1959     35-39     0.00259  0.01286  2.65   92608    1191  460243  3221846  34.79
1950-1959     40-44     0.00403  0.01999  2.68   91417    1827  452851  2761603  30.21
1950-1959     45-49     0.00701  0.03451  2.72   89590    3092  440893  2308752  25.77
1950-1959     50-54     0.01238  0.06018  2.69   86498    5205  420488  1867858  21.59
1950-1959     55-59     0.02054  0.09796  2.65   81293    7963  387749  1447371  17.80
1950-1959     60-64     0.03185  0.14795  2.60   73330   10849  340595  1059621  14.45
1950-1959     65-69     0.04759  0.21323  2.57   62481   13323  279967   719027  11.51
1950-1959     70-74     0.07084  0.30138  2.53   49158   14815  209129   439060   8.93
1950-1959     75-79     0.11004  0.42992  2.46   34343   14765  134177   229931   6.70
1950-1959     80-84     0.17100  0.58759  2.34   19578   11504   67273    95754   4.89
1950-1959     85-89     0.25918  0.74382  2.14    8074    6006   23172    28481   3.53
1950-1959     90-94     0.37502  0.85937  1.85    2068    1778    4740     5309   2.57
1950-1959     95-99     0.50414  0.93399  1.63     291     272     539      569   1.96
1950-1959    100-104    0.63440  0.96810  1.41      19      19      29       30   1.57
1950-1959    105-109    0.74871  0.98314  1.25       1       1       1        1   1.33
1950-1959    110+       0.82801  1.00000  1.21       0       0       0        0   1.21
1960-1969        0      0.02777  0.02710  0.12  100000    2710   97612  6658303  66.58
1960-1969      1-4      0.00107  0.00426  1.65   97290     414  388186  6560691  67.43
1960-1969      5-9      0.00055  0.00272  2.29   96876     264  483662  6172505  63.72
1960-1969     10-14     0.00046  0.00232  2.59   96612     224  482519  5688843  58.88
1960-1969     15-19     0.00088  0.00439  2.79   96388     423  481005  5206324  54.01
1960-1969     20-24     0.00113  0.00564  2.44   95965     541  478440  4725319  49.24
1960-1969     25-29     0.00121  0.00606  2.52   95423     578  475681  4246879  44.51
1960-1969     30-34     0.00145  0.00725  2.65   94845     687  472614  3771199  39.76
1960-1969     35-39     0.00233  0.01159  2.69   94158    1092  468267  3298584  35.03
1960-1969     40-44     0.00389  0.01930  2.72   93066    1797  461244  2830318  30.41
1960-1969     45-49     0.00662  0.03259  2.72   91270    2975  449556  2369074  25.96
1960-1969     50-54     0.01143  0.05570  2.71   88295    4918  430189  1919518  21.74
1960-1969     55-59     0.01954  0.09346  2.66   83377    7792  398688  1489329  17.86
1960-1969     60-64     0.03214  0.14938  2.64   75585   11291  351268  1090640  14.43
1960-1969     65-69     0.04917  0.21951  2.56   64294   14113  287049   739372  11.50
1960-1969     70-74     0.07291  0.30865  2.52   50181   15488  212426   452324   9.01
1960-1969     75-79     0.10745  0.42160  2.45   34693   14626  136128   239897   6.91
1960-1969     80-84     0.15935  0.56056  2.36   20066   11248   70591   103770   5.17
1960-1969     85-89     0.24020  0.71450  2.17    8818    6300   26230    33179   3.76
1960-1969     90-94     0.34714  0.84559  1.97    2517    2129    6132     6949   2.76
1960-1969     95-99     0.46738  0.91849  1.70     389     357     764      817   2.10
1960-1969    100-104    0.59402  0.95977  1.47      32      30      51       53   1.67
1960-1969    105-109    0.71031  0.97898  1.30       1       1       2        2   1.40
1960-1969    110+       0.79429  1.00000  1.26       0       0       0        0   1.26
1970-1979        0      0.01943  0.01910  0.11  100000    1910   98301  6775867  67.76
1970-1979      1-4      0.00083  0.00331  1.67   98090     325  391604  6677566  68.08
1970-1979      5-9      0.00044  0.00219  2.29   97766     214  488248  6285961  64.30
1970-1979     10-14     0.00037  0.00185  2.57   97551     181  487318  5797714  59.43
1970-1979     15-19     0.00091  0.00455  2.92   97371     443  485932  5310396  54.54
1970-1979     20-24     0.00115  0.00572  2.45   96928     554  483227  4824464  49.77
1970-1979     25-29     0.00109  0.00545  2.59   96374     525  480603  4341237  45.05
1970-1979     30-34     0.00143  0.00715  2.61   95848     685  477603  3860634  40.28
1970-1979     35-39     0.00215  0.01068  2.69   95163    1017  473464  3383031  35.55
1970-1979     40-44     0.00366  0.01813  2.74   94147    1707  466880  2909567  30.90
1970-1979     45-49     0.00652  0.03214  2.71   92440    2971  455407  2442686  26.42
1970-1979     50-54     0.01118  0.05450  2.68   89469    4876  436056  1987279  22.21
1970-1979     55-59     0.01812  0.08689  2.64   84593    7350  405582  1551223  18.34
1970-1979     60-64     0.02920  0.13657  2.64   77243   10549  361295  1145641  14.83
1970-1979     65-69     0.04599  0.20697  2.58   66693   13803  300117   784346  11.76
1970-1979     70-74     0.07153  0.30369  2.52   52890   16062  224549   484230   9.16
1970-1979     75-79     0.10572  0.41570  2.43   36828   15309  144814   259681   7.05
1970-1979     80-84     0.15445  0.54755  2.34   21518   11782   76284   114867   5.34
1970-1979     85-89     0.22623  0.69226  2.20    9736    6740   29792    38583   3.96
1970-1979     90-94     0.32436  0.82064  1.99    2996    2459    7581     8791   2.93
1970-1979     95-99     0.43432  0.90126  1.75     537     484    1115     1210   2.25
1970-1979    100-104    0.55329  0.94902  1.54      53      50      91       95   1.79
1970-1979    105-109    0.66726  0.97300  1.36       3       3       4        4   1.49
1970-1979    110+       0.75293  1.00000  1.33       0       0       0        0   1.33
1980-1989        0      0.01119  0.01108  0.13  100000    1108   99032  6984799  69.85
1980-1989      1-4      0.00053  0.00211  1.67   98892     208  395082  6885767  69.63
1980-1989      5-9      0.00029  0.00143  2.35   98683     141  493044  6490685  65.77
1980-1989     10-14     0.00031  0.00152  2.63   98542     150  492357  5997641  60.86
1980-1989     15-19     0.00083  0.00414  2.90   98392     407  491105  5505284  55.95
1980-1989     20-24     0.00103  0.00512  2.48   97985     501  488665  5014179  51.17
1980-1989     25-29     0.00106  0.00528  2.54   97484     515  486152  4525514  46.42
1980-1989     30-34     0.00127  0.00631  2.62   96969     612  483388  4039362  41.66
1980-1989     35-39     0.00177  0.00881  2.65   96358     849  479797  3555974  36.90
1980-1989     40-44     0.00306  0.01518  2.69   95509    1450  474190  3076177  32.21
1980-1989     45-49     0.00536  0.02646  2.69   94059    2489  464536  2601988  27.66
1980-1989     50-54     0.00924  0.04525  2.71   91570    4144  448342  2137452  23.34
1980-1989     55-59     0.01610  0.07758  2.68   87426    6783  421363  1689110  19.32
1980-1989     60-64     0.02576  0.12140  2.63   80644    9790  380028  1267747  15.72
1980-1989     65-69     0.04043  0.18427  2.60   70854   13056  322939   887719  12.53
1980-1989     70-74     0.06281  0.27236  2.56   57797   15742  250610   564780   9.77
1980-1989     75-79     0.09606  0.38638  2.47   42055   16249  169157   314169   7.47
1980-1989     80-84     0.14492  0.52463  2.37   25806   13539   93420   145013   5.62
1980-1989     85-89     0.21071  0.66418  2.22   12267    8148   38667    51593   4.21
1980-1989     90-94     0.30022  0.79250  2.02    4120    3265   10875    12926   3.14
1980-1989     95-99     0.40566  0.88392  1.81     855     756    1863     2051   2.40
1980-1989    100-104    0.52029  0.93848  1.59      99      93     179      189   1.90
1980-1989    105-109    0.63350  0.96726  1.41       6       6       9       10   1.57
1980-1989    110+       0.72068  1.00000  1.39       0       0       0        0   1.39
1990-1999        0      0.00714  0.00709  0.14  100000     709   99386  7195503  71.96
1990-1999      1-4      0.00034  0.00138  1.58   99291     137  396832  7096116  71.47
1990-1999      5-9      0.00018  0.00091  2.46   99154      90  495542  6699284  67.56
1990-1999     10-14     0.00023  0.00117  2.75   99064     116  495060  6203742  62.62
1990-1999     15-19     0.00081  0.00406  2.98   98949     402  493930  5708682  57.69
1990-1999     20-24     0.00119  0.00594  2.54   98547     586  491291  5214752  52.92
1990-1999     25-29     0.00131  0.00651  2.51   97961     638  488217  4723461  48.22
1990-1999     30-34     0.00137  0.00680  2.52   97323     662  484975  4235243  43.52
1990-1999     35-39     0.00169  0.00843  2.61   96661     815  481352  3750268  38.80
1990-1999     40-44     0.00263  0.01308  2.62   95846    1254  476247  3268917  34.11
1990-1999     45-49     0.00426  0.02110  2.67   94592    1995  468306  2792669  29.52
1990-1999     50-54     0.00734  0.03608  2.70   92596    3341  455302  2324363  25.10
1990-1999     55-59     0.01225  0.05954  2.66   89255    5314  433850  1869061  20.94
1990-1999     60-64     0.02045  0.09760  2.68   83941    8192  400691  1435211  17.10
1990-1999     65-69     0.03401  0.15730  2.61   75748   11915  350319  1034520  13.66
1990-1999     70-74     0.05329  0.23589  2.57   63833   15058  282585   684201  10.72
1990-1999     75-79     0.08150  0.33887  2.51   48775   16529  202797   401617   8.23
1990-1999     80-84     0.12577  0.47468  2.42   32247   15307  121708   198820   6.17
1990-1999     85-89     0.18973  0.62555  2.28   16940   10597   55853    77112   4.55
1990-1999     90-94     0.27725  0.76824  2.10    6343    4873   17576    21259   3.35
1990-1999     95-99     0.38647  0.87171  1.85    1470    1281    3316     3683   2.51
1990-1999    100-104    0.50688  0.93422  1.62     189     176     348      367   1.95
1990-1999    105-109    0.62724  0.96637  1.42      12      12      19       20   1.59
1990-1999    110+       0.72003  1.00000  1.39       0       0       1        1   1.39
2000-2009        0      0.00549  0.00546  0.14  100000     546   99530  7434330  74.34
2000-2009      1-4      0.00025  0.00098  1.70   99454      98  397592  7334801  73.75
2000-2009      5-9      0.00013  0.00063  2.41   99356      63  496620  6937209  69.82
2000-2009     10-14     0.00016  0.00079  2.69   99294      79  496288  6440589  64.86
2000-2009     15-19     0.00069  0.00346  3.01   99215     344  495393  5944301  59.91
2000-2009     20-24     0.00112  0.00557  2.63   98872     551  493052  5448908  55.11
2000-2009     25-29     0.00131  0.00652  2.59   98321     641  490055  4955857  50.41
2000-2009     30-34     0.00163  0.00811  2.57   97679     792  486473  4465802  45.72
2000-2009     35-39     0.00201  0.01000  2.57   96887     969  482083  3979328  41.07
2000-2009     40-44     0.00267  0.01325  2.62   95919    1271  476564  3497245  36.46
2000-2009     45-49     0.00383  0.01900  2.65   94648    1798  469013  3020681  31.91
2000-2009     50-54     0.00599  0.02956  2.66   92850    2744  457839  2551668  27.48
2000-2009     55-59     0.00943  0.04615  2.65   90106    4159  440766  2093829  23.24
2000-2009     60-64     0.01573  0.07587  2.65   85947    6521  414412  1653063  19.23
2000-2009     65-69     0.02446  0.11561  2.63   79426    9183  375350  1238651  15.59
2000-2009     70-74     0.03930  0.17968  2.62   70244   12621  321162   863301  12.29
2000-2009     75-79     0.06285  0.27262  2.57   57622   15709  249931   542139   9.41
2000-2009     80-84     0.10195  0.40532  2.47   41913   16988  166639   292208   6.97
2000-2009     85-89     0.16316  0.56984  2.35   24925   14203   87052   125570   5.04
2000-2009     90-94     0.25365  0.73856  2.17   10722    7919   31218    38518   3.59
2000-2009     95-99     0.36934  0.86048  1.90    2803    2412    6531     7299   2.60
2000-2009    100-104    0.50164  0.93328  1.64     391     365     728      769   1.97
2000-2009    105-109    0.63469  0.96827  1.41      26      25      40       41   1.57
2000-2009    110+       0.73612  1.00000  1.36       1       1       1        1   1.36
2010-2019        0      0.00376  0.00375  0.14  100000     375   99678  7693630  76.94
2010-2019      1-4      0.00016  0.00066  1.57   99625      65  398341  7593951  76.23
2010-2019      5-9      0.00009  0.00046  2.35   99560      46  497677  7195610  72.27
2010-2019     10-14     0.00011  0.00053  2.77   99514      53  497452  6697933  67.31
2010-2019     15-19     0.00043  0.00213  3.11   99461     212  496907  6200481  62.34
2010-2019     20-24     0.00067  0.00334  2.58   99250     332  495447  5703574  57.47
2010-2019     25-29     0.00100  0.00497  2.66   98918     492  493438  5208127  52.65
2010-2019     30-34     0.00141  0.00700  2.64   98426     689  490501  4714688  47.90
2010-2019     35-39     0.00194  0.00968  2.59   97737     946  486402  4224187  43.22
2010-2019     40-44     0.00277  0.01377  2.61   96791    1333  480771  3737785  38.62
2010-2019     45-49     0.00359  0.01779  2.59   95458    1698  473203  3257014  34.12
2010-2019     50-54     0.00493  0.02437  2.64   93760    2285  463409  2783811  29.69
2010-2019     55-59     0.00749  0.03679  2.66   91475    3365  449488  2320402  25.37
2010-2019     60-64     0.01158  0.05638  2.65   88109    4968  428864  1870914  21.23
2010-2019     65-69     0.01834  0.08793  2.65   83141    7311  398543  1442050  17.34
2010-2019     70-74     0.02981  0.13930  2.65   75830   10564  354347  1043508  13.76
2010-2019     75-79     0.04899  0.21918  2.60   65267   14305  292004   689161  10.56
2010-2019     80-84     0.08257  0.34362  2.56   50962   17512  212092   397156   7.79
2010-2019     85-89     0.13915  0.51264  2.43   33450   17148  123233   185065   5.53
2010-2019     90-94     0.23546  0.71218  2.23   16302   11610   49308    61832   3.79
2010-2019     95-99     0.35813  0.85333  1.93    4692    4004   11180    12524   2.67
2010-2019    100-104    0.50476  0.93559  1.64     688     644    1276     1343   1.95
2010-2019    105-109    0.65197  0.97173  1.39      44      43      66       68   1.53
2010-2019    110+       0.76165  1.00000  1.31       1       1       2        2   1.31
2020-2021        0      0.00345  0.00343  0.14  100000     343   99705  7627564  76.28
2020-2021      1-4      0.00014  0.00058  1.52   99657      58  398483  7527858  75.54
2020-2021      5-9      0.00007  0.00035  2.43   99599      35  497905  7129375  71.58
2020-2021     10-14     0.00013  0.00064  2.80   99564      63  497682  6631471  66.61
2020-2021     15-19     0.00050  0.00250  3.00   99501     249  497008  6133789  61.65
2020-2021     20-24     0.00075  0.00376  2.63   99252     374  495375  5636781  56.79
2020-2021     25-29     0.00104  0.00520  2.60   98879     514  493157  5141406  52.00
2020-2021     30-34     0.00147  0.00733  2.71   98364     721  490171  4648250  47.26
2020-2021     35-39     0.00214  0.01064  2.65   97644    1039  485778  4158078  42.58
2020-2021     40-44     0.00307  0.01523  2.63   96605    1471  479534  3672301  38.01
2020-2021     45-49     0.00443  0.02194  2.61   95133    2087  470669  3192767  33.56
2020-2021     50-54     0.00616  0.03037  2.62   93046    2826  458503  2722098  29.26
2020-2021     55-59     0.00818  0.04014  2.63   90220    3621  442530  2263594  25.09
2020-2021     60-64     0.01231  0.05981  2.62   86599    5179  420656  1821064  21.03
2020-2021     65-69     0.01894  0.09065  2.63   81420    7381  389592  1400409  17.20
2020-2021     70-74     0.02942  0.13748  2.62   74039   10179  345959  1010816  13.65
2020-2021     75-79     0.05098  0.22727  2.62   63860   14513  284705   664857  10.41
2020-2021     80-84     0.08490  0.35053  2.51   49347   17298  203740   380152   7.70
2020-2021     85-89     0.14155  0.51726  2.40   32049   16578  117119   176412   5.50
2020-2021     90-94     0.23316  0.70682  2.21   15472   10936   46902    59293   3.83
2020-2021     95-99     0.34921  0.84508  1.95    4536    3833   10977    12391   2.73
2020-2021    100-104    0.48869  0.92900  1.66     703     653    1336     1415   2.01
2020-2021    105-109    0.63107  0.96798  1.42      50      48      77       79   1.58
2020-2021    110+       0.73949  1.00000  1.35       2       2       2        2   1.35
