Israel, Total Population, Death rates (period 1x5), 	Last modified: 31 Oct 2018;  Methods Protocol: v6 (2017)

  Year          Age             Female            Male           Total
1983-1984        0             0.012976        0.013852        0.013427
1983-1984        1             0.001212        0.000970        0.001087
1983-1984        2             0.000754        0.000722        0.000737
1983-1984        3             0.000451        0.000554        0.000504
1983-1984        4             0.000329        0.000484        0.000409
1983-1984        5             0.000282        0.000310        0.000296
1983-1984        6             0.000244        0.000315        0.000280
1983-1984        7             0.000218        0.000351        0.000286
1983-1984        8             0.000253        0.000230        0.000241
1983-1984        9             0.000216        0.000184        0.000199
1983-1984       10             0.000141        0.000224        0.000183
1983-1984       11             0.000157        0.000310        0.000235
1983-1984       12             0.000244        0.000220        0.000232
1983-1984       13             0.000201        0.000357        0.000281
1983-1984       14             0.000289        0.000412        0.000352
1983-1984       15             0.000207        0.000470        0.000342
1983-1984       16             0.000286        0.000430        0.000360
1983-1984       17             0.000346        0.000629        0.000493
1983-1984       18             0.000232        0.000992        0.000629
1983-1984       19             0.000474        0.001191        0.000848
1983-1984       20             0.000274        0.001211        0.000761
1983-1984       21             0.000312        0.001054        0.000694
1983-1984       22             0.000343        0.001039        0.000699
1983-1984       23             0.000400        0.001041        0.000726
1983-1984       24             0.000262        0.001029        0.000649
1983-1984       25             0.000341        0.000938        0.000640
1983-1984       26             0.000450        0.000884        0.000667
1983-1984       27             0.000325        0.000776        0.000550
1983-1984       28             0.000481        0.001012        0.000746
1983-1984       29             0.000419        0.000891        0.000654
1983-1984       30             0.000443        0.000990        0.000715
1983-1984       31             0.000424        0.001146        0.000784
1983-1984       32             0.000583        0.000923        0.000753
1983-1984       33             0.000612        0.000986        0.000798
1983-1984       34             0.000772        0.001064        0.000917
1983-1984       35             0.000672        0.001297        0.000980
1983-1984       36             0.000835        0.001214        0.001021
1983-1984       37             0.000749        0.001198        0.000971
1983-1984       38             0.000792        0.001511        0.001148
1983-1984       39             0.000859        0.001529        0.001191
1983-1984       40             0.001129        0.001652        0.001386
1983-1984       41             0.000987        0.001780        0.001377
1983-1984       42             0.001451        0.001544        0.001497
1983-1984       43             0.001650        0.002342        0.001991
1983-1984       44             0.001599        0.002645        0.002113
1983-1984       45             0.001692        0.003046        0.002354
1983-1984       46             0.001693        0.002772        0.002217
1983-1984       47             0.001916        0.003965        0.002916
1983-1984       48             0.002868        0.004633        0.003729
1983-1984       49             0.002776        0.004944        0.003828
1983-1984       50             0.002680        0.005036        0.003811
1983-1984       51             0.003686        0.005718        0.004658
1983-1984       52             0.003612        0.006809        0.005145
1983-1984       53             0.004399        0.007416        0.005836
1983-1984       54             0.005164        0.008327        0.006652
1983-1984       55             0.005822        0.009799        0.007674
1983-1984       56             0.005628        0.010571        0.007902
1983-1984       57             0.005770        0.011107        0.008179
1983-1984       58             0.007239        0.012120        0.009416
1983-1984       59             0.008113        0.013197        0.010386
1983-1984       60             0.008696        0.013833        0.011035
1983-1984       61             0.010057        0.016688        0.013201
1983-1984       62             0.010631        0.017169        0.013817
1983-1984       63             0.013663        0.018193        0.015845
1983-1984       64             0.013575        0.019157        0.016188
1983-1984       65             0.017878        0.022985        0.020228
1983-1984       66             0.017691        0.022536        0.019935
1983-1984       67             0.021029        0.026501        0.023548
1983-1984       68             0.019837        0.029189        0.024076
1983-1984       69             0.023329        0.032375        0.027429
1983-1984       70             0.025728        0.037200        0.030931
1983-1984       71             0.030118        0.040418        0.034911
1983-1984       72             0.032641        0.042658        0.037489
1983-1984       73             0.036604        0.048756        0.042455
1983-1984       74             0.041285        0.057299        0.048874
1983-1984       75             0.048839        0.059015        0.053685
1983-1984       76             0.059937        0.066366        0.063086
1983-1984       77             0.057464        0.072409        0.064928
1983-1984       78             0.065497        0.078425        0.071814
1983-1984       79             0.073258        0.089681        0.081104
1983-1984       80             0.073890        0.090279        0.081467
1983-1984       81             0.079643        0.092072        0.085321
1983-1984       82             0.086784        0.095806        0.090859
1983-1984       83             0.111354        0.125210        0.117483
1983-1984       84             0.119062        0.136439        0.126641
1983-1984       85             0.123360        0.126633        0.124798
1983-1984       86             0.138567        0.149255        0.143300
1983-1984       87             0.157493        0.143211        0.151137
1983-1984       88             0.173490        0.182756        0.177638
1983-1984       89             0.181740        0.178878        0.180458
1983-1984       90             0.188436        0.214338        0.199903
1983-1984       91             0.227523        0.211757        0.220653
1983-1984       92             0.189075        0.205765        0.196401
1983-1984       93             0.263290        0.219840        0.244389
1983-1984       94             0.304520        0.272875        0.291086
1983-1984       95             0.284933        0.274503        0.280460
1983-1984       96             0.306238        0.293920        0.300841
1983-1984       97             0.327775        0.314452        0.321940
1983-1984       98             0.349820        0.336306        0.343901
1983-1984       99             0.372579        0.360193        0.367155
1983-1984      100             0.396867        0.386428        0.392292
1983-1984      101             0.422506        0.415467        0.419415
1983-1984      102             0.449303        0.447848        0.448664
1983-1984      103             0.484925        0.495300        0.489473
1983-1984      104             0.553733        0.567318        0.559763
1983-1984      105             0.677613        0.730949        0.700859
1983-1984      106             0.944751        1.458128        1.129204
1983-1984      107             1.398496        6.000000        1.836735
1983-1984      108                   .              .              .
1983-1984      109                   .              .              .
1983-1984      110+                  .              .              .
1985-1989        0             0.010269        0.011767        0.011037
1985-1989        1             0.000983        0.000839        0.000909
1985-1989        2             0.000422        0.000547        0.000486
1985-1989        3             0.000343        0.000444        0.000395
1985-1989        4             0.000232        0.000336        0.000286
1985-1989        5             0.000236        0.000317        0.000278
1985-1989        6             0.000204        0.000289        0.000248
1985-1989        7             0.000202        0.000297        0.000250
1985-1989        8             0.000201        0.000254        0.000228
1985-1989        9             0.000169        0.000240        0.000206
1985-1989       10             0.000217        0.000219        0.000218
1985-1989       11             0.000147        0.000254        0.000202
1985-1989       12             0.000144        0.000201        0.000173
1985-1989       13             0.000161        0.000254        0.000209
1985-1989       14             0.000165        0.000233        0.000200
1985-1989       15             0.000242        0.000374        0.000310
1985-1989       16             0.000274        0.000528        0.000404
1985-1989       17             0.000289        0.000521        0.000408
1985-1989       18             0.000330        0.000983        0.000664
1985-1989       19             0.000323        0.001107        0.000726
1985-1989       20             0.000353        0.001116        0.000746
1985-1989       21             0.000338        0.000875        0.000615
1985-1989       22             0.000346        0.000759        0.000560
1985-1989       23             0.000425        0.000744        0.000589
1985-1989       24             0.000316        0.000781        0.000554
1985-1989       25             0.000319        0.000877        0.000602
1985-1989       26             0.000340        0.000923        0.000634
1985-1989       27             0.000402        0.000878        0.000641
1985-1989       28             0.000470        0.000845        0.000657
1985-1989       29             0.000414        0.000838        0.000626
1985-1989       30             0.000465        0.000844        0.000654
1985-1989       31             0.000403        0.001035        0.000718
1985-1989       32             0.000581        0.001008        0.000793
1985-1989       33             0.000561        0.001035        0.000796
1985-1989       34             0.000636        0.001103        0.000869
1985-1989       35             0.000664        0.001012        0.000837
1985-1989       36             0.000552        0.001183        0.000865
1985-1989       37             0.000781        0.001168        0.000973
1985-1989       38             0.000794        0.001410        0.001099
1985-1989       39             0.000978        0.001301        0.001137
1985-1989       40             0.000936        0.001585        0.001256
1985-1989       41             0.001280        0.001929        0.001600
1985-1989       42             0.001214        0.002073        0.001638
1985-1989       43             0.001483        0.002051        0.001763
1985-1989       44             0.001701        0.002171        0.001933
1985-1989       45             0.001705        0.002839        0.002264
1985-1989       46             0.001663        0.003211        0.002423
1985-1989       47             0.001974        0.003299        0.002623
1985-1989       48             0.002296        0.003943        0.003101
1985-1989       49             0.002424        0.004210        0.003295
1985-1989       50             0.002808        0.004908        0.003830
1985-1989       51             0.003294        0.005190        0.004214
1985-1989       52             0.003553        0.005613        0.004548
1985-1989       53             0.003883        0.006930        0.005350
1985-1989       54             0.004481        0.007445        0.005901
1985-1989       55             0.004988        0.008521        0.006670
1985-1989       56             0.005803        0.008777        0.007208
1985-1989       57             0.006563        0.010518        0.008419
1985-1989       58             0.006726        0.011769        0.009067
1985-1989       59             0.008282        0.013538        0.010683
1985-1989       60             0.008527        0.014238        0.011101
1985-1989       61             0.009468        0.015674        0.012238
1985-1989       62             0.010170        0.016650        0.013061
1985-1989       63             0.011846        0.018404        0.014809
1985-1989       64             0.012443        0.020579        0.016187
1985-1989       65             0.014340        0.021067        0.017479
1985-1989       66             0.016210        0.024908        0.020303
1985-1989       67             0.018600        0.025981        0.022076
1985-1989       68             0.021932        0.028906        0.025185
1985-1989       69             0.022588        0.030427        0.026187
1985-1989       70             0.025475        0.034518        0.029574
1985-1989       71             0.028947        0.037938        0.033003
1985-1989       72             0.030968        0.040830        0.035395
1985-1989       73             0.034828        0.047395        0.040493
1985-1989       74             0.039285        0.049723        0.044049
1985-1989       75             0.044028        0.056609        0.049817
1985-1989       76             0.048869        0.059638        0.053865
1985-1989       77             0.059397        0.068228        0.063548
1985-1989       78             0.065444        0.075351        0.070142
1985-1989       79             0.072260        0.086126        0.078839
1985-1989       80             0.066783        0.085991        0.075560
1985-1989       81             0.073817        0.093028        0.082624
1985-1989       82             0.079943        0.099985        0.089105
1985-1989       83             0.090580        0.114822        0.101533
1985-1989       84             0.102793        0.117626        0.109387
1985-1989       85             0.116495        0.134209        0.124246
1985-1989       86             0.126296        0.142293        0.133210
1985-1989       87             0.137209        0.158181        0.146217
1985-1989       88             0.151862        0.167635        0.158608
1985-1989       89             0.174626        0.190833        0.181556
1985-1989       90             0.180654        0.192085        0.185587
1985-1989       91             0.195925        0.212871        0.203325
1985-1989       92             0.208103        0.224132        0.215109
1985-1989       93             0.233419        0.231468        0.232566
1985-1989       94             0.223060        0.237954        0.229606
1985-1989       95             0.299771        0.310108        0.304284
1985-1989       96             0.327662        0.336119        0.331312
1985-1989       97             0.357293        0.364335        0.360338
1985-1989       98             0.389887        0.394419        0.391850
1985-1989       99             0.424964        0.426159        0.425481
1985-1989      100             0.463645        0.462868        0.463306
1985-1989      101             0.508150        0.503880        0.506269
1985-1989      102             0.561664        0.554723        0.558603
1985-1989      103             0.628903        0.624550        0.626989
1985-1989      104             0.720669        0.737675        0.728030
1985-1989      105             0.887332        0.970292        0.921885
1985-1989      106             1.357807        1.593472        1.448571
1985-1989      107             2.795455        6.000000        3.339623
1985-1989      108             6.000000              .        6.000000
1985-1989      109                   .              .              .
1985-1989      110+                  .              .              .
1990-1994        0             0.008307        0.009350        0.008842
1990-1994        1             0.000745        0.000728        0.000736
1990-1994        2             0.000430        0.000378        0.000404
1990-1994        3             0.000332        0.000356        0.000344
1990-1994        4             0.000255        0.000317        0.000287
1990-1994        5             0.000272        0.000228        0.000250
1990-1994        6             0.000210        0.000157        0.000183
1990-1994        7             0.000208        0.000263        0.000236
1990-1994        8             0.000127        0.000185        0.000157
1990-1994        9             0.000137        0.000184        0.000161
1990-1994       10             0.000144        0.000167        0.000156
1990-1994       11             0.000151        0.000154        0.000153
1990-1994       12             0.000132        0.000187        0.000160
1990-1994       13             0.000157        0.000187        0.000173
1990-1994       14             0.000118        0.000234        0.000178
1990-1994       15             0.000139        0.000298        0.000221
1990-1994       16             0.000190        0.000456        0.000327
1990-1994       17             0.000256        0.000569        0.000417
1990-1994       18             0.000321        0.000784        0.000558
1990-1994       19             0.000252        0.000898        0.000581
1990-1994       20             0.000315        0.001026        0.000675
1990-1994       21             0.000319        0.000940        0.000632
1990-1994       22             0.000291        0.000888        0.000591
1990-1994       23             0.000356        0.000864        0.000611
1990-1994       24             0.000245        0.000850        0.000548
1990-1994       25             0.000383        0.000798        0.000590
1990-1994       26             0.000343        0.000905        0.000622
1990-1994       27             0.000345        0.000840        0.000591
1990-1994       28             0.000311        0.000872        0.000590
1990-1994       29             0.000326        0.000743        0.000533
1990-1994       30             0.000442        0.000893        0.000666
1990-1994       31             0.000393        0.000982        0.000685
1990-1994       32             0.000490        0.000943        0.000714
1990-1994       33             0.000516        0.000910        0.000710
1990-1994       34             0.000601        0.000903        0.000749
1990-1994       35             0.000637        0.001033        0.000832
1990-1994       36             0.000587        0.001212        0.000894
1990-1994       37             0.000625        0.001274        0.000944
1990-1994       38             0.000688        0.001215        0.000947
1990-1994       39             0.000882        0.001145        0.001012
1990-1994       40             0.000921        0.001579        0.001246
1990-1994       41             0.001095        0.001539        0.001315
1990-1994       42             0.001350        0.001694        0.001520
1990-1994       43             0.001408        0.001965        0.001684
1990-1994       44             0.001252        0.002130        0.001685
1990-1994       45             0.001625        0.002199        0.001908
1990-1994       46             0.001691        0.002844        0.002260
1990-1994       47             0.002059        0.003107        0.002578
1990-1994       48             0.002035        0.003108        0.002566
1990-1994       49             0.002468        0.003382        0.002920
1990-1994       50             0.002513        0.004121        0.003303
1990-1994       51             0.002801        0.004178        0.003472
1990-1994       52             0.003253        0.004815        0.004011
1990-1994       53             0.003529        0.005432        0.004450
1990-1994       54             0.003484        0.006230        0.004809
1990-1994       55             0.003993        0.006926        0.005406
1990-1994       56             0.005043        0.008320        0.006618
1990-1994       57             0.005910        0.008964        0.007371
1990-1994       58             0.005994        0.009868        0.007838
1990-1994       59             0.006694        0.010836        0.008654
1990-1994       60             0.007608        0.012769        0.010022
1990-1994       61             0.008634        0.013303        0.010801
1990-1994       62             0.009451        0.015656        0.012313
1990-1994       63             0.011249        0.016212        0.013515
1990-1994       64             0.012052        0.017891        0.014685
1990-1994       65             0.013132        0.020356        0.016367
1990-1994       66             0.014128        0.021727        0.017507
1990-1994       67             0.015407        0.024506        0.019445
1990-1994       68             0.017225        0.025230        0.020812
1990-1994       69             0.020454        0.029294        0.024463
1990-1994       70             0.021976        0.031437        0.026311
1990-1994       71             0.025120        0.034793        0.029591
1990-1994       72             0.029271        0.037509        0.033087
1990-1994       73             0.032279        0.040957        0.036252
1990-1994       74             0.034405        0.043445        0.038471
1990-1994       75             0.038684        0.049787        0.043606
1990-1994       76             0.043643        0.056161        0.049139
1990-1994       77             0.046675        0.060382        0.052637
1990-1994       78             0.053706        0.066447        0.059252
1990-1994       79             0.059388        0.074338        0.065949
1990-1994       80             0.058928        0.080697        0.068178
1990-1994       81             0.067777        0.087775        0.076301
1990-1994       82             0.076068        0.092536        0.083132
1990-1994       83             0.082547        0.103135        0.091422
1990-1994       84             0.094028        0.113346        0.102361
1990-1994       85             0.102616        0.129113        0.114048
1990-1994       86             0.110472        0.134502        0.120849
1990-1994       87             0.121486        0.149898        0.133700
1990-1994       88             0.135792        0.165776        0.148513
1990-1994       89             0.150154        0.176338        0.161108
1990-1994       90             0.172641        0.185319        0.177889
1990-1994       91             0.184794        0.202901        0.192222
1990-1994       92             0.199234        0.223194        0.208994
1990-1994       93             0.227165        0.226609        0.226938
1990-1994       94             0.250036        0.257846        0.253243
1990-1994       95             0.270322        0.310307        0.286883
1990-1994       96             0.296358        0.339249        0.314148
1990-1994       97             0.323390        0.370698        0.342855
1990-1994       98             0.352596        0.405515        0.374156
1990-1994       99             0.382965        0.443944        0.407605
1990-1994      100             0.414469        0.487058        0.443238
1990-1994      101             0.448970        0.537882        0.483364
1990-1994      102             0.488802        0.604740        0.532959
1990-1994      103             0.542435        0.697599        0.600293
1990-1994      104             0.630051        0.856323        0.711450
1990-1994      105             0.821369        1.304348        0.981148
1990-1994      106             1.671063        3.543027        2.059041
1990-1994      107             0.000000              .        0.000000
1990-1994      108                   .              .              .
1990-1994      109                   .              .              .
1990-1994      110+                  .              .              .
1995-1999        0             0.005900        0.006745        0.006334
1995-1999        1             0.000551        0.000651        0.000603
1995-1999        2             0.000326        0.000428        0.000378
1995-1999        3             0.000243        0.000328        0.000287
1995-1999        4             0.000197        0.000296        0.000247
1995-1999        5             0.000177        0.000234        0.000206
1995-1999        6             0.000120        0.000177        0.000149
1995-1999        7             0.000103        0.000147        0.000126
1995-1999        8             0.000126        0.000152        0.000139
1995-1999        9             0.000123        0.000167        0.000145
1995-1999       10             0.000064        0.000200        0.000133
1995-1999       11             0.000116        0.000157        0.000137
1995-1999       12             0.000117        0.000212        0.000165
1995-1999       13             0.000095        0.000231        0.000165
1995-1999       14             0.000170        0.000289        0.000231
1995-1999       15             0.000172        0.000256        0.000215
1995-1999       16             0.000203        0.000380        0.000294
1995-1999       17             0.000251        0.000434        0.000345
1995-1999       18             0.000229        0.000758        0.000500
1995-1999       19             0.000274        0.000937        0.000613
1995-1999       20             0.000313        0.001190        0.000760
1995-1999       21             0.000225        0.000976        0.000607
1995-1999       22             0.000224        0.000992        0.000615
1995-1999       23             0.000233        0.000946        0.000594
1995-1999       24             0.000285        0.000778        0.000534
1995-1999       25             0.000309        0.000877        0.000595
1995-1999       26             0.000300        0.000861        0.000581
1995-1999       27             0.000283        0.000818        0.000550
1995-1999       28             0.000270        0.000899        0.000583
1995-1999       29             0.000274        0.000805        0.000538
1995-1999       30             0.000478        0.000848        0.000662
1995-1999       31             0.000385        0.000863        0.000622
1995-1999       32             0.000453        0.001046        0.000748
1995-1999       33             0.000556        0.000974        0.000763
1995-1999       34             0.000517        0.001179        0.000843
1995-1999       35             0.000532        0.001074        0.000798
1995-1999       36             0.000632        0.001305        0.000961
1995-1999       37             0.000679        0.001216        0.000941
1995-1999       38             0.000738        0.001360        0.001042
1995-1999       39             0.000678        0.001535        0.001097
1995-1999       40             0.000842        0.001503        0.001164
1995-1999       41             0.000946        0.001718        0.001322
1995-1999       42             0.001117        0.001838        0.001468
1995-1999       43             0.001117        0.001862        0.001480
1995-1999       44             0.001238        0.002068        0.001643
1995-1999       45             0.001409        0.002368        0.001876
1995-1999       46             0.001500        0.002376        0.001926
1995-1999       47             0.001564        0.002743        0.002138
1995-1999       48             0.001971        0.003010        0.002476
1995-1999       49             0.002129        0.003469        0.002781
1995-1999       50             0.002192        0.003809        0.002979
1995-1999       51             0.002513        0.004071        0.003272
1995-1999       52             0.002878        0.004648        0.003740
1995-1999       53             0.003011        0.005259        0.004107
1995-1999       54             0.003419        0.005813        0.004581
1995-1999       55             0.003705        0.006395        0.005004
1995-1999       56             0.004488        0.007055        0.005718
1995-1999       57             0.004376        0.007891        0.006050
1995-1999       58             0.005084        0.008774        0.006824
1995-1999       59             0.005359        0.009503        0.007306
1995-1999       60             0.006124        0.010567        0.008195
1995-1999       61             0.007372        0.011897        0.009469
1995-1999       62             0.008111        0.013358        0.010527
1995-1999       63             0.009225        0.015144        0.011942
1995-1999       64             0.010225        0.016548        0.013113
1995-1999       65             0.011179        0.018410        0.014470
1995-1999       66             0.012642        0.020121        0.016015
1995-1999       67             0.013737        0.021906        0.017391
1995-1999       68             0.015526        0.024602        0.019553
1995-1999       69             0.017685        0.027193        0.021837
1995-1999       70             0.018765        0.029111        0.023212
1995-1999       71             0.021683        0.031495        0.025838
1995-1999       72             0.023829        0.035073        0.028576
1995-1999       73             0.025712        0.037182        0.030565
1995-1999       74             0.029935        0.040489        0.034458
1995-1999       75             0.033835        0.045258        0.038795
1995-1999       76             0.037248        0.051160        0.043337
1995-1999       77             0.042673        0.056989        0.048971
1995-1999       78             0.047841        0.061907        0.053975
1995-1999       79             0.054069        0.067927        0.059989
1995-1999       80             0.058903        0.072241        0.064421
1995-1999       81             0.066241        0.080056        0.071867
1995-1999       82             0.073952        0.090186        0.080487
1995-1999       83             0.083864        0.104855        0.092265
1995-1999       84             0.090759        0.110694        0.098746
1995-1999       85             0.097935        0.127241        0.109686
1995-1999       86             0.116173        0.136632        0.124380
1995-1999       87             0.126472        0.155529        0.138147
1995-1999       88             0.142650        0.166812        0.152344
1995-1999       89             0.154119        0.178674        0.163915
1995-1999       90             0.174044        0.184872        0.178361
1995-1999       91             0.176988        0.207912        0.189394
1995-1999       92             0.195137        0.218916        0.204648
1995-1999       93             0.211126        0.228579        0.218060
1995-1999       94             0.229613        0.249711        0.237570
1995-1999       95             0.285273        0.277035        0.282015
1995-1999       96             0.311306        0.294305        0.304547
1995-1999       97             0.340615        0.311980        0.329104
1995-1999       98             0.372617        0.329659        0.355142
1995-1999       99             0.403375        0.348171        0.380611
1995-1999      100             0.438801        0.369187        0.409502
1995-1999      101             0.480988        0.393119        0.443270
1995-1999      102             0.531550        0.425817        0.485735
1995-1999      103             0.602279        0.476709        0.547526
1995-1999      104             0.710801        0.582580        0.655637
1995-1999      105             0.915630        0.861578        0.894345
1995-1999      106             1.456166        1.788301        1.543296
1995-1999      107             5.123596              .        5.123596
1995-1999      108                   .              .              .
1995-1999      109                   .              .              .
1995-1999      110+                  .              .              .
2000-2004        0             0.004878        0.005437        0.005165
2000-2004        1             0.000503        0.000569        0.000537
2000-2004        2             0.000292        0.000332        0.000313
2000-2004        3             0.000147        0.000249        0.000200
2000-2004        4             0.000141        0.000209        0.000176
2000-2004        5             0.000144        0.000174        0.000159
2000-2004        6             0.000150        0.000152        0.000151
2000-2004        7             0.000146        0.000187        0.000167
2000-2004        8             0.000086        0.000186        0.000138
2000-2004        9             0.000101        0.000116        0.000108
2000-2004       10             0.000154        0.000200        0.000178
2000-2004       11             0.000120        0.000151        0.000136
2000-2004       12             0.000089        0.000187        0.000139
2000-2004       13             0.000104        0.000178        0.000142
2000-2004       14             0.000148        0.000189        0.000169
2000-2004       15             0.000152        0.000314        0.000235
2000-2004       16             0.000247        0.000349        0.000300
2000-2004       17             0.000208        0.000575        0.000396
2000-2004       18             0.000255        0.000728        0.000497
2000-2004       19             0.000357        0.001099        0.000736
2000-2004       20             0.000283        0.001127        0.000713
2000-2004       21             0.000316        0.001056        0.000693
2000-2004       22             0.000232        0.001035        0.000638
2000-2004       23             0.000250        0.000871        0.000563
2000-2004       24             0.000293        0.000888        0.000593
2000-2004       25             0.000238        0.000808        0.000524
2000-2004       26             0.000287        0.000836        0.000563
2000-2004       27             0.000264        0.000783        0.000524
2000-2004       28             0.000299        0.000895        0.000598
2000-2004       29             0.000259        0.001036        0.000647
2000-2004       30             0.000342        0.000772        0.000557
2000-2004       31             0.000353        0.000831        0.000591
2000-2004       32             0.000434        0.000866        0.000649
2000-2004       33             0.000438        0.001054        0.000745
2000-2004       34             0.000435        0.001021        0.000727
2000-2004       35             0.000461        0.001175        0.000817
2000-2004       36             0.000524        0.001139        0.000830
2000-2004       37             0.000624        0.001197        0.000908
2000-2004       38             0.000703        0.001409        0.001053
2000-2004       39             0.000702        0.001575        0.001133
2000-2004       40             0.000678        0.001621        0.001141
2000-2004       41             0.000823        0.001703        0.001254
2000-2004       42             0.000930        0.001897        0.001402
2000-2004       43             0.001055        0.001963        0.001497
2000-2004       44             0.001127        0.002173        0.001636
2000-2004       45             0.001249        0.002341        0.001780
2000-2004       46             0.001414        0.002582        0.001982
2000-2004       47             0.001497        0.002585        0.002025
2000-2004       48             0.001732        0.002894        0.002296
2000-2004       49             0.001689        0.003018        0.002333
2000-2004       50             0.002058        0.003314        0.002666
2000-2004       51             0.002196        0.003846        0.002995
2000-2004       52             0.002263        0.004016        0.003110
2000-2004       53             0.002711        0.004680        0.003661
2000-2004       54             0.003043        0.005061        0.004016
2000-2004       55             0.003089        0.005411        0.004208
2000-2004       56             0.003630        0.006243        0.004890
2000-2004       57             0.004075        0.006890        0.005430
2000-2004       58             0.004574        0.007027        0.005753
2000-2004       59             0.005074        0.008662        0.006789
2000-2004       60             0.005573        0.009310        0.007343
2000-2004       61             0.005837        0.009893        0.007740
2000-2004       62             0.006234        0.011083        0.008492
2000-2004       63             0.007428        0.012066        0.009577
2000-2004       64             0.007692        0.014182        0.010686
2000-2004       65             0.008873        0.015696        0.012010
2000-2004       66             0.010335        0.016417        0.013119
2000-2004       67             0.011068        0.018853        0.014615
2000-2004       68             0.012489        0.021899        0.016750
2000-2004       69             0.014686        0.023535        0.018669
2000-2004       70             0.016618        0.026201        0.020890
2000-2004       71             0.017825        0.027648        0.022155
2000-2004       72             0.020459        0.031638        0.025338
2000-2004       73             0.023284        0.034491        0.028110
2000-2004       74             0.025258        0.038671        0.030920
2000-2004       75             0.027924        0.041796        0.033670
2000-2004       76             0.032091        0.047836        0.038504
2000-2004       77             0.035787        0.051461        0.042102
2000-2004       78             0.040033        0.054556        0.045898
2000-2004       79             0.046944        0.060423        0.052445
2000-2004       80             0.049817        0.064845        0.055994
2000-2004       81             0.058660        0.073666        0.064881
2000-2004       82             0.066077        0.080594        0.072117
2000-2004       83             0.072466        0.086873        0.078415
2000-2004       84             0.082635        0.099837        0.089597
2000-2004       85             0.093056        0.104766        0.097683
2000-2004       86             0.101421        0.124140        0.110193
2000-2004       87             0.117272        0.140376        0.126002
2000-2004       88             0.135829        0.151161        0.141562
2000-2004       89             0.153063        0.176645        0.161879
2000-2004       90             0.166222        0.189971        0.175103
2000-2004       91             0.186897        0.212830        0.196570
2000-2004       92             0.208324        0.231799        0.217055
2000-2004       93             0.225514        0.239275        0.230644
2000-2004       94             0.239029        0.263482        0.248130
2000-2004       95             0.251192        0.265247        0.256427
2000-2004       96             0.266733        0.281042        0.272137
2000-2004       97             0.281552        0.296364        0.287206
2000-2004       98             0.295207        0.311146        0.301342
2000-2004       99             0.308163        0.325838        0.315065
2000-2004      100             0.320824        0.339368        0.328189
2000-2004      101             0.331564        0.351306        0.339564
2000-2004      102             0.339602        0.364394        0.349908
2000-2004      103             0.349197        0.379089        0.361876
2000-2004      104             0.363807        0.397192        0.378272
2000-2004      105             0.389013        0.429326        0.407099
2000-2004      106             0.447431        0.498781        0.471296
2000-2004      107             0.518841        0.589804        0.552919
2000-2004      108             0.604692        0.982456        0.782729
2000-2004      109             1.218750        0.000000        0.715596
2000-2004      110+                  .              .              .
2005-2009        0             0.003685        0.004390        0.004047
2005-2009        1             0.000376        0.000475        0.000427
2005-2009        2             0.000240        0.000295        0.000268
2005-2009        3             0.000171        0.000223        0.000198
2005-2009        4             0.000153        0.000176        0.000165
2005-2009        5             0.000152        0.000162        0.000157
2005-2009        6             0.000099        0.000142        0.000121
2005-2009        7             0.000082        0.000162        0.000123
2005-2009        8             0.000121        0.000118        0.000120
2005-2009        9             0.000079        0.000133        0.000107
2005-2009       10             0.000127        0.000121        0.000124
2005-2009       11             0.000086        0.000110        0.000098
2005-2009       12             0.000125        0.000144        0.000135
2005-2009       13             0.000106        0.000133        0.000120
2005-2009       14             0.000124        0.000223        0.000175
2005-2009       15             0.000149        0.000287        0.000220
2005-2009       16             0.000133        0.000306        0.000222
2005-2009       17             0.000144        0.000393        0.000271
2005-2009       18             0.000201        0.000553        0.000381
2005-2009       19             0.000208        0.000634        0.000426
2005-2009       20             0.000223        0.000781        0.000507
2005-2009       21             0.000255        0.000654        0.000459
2005-2009       22             0.000231        0.000820        0.000530
2005-2009       23             0.000174        0.000758        0.000470
2005-2009       24             0.000264        0.000664        0.000466
2005-2009       25             0.000255        0.000653        0.000456
2005-2009       26             0.000232        0.000631        0.000432
2005-2009       27             0.000222        0.000599        0.000411
2005-2009       28             0.000226        0.000586        0.000407
2005-2009       29             0.000233        0.000733        0.000483
2005-2009       30             0.000267        0.000767        0.000517
2005-2009       31             0.000283        0.000645        0.000464
2005-2009       32             0.000327        0.000731        0.000528
2005-2009       33             0.000336        0.000773        0.000554
2005-2009       34             0.000426        0.000902        0.000663
2005-2009       35             0.000473        0.000812        0.000642
2005-2009       36             0.000517        0.000971        0.000743
2005-2009       37             0.000497        0.000977        0.000736
2005-2009       38             0.000561        0.000940        0.000749
2005-2009       39             0.000635        0.001134        0.000883
2005-2009       40             0.000732        0.001191        0.000959
2005-2009       41             0.000901        0.001429        0.001163
2005-2009       42             0.000825        0.001558        0.001187
2005-2009       43             0.000944        0.001604        0.001269
2005-2009       44             0.000915        0.001940        0.001418
2005-2009       45             0.001104        0.002053        0.001568
2005-2009       46             0.001279        0.002312        0.001782
2005-2009       47             0.001550        0.002423        0.001974
2005-2009       48             0.001533        0.002753        0.002125
2005-2009       49             0.001680        0.002941        0.002291
2005-2009       50             0.001671        0.003247        0.002434
2005-2009       51             0.001986        0.003675        0.002802
2005-2009       52             0.002154        0.004073        0.003080
2005-2009       53             0.002322        0.004401        0.003324
2005-2009       54             0.002695        0.004614        0.003620
2005-2009       55             0.003070        0.005339        0.004162
2005-2009       56             0.003228        0.005667        0.004400
2005-2009       57             0.003468        0.005920        0.004644
2005-2009       58             0.003914        0.006556        0.005178
2005-2009       59             0.004589        0.006929        0.005706
2005-2009       60             0.004515        0.008031        0.006194
2005-2009       61             0.005359        0.008781        0.006993
2005-2009       62             0.005585        0.009233        0.007323
2005-2009       63             0.006359        0.010717        0.008429
2005-2009       64             0.007035        0.011554        0.009168
2005-2009       65             0.007295        0.013246        0.010078
2005-2009       66             0.008223        0.014530        0.011145
2005-2009       67             0.009266        0.016661        0.012665
2005-2009       68             0.010753        0.017632        0.013892
2005-2009       69             0.011777        0.019055        0.015082
2005-2009       70             0.012961        0.021561        0.016847
2005-2009       71             0.015244        0.023485        0.018946
2005-2009       72             0.017220        0.025518        0.020921
2005-2009       73             0.019878        0.029325        0.024059
2005-2009       74             0.021573        0.034412        0.027206
2005-2009       75             0.025509        0.036969        0.030476
2005-2009       76             0.026763        0.040366        0.032575
2005-2009       77             0.032211        0.044956        0.037587
2005-2009       78             0.036330        0.049574        0.041832
2005-2009       79             0.040669        0.056303        0.047026
2005-2009       80             0.045475        0.059767        0.051163
2005-2009       81             0.052570        0.068132        0.058655
2005-2009       82             0.058424        0.071547        0.063494
2005-2009       83             0.066314        0.079914        0.071564
2005-2009       84             0.074183        0.088071        0.079588
2005-2009       85             0.083908        0.103310        0.091538
2005-2009       86             0.094541        0.108782        0.100195
2005-2009       87             0.109000        0.126129        0.115832
2005-2009       88             0.122381        0.127921        0.124574
2005-2009       89             0.134939        0.149228        0.140472
2005-2009       90             0.148471        0.166194        0.155123
2005-2009       91             0.176838        0.189950        0.181624
2005-2009       92             0.205035        0.210239        0.206902
2005-2009       93             0.229259        0.227872        0.228764
2005-2009       94             0.263302        0.265312        0.264024
2005-2009       95             0.279702        0.279557        0.279650
2005-2009       96             0.311760        0.307578        0.310247
2005-2009       97             0.345921        0.337195        0.342749
2005-2009       98             0.382206        0.368087        0.377041
2005-2009       99             0.419651        0.400480        0.412624
2005-2009      100             0.457726        0.434523        0.449156
2005-2009      101             0.496482        0.470015        0.486548
2005-2009      102             0.536242        0.508036        0.525532
2005-2009      103             0.579719        0.550160        0.568372
2005-2009      104             0.623704        0.593526        0.611908
2005-2009      105             0.664902        0.643573        0.656464
2005-2009      106             0.726071        0.712235        0.720541
2005-2009      107             0.819120        0.816094        0.817888
2005-2009      108             0.973143        1.056194        1.006636
2005-2009      109             1.618449        1.630165        1.623176
2005-2009      110+            6.000000        6.000000        6.000000
2010-2014        0             0.003208        0.003651        0.003435
2010-2014        1             0.000330        0.000321        0.000325
2010-2014        2             0.000195        0.000220        0.000208
2010-2014        3             0.000133        0.000168        0.000151
2010-2014        4             0.000116        0.000155        0.000136
2010-2014        5             0.000130        0.000126        0.000128
2010-2014        6             0.000096        0.000110        0.000103
2010-2014        7             0.000073        0.000077        0.000075
2010-2014        8             0.000093        0.000132        0.000113
2010-2014        9             0.000072        0.000104        0.000088
2010-2014       10             0.000070        0.000091        0.000081
2010-2014       11             0.000062        0.000116        0.000090
2010-2014       12             0.000064        0.000127        0.000096
2010-2014       13             0.000087        0.000165        0.000127
2010-2014       14             0.000111        0.000195        0.000154
2010-2014       15             0.000110        0.000246        0.000180
2010-2014       16             0.000145        0.000270        0.000209
2010-2014       17             0.000121        0.000316        0.000221
2010-2014       18             0.000156        0.000448        0.000305
2010-2014       19             0.000187        0.000451        0.000322
2010-2014       20             0.000188        0.000640        0.000419
2010-2014       21             0.000161        0.000507        0.000338
2010-2014       22             0.000172        0.000545        0.000362
2010-2014       23             0.000184        0.000514        0.000351
2010-2014       24             0.000160        0.000548        0.000356
2010-2014       25             0.000153        0.000565        0.000361
2010-2014       26             0.000184        0.000604        0.000396
2010-2014       27             0.000274        0.000534        0.000405
2010-2014       28             0.000271        0.000565        0.000419
2010-2014       29             0.000206        0.000577        0.000392
2010-2014       30             0.000293        0.000571        0.000432
2010-2014       31             0.000278        0.000643        0.000460
2010-2014       32             0.000317        0.000586        0.000451
2010-2014       33             0.000335        0.000675        0.000505
2010-2014       34             0.000390        0.000677        0.000533
2010-2014       35             0.000463        0.000759        0.000610
2010-2014       36             0.000405        0.000666        0.000534
2010-2014       37             0.000476        0.000756        0.000615
2010-2014       38             0.000556        0.000943        0.000748
2010-2014       39             0.000585        0.000913        0.000748
2010-2014       40             0.000605        0.001041        0.000821
2010-2014       41             0.000628        0.001195        0.000909
2010-2014       42             0.000743        0.001321        0.001029
2010-2014       43             0.000785        0.001311        0.001046
2010-2014       44             0.000821        0.001515        0.001165
2010-2014       45             0.001021        0.001592        0.001304
2010-2014       46             0.001111        0.001929        0.001515
2010-2014       47             0.001324        0.001958        0.001637
2010-2014       48             0.001282        0.002467        0.001864
2010-2014       49             0.001300        0.002497        0.001886
2010-2014       50             0.001535        0.002826        0.002164
2010-2014       51             0.001810        0.003463        0.002612
2010-2014       52             0.002187        0.003559        0.002851
2010-2014       53             0.002266        0.004019        0.003113
2010-2014       54             0.002441        0.004445        0.003407
2010-2014       55             0.002729        0.004690        0.003673
2010-2014       56             0.002832        0.005264        0.004000
2010-2014       57             0.003108        0.005616        0.004310
2010-2014       58             0.003690        0.006183        0.004883
2010-2014       59             0.003816        0.006653        0.005172
2010-2014       60             0.004390        0.007695        0.005968
2010-2014       61             0.004815        0.008041        0.006352
2010-2014       62             0.004961        0.009132        0.006942
2010-2014       63             0.005610        0.009503        0.007452
2010-2014       64             0.006066        0.010522        0.008171
2010-2014       65             0.006861        0.011639        0.009115
2010-2014       66             0.007647        0.013100        0.010216
2010-2014       67             0.008063        0.014208        0.010952
2010-2014       68             0.009008        0.015292        0.011952
2010-2014       69             0.010027        0.017290        0.013403
2010-2014       70             0.011828        0.018712        0.014995
2010-2014       71             0.012720        0.020947        0.016463
2010-2014       72             0.014618        0.023677        0.018696
2010-2014       73             0.016802        0.026249        0.021023
2010-2014       74             0.018204        0.029102        0.023040
2010-2014       75             0.020893        0.030696        0.025216
2010-2014       76             0.023456        0.034975        0.028494
2010-2014       77             0.027513        0.039885        0.032868
2010-2014       78             0.031376        0.045031        0.037223
2010-2014       79             0.035061        0.048698        0.040842
2010-2014       80             0.043350        0.055764        0.048543
2010-2014       81             0.047299        0.063096        0.053807
2010-2014       82             0.054477        0.069060        0.060391
2010-2014       83             0.061809        0.078275        0.068358
2010-2014       84             0.068995        0.085265        0.075323
2010-2014       85             0.077607        0.095168        0.084280
2010-2014       86             0.088336        0.104492        0.094360
2010-2014       87             0.099874        0.116698        0.106061
2010-2014       88             0.115454        0.126082        0.119363
2010-2014       89             0.125748        0.137548        0.130138
2010-2014       90             0.141282        0.159733        0.148229
2010-2014       91             0.159399        0.169360        0.163191
2010-2014       92             0.179538        0.190815        0.183874
2010-2014       93             0.194946        0.217993        0.203728
2010-2014       94             0.217297        0.212528        0.215522
2010-2014       95             0.298155        0.272741        0.288805
2010-2014       96             0.335089        0.301011        0.322509
2010-2014       97             0.374139        0.328472        0.357088
2010-2014       98             0.414569        0.356121        0.392293
2010-2014       99             0.457031        0.385549        0.428958
2010-2014      100             0.504218        0.417030        0.468827
2010-2014      101             0.556430        0.450090        0.511841
2010-2014      102             0.610250        0.485259        0.555938
2010-2014      103             0.666459        0.524524        0.602524
2010-2014      104             0.734569        0.575901        0.661291
2010-2014      105             0.837664        0.652573        0.749901
2010-2014      106             1.017265        0.781557        0.901139
2010-2014      107             1.479106        1.138062        1.306645
2010-2014      108             2.891697        2.313653        2.605839
2010-2014      109             2.439252        4.137931        2.930233
2010-2014      110+            6.000000              .        6.000000
2015-2016        0             0.002943        0.003357        0.003156
2015-2016        1             0.000314        0.000330        0.000322
2015-2016        2             0.000148        0.000190        0.000169
2015-2016        3             0.000066        0.000159        0.000113
2015-2016        4             0.000078        0.000086        0.000082
2015-2016        5             0.000104        0.000145        0.000125
2015-2016        6             0.000075        0.000101        0.000088
2015-2016        7             0.000052        0.000117        0.000085
2015-2016        8             0.000073        0.000164        0.000120
2015-2016        9             0.000082        0.000097        0.000090
2015-2016       10             0.000097        0.000092        0.000094
2015-2016       11             0.000083        0.000112        0.000098
2015-2016       12             0.000105        0.000107        0.000106
2015-2016       13             0.000143        0.000116        0.000129
2015-2016       14             0.000125        0.000196        0.000161
2015-2016       15             0.000134        0.000255        0.000196
2015-2016       16             0.000122        0.000239        0.000182
2015-2016       17             0.000171        0.000244        0.000208
2015-2016       18             0.000197        0.000496        0.000350
2015-2016       19             0.000081        0.000532        0.000311
2015-2016       20             0.000189        0.000473        0.000334
2015-2016       21             0.000166        0.000535        0.000355
2015-2016       22             0.000159        0.000401        0.000282
2015-2016       23             0.000142        0.000589        0.000370
2015-2016       24             0.000142        0.000521        0.000334
2015-2016       25             0.000210        0.000467        0.000340
2015-2016       26             0.000178        0.000588        0.000385
2015-2016       27             0.000213        0.000469        0.000342
2015-2016       28             0.000239        0.000533        0.000387
2015-2016       29             0.000196        0.000569        0.000383
2015-2016       30             0.000230        0.000544        0.000388
2015-2016       31             0.000255        0.000500        0.000378
2015-2016       32             0.000341        0.000612        0.000477
2015-2016       33             0.000285        0.000617        0.000451
2015-2016       34             0.000341        0.000785        0.000562
2015-2016       35             0.000373        0.000645        0.000508
2015-2016       36             0.000368        0.000717        0.000542
2015-2016       37             0.000487        0.000770        0.000627
2015-2016       38             0.000457        0.000654        0.000555
2015-2016       39             0.000663        0.000798        0.000730
2015-2016       40             0.000510        0.001016        0.000761
2015-2016       41             0.000582        0.000981        0.000780
2015-2016       42             0.000770        0.001237        0.001002
2015-2016       43             0.000967        0.001237        0.001101
2015-2016       44             0.000934        0.001562        0.001244
2015-2016       45             0.000917        0.001573        0.001241
2015-2016       46             0.001133        0.001791        0.001458
2015-2016       47             0.000978        0.001920        0.001444
2015-2016       48             0.001132        0.002062        0.001591
2015-2016       49             0.001412        0.002330        0.001864
2015-2016       50             0.001661        0.002596        0.002122
2015-2016       51             0.001866        0.003277        0.002561
2015-2016       52             0.001883        0.003402        0.002626
2015-2016       53             0.002136        0.004165        0.003121
2015-2016       54             0.002243        0.004723        0.003441
2015-2016       55             0.002423        0.005074        0.003701
2015-2016       56             0.002697        0.004874        0.003744
2015-2016       57             0.003024        0.005341        0.004136
2015-2016       58             0.003687        0.005928        0.004761
2015-2016       59             0.003176        0.005982        0.004517
2015-2016       60             0.004370        0.007477        0.005850
2015-2016       61             0.004210        0.007503        0.005775
2015-2016       62             0.004716        0.007986        0.006269
2015-2016       63             0.004768        0.009559        0.007040
2015-2016       64             0.005862        0.010380        0.007996
2015-2016       65             0.006749        0.011485        0.008984
2015-2016       66             0.006999        0.012105        0.009403
2015-2016       67             0.007736        0.013287        0.010333
2015-2016       68             0.008348        0.015250        0.011560
2015-2016       69             0.010071        0.016508        0.013066
2015-2016       70             0.010411        0.018174        0.014038
2015-2016       71             0.012509        0.019802        0.015917
2015-2016       72             0.013158        0.023315        0.017849
2015-2016       73             0.015439        0.026392        0.020409
2015-2016       74             0.017421        0.027763        0.022053
2015-2016       75             0.019732        0.032381        0.025345
2015-2016       76             0.021323        0.034578        0.027160
2015-2016       77             0.025012        0.037458        0.030435
2015-2016       78             0.027850        0.040730        0.033413
2015-2016       79             0.032247        0.047632        0.038854
2015-2016       80             0.037905        0.050848        0.043415
2015-2016       81             0.044530        0.059525        0.050835
2015-2016       82             0.050854        0.066073        0.057145
2015-2016       83             0.059632        0.075759        0.066213
2015-2016       84             0.067940        0.079771        0.072725
2015-2016       85             0.076289        0.092615        0.082766
2015-2016       86             0.088283        0.103094        0.094007
2015-2016       87             0.103226        0.123128        0.110732
2015-2016       88             0.112276        0.138678        0.122061
2015-2016       89             0.120982        0.137715        0.127060
2015-2016       90             0.137748        0.155271        0.143973
2015-2016       91             0.155799        0.167999        0.160054
2015-2016       92             0.173207        0.191640        0.179640
2015-2016       93             0.195306        0.202884        0.198038
2015-2016       94             0.208964        0.222191        0.213968
2015-2016       95             0.272291        0.246710        0.262389
2015-2016       96             0.319328        0.279191        0.303741
2015-2016       97             0.364838        0.320737        0.347592
2015-2016       98             0.407121        0.364388        0.390059
2015-2016       99             0.448732        0.401588        0.429453
2015-2016      100             0.498398        0.440333        0.474167
2015-2016      101             0.557611        0.485678        0.526656
2015-2016      102             0.623466        0.535045        0.583288
2015-2016      103             0.694405        0.587933        0.642531
2015-2016      104             0.772131        0.648390        0.707476
2015-2016      105             0.860145        0.727801        0.787792
2015-2016      106             0.994849        0.853179        0.915507
2015-2016      107             1.314585        1.072374        1.169960
2015-2016      108             2.924528        1.506881        1.885714
2015-2016      109                   .        2.246445        2.246445
2015-2016      110+                  .              .              .
