Denmark, Life tables (period 5x5), Males	Last modified: 24 Feb 2024;  Methods Protocol: v6 (2017)

  Year          Age         mx       qx    ax      lx      dx      Lx       Tx     ex
1835-1839        0      0.22203  0.19213  0.30  100000   19213   86535  3960164  39.60
1835-1839      1-4      0.02943  0.10947  1.43   80787    8844  300460  3873630  47.95
1835-1839      5-9      0.00896  0.04376  2.33   71943    3148  351311  3573170  49.67
1835-1839     10-14     0.00537  0.02645  2.32   68795    1820  339094  3221858  46.83
1835-1839     15-19     0.00531  0.02623  2.64   66975    1757  330730  2882765  43.04
1835-1839     20-24     0.00813  0.03986  2.58   65219    2600  319809  2552035  39.13
1835-1839     25-29     0.00810  0.03968  2.48   62619    2485  306824  2232226  35.65
1835-1839     30-34     0.00944  0.04616  2.58   60134    2776  293948  1925402  32.02
1835-1839     35-39     0.01246  0.06045  2.57   57358    3467  278347  1631454  28.44
1835-1839     40-44     0.01420  0.06859  2.54   53891    3697  260372  1353106  25.11
1835-1839     45-49     0.01955  0.09335  2.59   50194    4686  239663  1092734  21.77
1835-1839     50-54     0.02328  0.11001  2.51   45508    5006  215089   853071  18.75
1835-1839     55-59     0.03037  0.14144  2.58   40502    5729  188623   637982  15.75
1835-1839     60-64     0.04404  0.19884  2.56   34773    6914  156990   449359  12.92
1835-1839     65-69     0.05960  0.25930  2.49   27859    7224  121199   292369  10.49
1835-1839     70-74     0.08419  0.34722  2.48   20635    7165   85108   171170   8.30
1835-1839     75-79     0.11828  0.45266  2.41   13470    6097   51553    86063   6.39
1835-1839     80-84     0.18513  0.61895  2.32    7373    4563   24650    34510   4.68
1835-1839     85-89     0.27087  0.75279  2.05    2809    2115    7808     9860   3.51
1835-1839     90-94     0.32440  0.81573  1.95     695     567    1746     2052   2.96
1835-1839     95-99     0.40886  0.88342  1.79     128     113     277      306   2.39
1835-1839    100-104    0.49911  0.92891  1.62      15      14      28       30   1.98
1835-1839    105-109    0.58970  0.95693  1.47       1       1       2        2   1.69
1835-1839    110+       0.66157  1.00000  1.51       0       0       0        0   1.51
1840-1844        0      0.22276  0.19268  0.30  100000   19268   86496  4166186  41.66
1840-1844      1-4      0.02300  0.08683  1.41   80732    7010  304781  4079690  50.53
1840-1844      5-9      0.00729  0.03575  2.41   73722    2636  361789  3774908  51.20
1840-1844     10-14     0.00460  0.02270  2.31   71086    1614  351097  3413119  48.01
1840-1844     15-19     0.00533  0.02633  2.70   69472    1829  343147  3062022  44.08
1840-1844     20-24     0.00801  0.03928  2.53   67643    2657  331660  2718875  40.19
1840-1844     25-29     0.00731  0.03588  2.46   64986    2331  319004  2387215  36.73
1840-1844     30-34     0.00808  0.03964  2.57   62655    2484  307250  2068211  33.01
1840-1844     35-39     0.01015  0.04951  2.56   60172    2979  293588  1760960  29.27
1840-1844     40-44     0.01309  0.06343  2.60   57193    3628  277253  1467372  25.66
1840-1844     45-49     0.01733  0.08316  2.56   53565    4454  256976  1190119  22.22
1840-1844     50-54     0.02255  0.10686  2.56   49110    5248  232747   933143  19.00
1840-1844     55-59     0.02854  0.13347  2.57   43862    5854  205094   700396  15.97
1840-1844     60-64     0.04235  0.19180  2.54   38008    7290  172120   495302  13.03
1840-1844     65-69     0.05674  0.24907  2.55   30718    7651  134842   323182  10.52
1840-1844     70-74     0.08781  0.35926  2.47   23067    8287   94376   188340   8.16
1840-1844     75-79     0.12163  0.46194  2.40   14780    6828   56134    93964   6.36
1840-1844     80-84     0.18099  0.60937  2.32    7952    4846   26775    37830   4.76
1840-1844     85-89     0.26043  0.74108  2.09    3107    2302    8840    11055   3.56
1840-1844     90-94     0.34890  0.84076  1.92     804     676    1938     2215   2.75
1840-1844     95-99     0.45428  0.91077  1.71     128     117     257      277   2.16
1840-1844    100-104    0.56424  0.95150  1.52      11      11      19       20   1.76
1840-1844    105-109    0.66889  0.97295  1.36       1       1       1        1   1.49
1840-1844    110+       0.74802  1.00000  1.34       0       0       0        0   1.34
1845-1849        0      0.24151  0.20655  0.30  100000   20655   85524  3949824  39.50
1845-1849      1-4      0.02823  0.10536  1.46   79345    8360  296110  3864300  48.70
1845-1849      5-9      0.00890  0.04345  2.29   70985    3085  346563  3568190  50.27
1845-1849     10-14     0.00510  0.02514  2.31   67900    1707  334903  3221627  47.45
1845-1849     15-19     0.00558  0.02755  2.77   66193    1824  326904  2886724  43.61
1845-1849     20-24     0.00990  0.04834  2.53   64370    3112  314152  2559821  39.77
1845-1849     25-29     0.00798  0.03908  2.38   61258    2394  300026  2245669  36.66
1845-1849     30-34     0.00832  0.04080  2.57   58864    2402  288479  1945643  33.05
1845-1849     35-39     0.01003  0.04893  2.57   56462    2763  275595  1657164  29.35
1845-1849     40-44     0.01281  0.06211  2.58   53700    3335  260411  1381569  25.73
1845-1849     45-49     0.01711  0.08213  2.58   50365    4136  241817  1121158  22.26
1845-1849     50-54     0.02141  0.10171  2.56   46228    4702  219645   879341  19.02
1845-1849     55-59     0.02982  0.13910  2.59   41526    5776  193692   659696  15.89
1845-1849     60-64     0.04055  0.18437  2.54   35750    6591  162535   466004  13.04
1845-1849     65-69     0.05824  0.25467  2.54   29159    7426  127497   303469  10.41
1845-1849     70-74     0.08688  0.35686  2.50   21733    7756   89270   175973   8.10
1845-1849     75-79     0.12627  0.47485  2.39   13977    6637   52562    86703   6.20
1845-1849     80-84     0.18638  0.61959  2.30    7340    4548   24402    34141   4.65
1845-1849     85-89     0.26814  0.75208  2.08    2792    2100    7832     9740   3.49
1845-1849     90-94     0.34918  0.84010  1.91     692     582    1665     1908   2.76
1845-1849     95-99     0.44860  0.90744  1.72     111     100     224      242   2.19
1845-1849    100-104    0.55335  0.94815  1.53      10      10      18       18   1.79
1845-1849    105-109    0.65410  0.97042  1.38       1       1       1        1   1.52
1845-1849    110+       0.73126  1.00000  1.37       0       0       0        0   1.37
1850-1854        0      0.22531  0.19459  0.30  100000   19459   86363  4130359  41.30
1850-1854      1-4      0.02380  0.08994  1.55   80541    7244  304429  4043996  50.21
1850-1854      5-9      0.00835  0.04077  2.17   73297    2988  358043  3739567  51.02
1850-1854     10-14     0.00475  0.02346  2.38   70309    1649  347229  3381524  48.09
1850-1854     15-19     0.00515  0.02544  2.67   68660    1747  339233  3034295  44.19
1850-1854     20-24     0.00829  0.04063  2.56   66913    2718  327946  2695062  40.28
1850-1854     25-29     0.00759  0.03720  2.43   64195    2388  314847  2367115  36.87
1850-1854     30-34     0.00795  0.03900  2.55   61807    2411  303131  2052268  33.20
1850-1854     35-39     0.01027  0.05011  2.61   59396    2976  289870  1749137  29.45
1850-1854     40-44     0.01346  0.06515  2.56   56420    3676  273138  1459267  25.86
1850-1854     45-49     0.01660  0.07975  2.56   52744    4206  253476  1186128  22.49
1850-1854     50-54     0.02290  0.10850  2.58   48538    5266  229969   932653  19.22
1850-1854     55-59     0.02880  0.13447  2.54   43271    5819  202048   702684  16.24
1850-1854     60-64     0.04006  0.18237  2.55   37453    6830  170503   500636  13.37
1850-1854     65-69     0.05229  0.23170  2.55   30622    7095  135695   330134  10.78
1850-1854     70-74     0.08474  0.34965  2.50   23527    8226   97079   194439   8.26
1850-1854     75-79     0.12176  0.46346  2.42   15301    7091   58239    97360   6.36
1850-1854     80-84     0.18197  0.61000  2.30    8209    5008   27520    39121   4.77
1850-1854     85-89     0.25413  0.73272  2.11    3202    2346    9231    11600   3.62
1850-1854     90-94     0.34689  0.83905  1.92     856     718    2070     2369   2.77
1850-1854     95-99     0.45159  0.90935  1.72     138     125     277      299   2.17
1850-1854    100-104    0.56062  0.95046  1.52      12      12      21       22   1.77
1850-1854    105-109    0.66474  0.97228  1.36       1       1       1        1   1.50
1850-1854    110+       0.74373  1.00000  1.34       0       0       0        0   1.34
1855-1859        0      0.16232  0.14574  0.30  100000   14574   89786  4281619  42.82
1855-1859      1-4      0.02894  0.10828  1.61   85426    9250  319605  4191834  49.07
1855-1859      5-9      0.01097  0.05319  2.14   76176    4051  369302  3872228  50.83
1855-1859     10-14     0.00552  0.02720  2.30   72124    1962  355325  3502926  48.57
1855-1859     15-19     0.00532  0.02625  2.64   70162    1841  346470  3147601  44.86
1855-1859     20-24     0.00763  0.03745  2.55   68321    2559  335338  2801131  41.00
1855-1859     25-29     0.00702  0.03449  2.43   65762    2268  322986  2465793  37.50
1855-1859     30-34     0.00747  0.03669  2.56   63494    2330  311780  2142807  33.75
1855-1859     35-39     0.00936  0.04575  2.58   61164    2798  299040  1831027  29.94
1855-1859     40-44     0.01197  0.05816  2.59   58366    3395  283655  1531987  26.25
1855-1859     45-49     0.01564  0.07537  2.59   54971    4143  264863  1248332  22.71
1855-1859     50-54     0.02086  0.09925  2.55   50828    5045  241799   983469  19.35
1855-1859     55-59     0.02776  0.13009  2.59   45783    5956  214565   741670  16.20
1855-1859     60-64     0.03857  0.17621  2.55   39827    7018  181948   527105  13.23
1855-1859     65-69     0.05655  0.24852  2.56   32809    8154  144173   345157  10.52
1855-1859     70-74     0.08400  0.34680  2.49   24656    8551  101789   200984   8.15
1855-1859     75-79     0.12771  0.47993  2.41   16105    7729   60521    99195   6.16
1855-1859     80-84     0.18458  0.61859  2.33    8376    5181   28070    38675   4.62
1855-1859     85-89     0.28149  0.76843  2.05    3195    2455    8721    10605   3.32
1855-1859     90-94     0.37906  0.86876  1.88     740     643    1695     1884   2.55
1855-1859     95-99     0.50877  0.93521  1.62      97      91     178      188   1.94
1855-1859    100-104    0.63278  0.96756  1.41       6       6      10       10   1.57
1855-1859    105-109    0.74238  0.98241  1.26       0       0       0        0   1.34
1855-1859    110+       0.81955  1.00000  1.22       0       0       0        0   1.22
1860-1864        0      0.15950  0.14346  0.30  100000   14346   89945  4441760  44.42
1860-1864      1-4      0.02441  0.09202  1.49   85654    7882  322861  4351815  50.81
1860-1864      5-9      0.00838  0.04094  2.21   77771    3184  379983  4028954  51.81
1860-1864     10-14     0.00519  0.02562  2.38   74587    1911  367928  3648971  48.92
1860-1864     15-19     0.00502  0.02478  2.62   72676    1801  359086  3281043  45.15
1860-1864     20-24     0.00784  0.03848  2.60   70875    2727  347833  2921957  41.23
1860-1864     25-29     0.00800  0.03920  2.43   68148    2672  333880  2574125  37.77
1860-1864     30-34     0.00746  0.03663  2.52   65476    2399  321423  2240244  34.21
1860-1864     35-39     0.00903  0.04416  2.56   63078    2785  308599  1918821  30.42
1860-1864     40-44     0.01127  0.05484  2.57   60292    3306  293423  1610222  26.71
1860-1864     45-49     0.01433  0.06928  2.60   56986    3948  275435  1316799  23.11
1860-1864     50-54     0.01986  0.09473  2.57   53038    5024  252995  1041364  19.63
1860-1864     55-59     0.02598  0.12222  2.58   48014    5868  225873   788369  16.42
1860-1864     60-64     0.04001  0.18244  2.59   42145    7689  192176   562496  13.35
1860-1864     65-69     0.05407  0.23824  2.51   34456    8209  151811   370321  10.75
1860-1864     70-74     0.08217  0.34121  2.52   26248    8956  109000   218510   8.32
1860-1864     75-79     0.11805  0.45234  2.42   17292    7822   66257   109510   6.33
1860-1864     80-84     0.18567  0.61997  2.32    9470    5871   31621    43253   4.57
1860-1864     85-89     0.28653  0.78231  2.10    3599    2815    9826    11631   3.23
1860-1864     90-94     0.42271  0.89433  1.77     783     701    1658     1805   2.30
1860-1864     95-99     0.55450  0.95069  1.54      83      79     142      148   1.79
1860-1864    100-104    0.68803  0.97660  1.33       4       4       6        6   1.45
1860-1864    105-109    0.79746  0.98727  1.19       0       0       0        0   1.25
1860-1864    110+       0.86876  1.00000  1.15       0       0       0        0   1.15
1865-1869        0      0.15983  0.14373  0.30  100000   14373   89927  4302435  43.02
1865-1869      1-4      0.03027  0.11284  1.59   85627    9662  319223  4212508  49.20
1865-1869      5-9      0.01200  0.05804  2.18   75965    4409  367402  3893284  51.25
1865-1869     10-14     0.00618  0.03039  2.29   71556    2174  351890  3525882  49.27
1865-1869     15-19     0.00575  0.02836  2.61   69382    1968  342207  3173992  45.75
1865-1869     20-24     0.00754  0.03699  2.50   67414    2494  330840  2831785  42.01
1865-1869     25-29     0.00682  0.03353  2.47   64920    2177  319098  2500945  38.52
1865-1869     30-34     0.00748  0.03672  2.52   62743    2304  308015  2181847  34.77
1865-1869     35-39     0.00849  0.04159  2.57   60439    2514  296093  1873832  31.00
1865-1869     40-44     0.01085  0.05286  2.56   57925    3062  282170  1577740  27.24
1865-1869     45-49     0.01393  0.06740  2.59   54864    3698  265390  1295570  23.61
1865-1869     50-54     0.01884  0.09011  2.59   51166    4611  244712  1030180  20.13
1865-1869     55-59     0.02555  0.12032  2.58   46555    5601  219216   785467  16.87
1865-1869     60-64     0.03580  0.16459  2.56   40954    6741  188304   566251  13.83
1865-1869     65-69     0.05241  0.23240  2.57   34213    7951  151710   377947  11.05
1865-1869     70-74     0.07616  0.31945  2.48   26262    8389  110161   226237   8.61
1865-1869     75-79     0.11604  0.44809  2.46   17872    8009   69016   116075   6.49
1865-1869     80-84     0.17678  0.59973  2.32    9864    5916   33463    47059   4.77
1865-1869     85-89     0.26805  0.75654  2.12    3948    2987   11143    13596   3.44
1865-1869     90-94     0.37843  0.86545  1.87     961     832    2198     2453   2.55
1865-1869     95-99     0.50069  0.93234  1.63     129     121     241      255   1.97
1865-1869    100-104    0.62659  0.96648  1.42       9       8      13       14   1.59
1865-1869    105-109    0.73844  0.98205  1.26       0       0       0        0   1.35
1865-1869    110+       0.81727  1.00000  1.22       0       0       0        0   1.22
1870-1874        0      0.16086  0.14456  0.30  100000   14456   89868  4571855  45.72
1870-1874      1-4      0.02085  0.07924  1.49   85544    6778  325170  4481987  52.39
1870-1874      5-9      0.00740  0.03623  2.21   78765    2854  385864  4156817  52.77
1870-1874     10-14     0.00458  0.02265  2.41   75912    1719  375103  3770953  49.68
1870-1874     15-19     0.00507  0.02506  2.63   74192    1859  366551  3395850  45.77
1870-1874     20-24     0.00716  0.03519  2.56   72333    2546  355446  3029299  41.88
1870-1874     25-29     0.00673  0.03308  2.42   69787    2308  342989  2673853  38.31
1870-1874     30-34     0.00708  0.03479  2.59   67479    2348  331739  2330864  34.54
1870-1874     35-39     0.00913  0.04466  2.55   65131    2909  318530  1999125  30.69
1870-1874     40-44     0.01102  0.05364  2.58   62222    3338  303024  1680595  27.01
1870-1874     45-49     0.01453  0.07020  2.58   58884    4134  284412  1377570  23.39
1870-1874     50-54     0.01938  0.09255  2.57   54750    5067  261439  1093159  19.97
1870-1874     55-59     0.02566  0.12084  2.59   49683    6004  233936   831719  16.74
1870-1874     60-64     0.03743  0.17160  2.58   43679    7495  200255   597783  13.69
1870-1874     65-69     0.05337  0.23570  2.52   36184    8528  159794   397527  10.99
1870-1874     70-74     0.07859  0.32899  2.53   27656    9098  115765   237734   8.60
1870-1874     75-79     0.11600  0.44526  2.39   18557    8263   71233   121968   6.57
1870-1874     80-84     0.16888  0.58203  2.33   10294    5992   35478    50736   4.93
1870-1874     85-89     0.25741  0.74181  2.14    4303    3192   12400    15258   3.55
1870-1874     90-94     0.37455  0.86392  1.88    1111     960    2562     2858   2.57
1870-1874     95-99     0.50443  0.93419  1.63     151     141     280      296   1.95
1870-1874    100-104    0.63580  0.96840  1.41      10      10      15       16   1.57
1870-1874    105-109    0.75080  0.98336  1.25       0       0       0        0   1.33
1870-1874    110+       0.83028  1.00000  1.20       0       0       0        0   1.20
1875-1879        0      0.16821  0.15047  0.30  100000   15047   89454  4536144  45.36
1875-1879      1-4      0.02136  0.08110  1.51   84953    6890  322631  4446689  52.34
1875-1879      5-9      0.00844  0.04125  2.21   78063    3220  381340  4124058  52.83
1875-1879     10-14     0.00476  0.02351  2.38   74843    1760  369600  3742718  50.01
1875-1879     15-19     0.00527  0.02601  2.64   73083    1901  360936  3373119  46.15
1875-1879     20-24     0.00734  0.03606  2.52   71182    2567  349538  3012183  42.32
1875-1879     25-29     0.00642  0.03158  2.45   68615    2167  337551  2662645  38.81
1875-1879     30-34     0.00709  0.03485  2.54   66449    2316  326553  2325094  34.99
1875-1879     35-39     0.00848  0.04154  2.58   64133    2664  314223  1998542  31.16
1875-1879     40-44     0.01069  0.05211  2.57   61469    3203  299553  1684318  27.40
1875-1879     45-49     0.01409  0.06814  2.59   58266    3970  281773  1384765  23.77
1875-1879     50-54     0.01874  0.08960  2.56   54295    4865  259606  1102992  20.31
1875-1879     55-59     0.02445  0.11539  2.57   49431    5704  233275   843386  17.06
1875-1879     60-64     0.03412  0.15765  2.59   43727    6894  202027   610111  13.95
1875-1879     65-69     0.05129  0.22802  2.57   36833    8399  163767   408084  11.08
1875-1879     70-74     0.07783  0.32552  2.49   28435    9256  118921   244318   8.59
1875-1879     75-79     0.11512  0.44549  2.46   19179    8544   74215   125397   6.54
1875-1879     80-84     0.17808  0.60186  2.31   10635    6401   35941    51182   4.81
1875-1879     85-89     0.25339  0.73302  2.13    4234    3104   12249    15240   3.60
1875-1879     90-94     0.36367  0.85500  1.90    1130     967    2658     2991   2.65
1875-1879     95-99     0.48389  0.92526  1.66     164     152     313      334   2.03
1875-1879    100-104    0.60538  0.96201  1.45      12      12      19       20   1.64
1875-1879    105-109    0.71603  0.97953  1.29       0       0       1        1   1.39
1875-1879    110+       0.79603  1.00000  1.26       0       0       0        0   1.26
1880-1884        0      0.16852  0.15072  0.30  100000   15072   89437  4642968  46.43
1880-1884      1-4      0.02012  0.07659  1.49   84928    6505  323373  4553531  53.62
1880-1884      5-9      0.00721  0.03535  2.21   78423    2773  384382  4230158  53.94
1880-1884     10-14     0.00450  0.02226  2.40   75651    1684  373870  3845776  50.84
1880-1884     15-19     0.00489  0.02418  2.66   73967    1789  365644  3471906  46.94
1880-1884     20-24     0.00703  0.03454  2.53   72178    2493  354742  3106262  43.04
1880-1884     25-29     0.00639  0.03142  2.43   69686    2189  342809  2751520  39.48
1880-1884     30-34     0.00668  0.03288  2.56   67496    2219  332056  2408711  35.69
1880-1884     35-39     0.00789  0.03869  2.55   65277    2525  320190  2076655  31.81
1880-1884     40-44     0.00999  0.04877  2.60   62752    3060  306402  1756465  27.99
1880-1884     45-49     0.01289  0.06249  2.58   59691    3730  289432  1450064  24.29
1880-1884     50-54     0.01750  0.08394  2.59   55961    4698  268495  1160631  20.74
1880-1884     55-59     0.02378  0.11241  2.57   51264    5762  242298   892137  17.40
1880-1884     60-64     0.03263  0.15117  2.57   45501    6878  210785   649839  14.28
1880-1884     65-69     0.04800  0.21508  2.59   38623    8307  173080   439054  11.37
1880-1884     70-74     0.07533  0.31740  2.52   30316    9622  127743   265974   8.77
1880-1884     75-79     0.11184  0.43379  2.41   20693    8977   80260   138231   6.68
1880-1884     80-84     0.16705  0.57882  2.35   11717    6782   40598    57971   4.95
1880-1884     85-89     0.25888  0.74379  2.14    4935    3670   14178    17373   3.52
1880-1884     90-94     0.38168  0.87040  1.88    1264    1100    2883     3194   2.53
1880-1884     95-99     0.51997  0.94011  1.60     164     154     296      311   1.90
1880-1884    100-104    0.65613  0.97201  1.38      10      10      15       15   1.52
1880-1884    105-109    0.77198  0.98531  1.22       0       0       0        0   1.29
1880-1884    110+       0.84964  1.00000  1.18       0       0       0        0   1.18
1885-1889        0      0.15955  0.14350  0.30  100000   14350   89943  4730281  47.30
1885-1889      1-4      0.01926  0.07350  1.50   85650    6295  326836  4640338  54.18
1885-1889      5-9      0.00708  0.03472  2.23   79355    2755  389139  4313502  54.36
1885-1889     10-14     0.00449  0.02219  2.43   76599    1700  378630  3924363  51.23
1885-1889     15-19     0.00526  0.02600  2.63   74899    1947  369888  3545733  47.34
1885-1889     20-24     0.00698  0.03428  2.52   72952    2501  358551  3175845  43.53
1885-1889     25-29     0.00609  0.02998  2.44   70451    2112  346851  2817294  39.99
1885-1889     30-34     0.00676  0.03327  2.56   68340    2274  336159  2470444  36.15
1885-1889     35-39     0.00816  0.03998  2.56   66066    2642  323881  2134285  32.31
1885-1889     40-44     0.00947  0.04629  2.54   63424    2936  309895  1810404  28.54
1885-1889     45-49     0.01225  0.05949  2.61   60489    3598  293837  1500509  24.81
1885-1889     50-54     0.01650  0.07935  2.58   56890    4514  273533  1206671  21.21
1885-1889     55-59     0.02233  0.10594  2.58   52376    5549  248475   933138  17.82
1885-1889     60-64     0.03127  0.14530  2.57   46827    6804  217594   684663  14.62
1885-1889     65-69     0.04536  0.20429  2.57   40023    8177  180258   467069  11.67
1885-1889     70-74     0.07004  0.29886  2.55   31847    9518  135883   286811   9.01
1885-1889     75-79     0.10734  0.42175  2.46   22329    9417   87732   150928   6.76
1885-1889     80-84     0.17212  0.59006  2.34   12912    7619   44263    63195   4.89
1885-1889     85-89     0.25369  0.73549  2.14    5293    3893   15345    18932   3.58
1885-1889     90-94     0.37677  0.86431  1.87    1400    1210    3212     3587   2.56
1885-1889     95-99     0.49932  0.93205  1.64     190     177     355      375   1.97
1885-1889    100-104    0.62816  0.96690  1.42      13      12      20       20   1.58
1885-1889    105-109    0.74215  0.98248  1.26       0       0       1        1   1.35
1885-1889    110+       0.82189  1.00000  1.22       0       0       0        0   1.22
1890-1894        0      0.16761  0.14999  0.30  100000   14999   89488  4637725  46.38
1890-1894      1-4      0.02171  0.08239  1.52   85001    7003  322615  4548237  53.51
1890-1894      5-9      0.00756  0.03700  2.18   77998    2886  381864  4225622  54.18
1890-1894     10-14     0.00450  0.02223  2.41   75112    1670  371240  3843758  51.17
1890-1894     15-19     0.00518  0.02558  2.61   73442    1879  362723  3472518  47.28
1890-1894     20-24     0.00646  0.03181  2.51   71563    2276  352152  3109795  43.46
1890-1894     25-29     0.00602  0.02964  2.47   69287    2054  341248  2757642  39.80
1890-1894     30-34     0.00655  0.03225  2.56   67233    2168  330867  2416395  35.94
1890-1894     35-39     0.00795  0.03897  2.54   65065    2536  319097  2085528  32.05
1890-1894     40-44     0.00929  0.04545  2.58   62529    2842  305770  1766431  28.25
1890-1894     45-49     0.01224  0.05944  2.58   59687    3548  289837  1460661  24.47
1890-1894     50-54     0.01639  0.07885  2.61   56140    4426  270112  1170825  20.86
1890-1894     55-59     0.02298  0.10887  2.59   51713    5630  244988   900712  17.42
1890-1894     60-64     0.03253  0.15080  2.58   46084    6949  213621   655724  14.23
1890-1894     65-69     0.04783  0.21411  2.55   39134    8379  175178   442103  11.30
1890-1894     70-74     0.07251  0.30755  2.53   30755    9459  130441   266926   8.68
1890-1894     75-79     0.11629  0.44941  2.47   21297    9571   82303   136485   6.41
1890-1894     80-84     0.18414  0.61490  2.30   11726    7210   39156    54182   4.62
1890-1894     85-89     0.27721  0.76869  2.10    4516    3471   12522    15026   3.33
1890-1894     90-94     0.40492  0.88528  1.82    1044     925    2284     2504   2.40
1890-1894     95-99     0.53688  0.94526  1.57     120     113     211      221   1.84
1890-1894    100-104    0.66787  0.97366  1.36       7       6      10       10   1.49
1890-1894    105-109    0.77835  0.98577  1.21       0       0       0        0   1.28
1890-1894    110+       0.85243  1.00000  1.17       0       0       0        0   1.17
1895-1899        0      0.16187  0.14538  0.30  100000   14538   89811  5034053  50.34
1895-1899      1-4      0.01299  0.05028  1.42   85462    4297  330754  4944242  57.85
1895-1899      5-9      0.00401  0.01983  2.19   81165    1610  401297  4613489  56.84
1895-1899     10-14     0.00302  0.01500  2.55   79555    1194  394853  4212192  52.95
1895-1899     15-19     0.00413  0.02044  2.65   78361    1602  388037  3817339  48.71
1895-1899     20-24     0.00555  0.02739  2.53   76759    2102  378599  3429301  44.68
1895-1899     25-29     0.00513  0.02530  2.47   74657    1889  368502  3050702  40.86
1895-1899     30-34     0.00590  0.02907  2.58   72768    2115  358721  2682201  36.86
1895-1899     35-39     0.00707  0.03476  2.57   70653    2456  347295  2323480  32.89
1895-1899     40-44     0.00915  0.04477  2.58   68197    3053  333588  1976185  28.98
1895-1899     45-49     0.01148  0.05586  2.59   65143    3639  316938  1642597  25.22
1895-1899     50-54     0.01531  0.07379  2.57   61505    4538  296504  1325659  21.55
1895-1899     55-59     0.02061  0.09820  2.61   56966    5594  271447  1029155  18.07
1895-1899     60-64     0.02998  0.13981  2.59   51372    7182  239581   757709  14.75
1895-1899     65-69     0.04464  0.20147  2.58   44190    8903  199421   518127  11.73
1895-1899     70-74     0.07003  0.29852  2.53   35287   10534  150421   318706   9.03
1895-1899     75-79     0.10770  0.42274  2.46   24753   10464   97161   168285   6.80
1895-1899     80-84     0.16767  0.58007  2.34   14289    8289   49432    71124   4.98
1895-1899     85-89     0.25221  0.73229  2.14    6000    4394   17422    21692   3.62
1895-1899     90-94     0.36097  0.85396  1.92    1606    1372    3800     4270   2.66
1895-1899     95-99     0.49172  0.92909  1.65     235     218     443      470   2.00
1895-1899    100-104    0.62068  0.96547  1.43      17      16      26       27   1.60
1895-1899    105-109    0.73569  0.98183  1.27       1       1       1        1   1.36
1895-1899    110+       0.81665  1.00000  1.22       0       0       0        0   1.22
1900-1904        0      0.14695  0.13322  0.30  100000   13322   90663  5228355  52.28
1900-1904      1-4      0.01014  0.03949  1.36   86678    3423  337664  5137692  59.27
1900-1904      5-9      0.00330  0.01633  2.32   83255    1360  412623  4800027  57.65
1900-1904     10-14     0.00241  0.01198  2.51   81895     981  407033  4387404  53.57
1900-1904     15-19     0.00352  0.01744  2.69   80914    1411  401306  3980371  49.19
1900-1904     20-24     0.00494  0.02440  2.53   79503    1940  392723  3579065  45.02
1900-1904     25-29     0.00482  0.02380  2.51   77563    1846  383212  3186342  41.08
1900-1904     30-34     0.00575  0.02834  2.56   75717    2146  373356  2803130  37.02
1900-1904     35-39     0.00689  0.03390  2.59   73571    2494  361837  2429775  33.03
1900-1904     40-44     0.00892  0.04365  2.57   71077    3103  347856  2067937  29.09
1900-1904     45-49     0.01133  0.05513  2.58   67974    3748  330792  1720082  25.30
1900-1904     50-54     0.01495  0.07218  2.60   64227    4636  310030  1389290  21.63
1900-1904     55-59     0.02103  0.10005  2.57   59591    5962  283452  1079260  18.11
1900-1904     60-64     0.02860  0.13383  2.61   53628    7177  250965   795809  14.84
1900-1904     65-69     0.04486  0.20246  2.59   46451    9405  209627   544843  11.73
1900-1904     70-74     0.06837  0.29244  2.53   37047   10834  158456   335216   9.05
1900-1904     75-79     0.10660  0.41957  2.46   26213   10998  103167   176761   6.74
1900-1904     80-84     0.17048  0.58845  2.37   15215    8953   52518    73594   4.84
1900-1904     85-89     0.27183  0.76206  2.12    6262    4772   17554    21076   3.37
1900-1904     90-94     0.41052  0.89040  1.82    1490    1327    3231     3522   2.36
1900-1904     95-99     0.55702  0.95195  1.54     163     155     279      290   1.78
1900-1904    100-104    0.69858  0.97819  1.32       8       8      11       11   1.43
1900-1904    105-109    0.81170  0.98834  1.17       0       0       0        0   1.23
1900-1904    110+       0.88288  1.00000  1.13       0       0       0        0   1.13
1905-1909        0      0.13456  0.12296  0.30  100000   12296   91382  5439650  54.40
1905-1909      1-4      0.00832  0.03257  1.31   87704    2856  343119  5348268  60.98
1905-1909      5-9      0.00254  0.01261  2.32   84848    1070  421372  5005149  58.99
1905-1909     10-14     0.00200  0.00994  2.57   83778     833  416861  4583777  54.71
1905-1909     15-19     0.00320  0.01588  2.69   82945    1317  411682  4166916  50.24
1905-1909     20-24     0.00429  0.02124  2.53   81628    1734  403853  3755234  46.00
1905-1909     25-29     0.00422  0.02089  2.49   79894    1669  395288  3351381  41.95
1905-1909     30-34     0.00491  0.02424  2.57   78225    1896  386526  2956094  37.79
1905-1909     35-39     0.00596  0.02940  2.58   76329    2244  376209  2569568  33.66
1905-1909     40-44     0.00798  0.03914  2.62   74085    2900  363515  2193358  29.61
1905-1909     45-49     0.01049  0.05114  2.58   71186    3640  347109  1829843  25.71
1905-1909     50-54     0.01422  0.06876  2.61   67545    4644  326635  1482735  21.95
1905-1909     55-59     0.02024  0.09653  2.60   62901    6072  299929  1156100  18.38
1905-1909     60-64     0.02858  0.13366  2.58   56829    7596  265752   856171  15.07
1905-1909     65-69     0.04252  0.19286  2.59   49233    9495  223322   590418  11.99
1905-1909     70-74     0.06566  0.28269  2.54   39738   11234  171099   367096   9.24
1905-1909     75-79     0.10441  0.41335  2.48   28505   11782  112842   195997   6.88
1905-1909     80-84     0.16546  0.57429  2.34   16722    9603   58039    83155   4.97
1905-1909     85-89     0.25456  0.74230  2.19    7119    5284   20759    25116   3.53
1905-1909     90-94     0.41019  0.88475  1.79    1835    1623    3957     4357   2.38
1905-1909     95-99     0.52123  0.94064  1.60     211     199     382      401   1.89
1905-1909    100-104    0.65878  0.97248  1.38      13      12      19       19   1.51
1905-1909    105-109    0.77527  0.98561  1.22       0       0       0        0   1.29
1905-1909    110+       0.85287  1.00000  1.17       0       0       0        0   1.17
1910-1914        0      0.11603  0.10730  0.30  100000   10730   92480  5656162  56.56
1910-1914      1-4      0.00695  0.02730  1.36   89270    2437  350646  5563683  62.32
1910-1914      5-9      0.00215  0.01070  2.30   86833     929  431658  5213037  60.04
1910-1914     10-14     0.00169  0.00840  2.61   85903     721  427793  4781378  55.66
1910-1914     15-19     0.00299  0.01485  2.70   85182    1265  423005  4353585  51.11
1910-1914     20-24     0.00403  0.01994  2.54   83918    1674  415466  3930581  46.84
1910-1914     25-29     0.00404  0.02001  2.50   82244    1646  407102  3515115  42.74
1910-1914     30-34     0.00461  0.02281  2.57   80598    1838  398523  3108013  38.56
1910-1914     35-39     0.00580  0.02862  2.57   78760    2254  388328  2709489  34.40
1910-1914     40-44     0.00695  0.03417  2.58   76506    2615  376202  2321162  30.34
1910-1914     45-49     0.00962  0.04701  2.61   73891    3473  361151  1944960  26.32
1910-1914     50-54     0.01290  0.06258  2.60   70418    4407  341498  1583809  22.49
1910-1914     55-59     0.01880  0.08998  2.62   66011    5939  315896  1242311  18.82
1910-1914     60-64     0.02712  0.12731  2.60   60071    7648  282026   926415  15.42
1910-1914     65-69     0.04042  0.18399  2.57   52424    9645  238641   644389  12.29
1910-1914     70-74     0.06186  0.26897  2.58   42778   11506  186003   405748   9.48
1910-1914     75-79     0.10182  0.40535  2.49   31273   12676  124493   219745   7.03
1910-1914     80-84     0.15743  0.55605  2.36   18596   10340   65680    95253   5.12
1910-1914     85-89     0.25449  0.74097  2.18    8256    6117   24038    29573   3.58
1910-1914     90-94     0.37094  0.86145  1.89    2139    1842    4966     5535   2.59
1910-1914     95-99     0.51420  0.93839  1.62     296     278     541      568   1.92
1910-1914    100-104    0.65391  0.97178  1.38      18      18      27       28   1.52
1910-1914    105-109    0.77270  0.98542  1.22       1       1       1        1   1.29
1910-1914    110+       0.85181  1.00000  1.17       0       0       0        0   1.17
1915-1919        0      0.10968  0.10185  0.30  100000   10185   92862  5583799  55.84
1915-1919      1-4      0.00753  0.02951  1.30   89815    2650  352092  5490937  61.14
1915-1919      5-9      0.00230  0.01145  2.33   87165     998  433160  5138845  58.96
1915-1919     10-14     0.00192  0.00955  2.55   86167     823  428818  4705685  54.61
1915-1919     15-19     0.00382  0.01894  2.81   85344    1616  423186  4276867  50.11
1915-1919     20-24     0.00606  0.02983  2.42   83728    2497  412203  3853681  46.03
1915-1919     25-29     0.00637  0.03133  2.48   81230    2545  399738  3441478  42.37
1915-1919     30-34     0.00612  0.03012  2.48   78685    2370  387463  3041740  38.66
1915-1919     35-39     0.00658  0.03235  2.51   76315    2469  375426  2654277  34.78
1915-1919     40-44     0.00687  0.03380  2.55   73846    2496  363119  2278851  30.86
1915-1919     45-49     0.00894  0.04376  2.61   71350    3122  349295  1915733  26.85
1915-1919     50-54     0.01219  0.05924  2.60   68228    4042  331445  1566437  22.96
1915-1919     55-59     0.01721  0.08262  2.61   64186    5303  308236  1234992  19.24
1915-1919     60-64     0.02478  0.11700  2.62   58883    6889  278014   926756  15.74
1915-1919     65-69     0.03842  0.17579  2.59   51994    9140  237900   648743  12.48
1915-1919     70-74     0.06090  0.26527  2.57   42853   11368  186671   410843   9.59
1915-1919     75-79     0.09725  0.39168  2.52   31486   12332  126812   224172   7.12
1915-1919     80-84     0.16072  0.56558  2.38   19153   10833   67402    97361   5.08
1915-1919     85-89     0.25096  0.73273  2.16    8321    6097   24294    29959   3.60
1915-1919     90-94     0.37867  0.86857  1.88    2224    1932    5101     5665   2.55
1915-1919     95-99     0.51143  0.93726  1.62     292     274     536      564   1.93
1915-1919    100-104    0.64931  0.97097  1.39      18      18      27       28   1.53
1915-1919    105-109    0.76742  0.98495  1.23       1       1       1        1   1.30
1915-1919    110+       0.84680  1.00000  1.18       0       0       0        0   1.18
1920-1924        0      0.09960  0.09310  0.30  100000    9310   93475  5967661  59.68
1920-1924      1-4      0.00586  0.02310  1.34   90690    2095  357190  5874186  64.77
1920-1924      5-9      0.00181  0.00899  2.33   88595     797  440848  5516996  62.27
1920-1924     10-14     0.00147  0.00731  2.53   87799     642  437405  5076149  57.82
1920-1924     15-19     0.00259  0.01290  2.84   87156    1124  433349  4638744  53.22
1920-1924     20-24     0.00357  0.01767  2.47   86032    1521  426319  4205394  48.88
1920-1924     25-29     0.00357  0.01770  2.54   84512    1496  418885  3779076  44.72
1920-1924     30-34     0.00374  0.01851  2.51   83016    1537  411247  3360191  40.48
1920-1924     35-39     0.00416  0.02058  2.59   81479    1677  403357  2948944  36.19
1920-1924     40-44     0.00504  0.02489  2.60   79802    1986  394242  2545587  31.90
1920-1924     45-49     0.00690  0.03395  2.62   77816    2642  382786  2151345  27.65
1920-1924     50-54     0.01022  0.04992  2.67   75174    3752  367111  1768559  23.53
1920-1924     55-59     0.01506  0.07272  2.63   71421    5194  344797  1401448  19.62
1920-1924     60-64     0.02406  0.11384  2.64   66227    7539  313357  1056651  15.95
1920-1924     65-69     0.03678  0.16908  2.62   58688    9923  269805   743294  12.67
1920-1924     70-74     0.05759  0.25254  2.57   48765   12315  213855   473489   9.71
1920-1924     75-79     0.09677  0.38934  2.49   36450   14191  146644   259635   7.12
1920-1924     80-84     0.16260  0.56938  2.37   22259   12673   77945   112991   5.08
1920-1924     85-89     0.24538  0.72518  2.18    9585    6951   28327    35046   3.66
1920-1924     90-94     0.37854  0.86885  1.89    2634    2289    6046     6719   2.55
1920-1924     95-99     0.50624  0.93524  1.63     345     323     638      673   1.95
1920-1924    100-104    0.64239  0.96974  1.40      22      22      34       35   1.55
1920-1924    105-109    0.76017  0.98430  1.24       1       1       1        1   1.31
1920-1924    110+       0.84020  1.00000  1.19       0       0       0        0   1.19
1925-1929        0      0.09635  0.09025  0.30  100000    9025   93675  6092570  60.93
1925-1929      1-4      0.00487  0.01922  1.29   90975    1748  359154  5998895  65.94
1925-1929      5-9      0.00141  0.00704  2.35   89226     628  444468  5639741  63.21
1925-1929     10-14     0.00116  0.00577  2.63   88598     511  441781  5195273  58.64
1925-1929     15-19     0.00212  0.01057  2.76   88087     931  438349  4753492  53.96
1925-1929     20-24     0.00295  0.01464  2.44   87156    1276  432513  4315143  49.51
1925-1929     25-29     0.00271  0.01345  2.55   85880    1155  426570  3882629  45.21
1925-1929     30-34     0.00296  0.01471  2.52   84725    1246  420533  3456059  40.79
1925-1929     35-39     0.00378  0.01875  2.57   83478    1565  413594  3035526  36.36
1925-1929     40-44     0.00497  0.02458  2.61   81913    2014  404749  2621932  32.01
1925-1929     45-49     0.00686  0.03375  2.69   79900    2697  393265  2217183  27.75
1925-1929     50-54     0.00953  0.04662  2.66   77203    3599  377587  1823918  23.62
1925-1929     55-59     0.01470  0.07105  2.67   73604    5230  355832  1446332  19.65
1925-1929     60-64     0.02328  0.11028  2.61   68374    7540  323857  1090499  15.95
1925-1929     65-69     0.03666  0.16846  2.60   60834   10248  279560   766643  12.60
1925-1929     70-74     0.05919  0.25924  2.61   50586   13114  221553   487083   9.63
1925-1929     75-79     0.09880  0.39636  2.51   37472   14852  150335   265530   7.09
1925-1929     80-84     0.15846  0.55885  2.36   22620   12641   79777   115195   5.09
1925-1929     85-89     0.25510  0.73924  2.16    9979    7377   28917    35418   3.55
1925-1929     90-94     0.38730  0.88112  1.91    2602    2293    5920     6501   2.50
1925-1929     95-99     0.52513  0.94227  1.60     309     291     555      582   1.88
1925-1929    100-104    0.66682  0.97384  1.37      18      17      26       27   1.49
1925-1929    105-109    0.78509  0.98644  1.21       0       0       1        1   1.27
1925-1929    110+       0.86237  1.00000  1.16       0       0       0        0   1.16
1930-1934        0      0.08713  0.08211  0.30  100000    8211   94245  6196797  61.97
1930-1934      1-4      0.00403  0.01595  1.30   91789    1464  363198  6102552  66.48
1930-1934      5-9      0.00123  0.00615  2.37   90324     556  450162  5739354  63.54
1930-1934     10-14     0.00103  0.00514  2.49   89769     462  447683  5289192  58.92
1930-1934     15-19     0.00199  0.00990  2.69   89307     884  444496  4841509  54.21
1930-1934     20-24     0.00283  0.01405  2.46   88423    1243  438960  4397013  49.73
1930-1934     25-29     0.00270  0.01343  2.49   87180    1171  432955  3958053  45.40
1930-1934     30-34     0.00283  0.01405  2.53   86009    1208  427063  3525098  40.99
1930-1934     35-39     0.00344  0.01705  2.59   84801    1446  420518  3098035  36.53
1930-1934     40-44     0.00464  0.02296  2.60   83355    1914  412174  2677517  32.12
1930-1934     45-49     0.00650  0.03202  2.60   81441    2607  400946  2265342  27.82
1930-1934     50-54     0.00979  0.04786  2.66   78833    3773  385331  1864396  23.65
1930-1934     55-59     0.01483  0.07166  2.65   75060    5379  362634  1479065  19.71
1930-1934     60-64     0.02291  0.10872  2.66   69681    7576  330647  1116431  16.02
1930-1934     65-69     0.03719  0.17061  2.58   62105   10596  284870   785783  12.65
1930-1934     70-74     0.05922  0.25909  2.59   51510   13346  225372   500914   9.72
1930-1934     75-79     0.09610  0.38695  2.48   38164   14768  153669   275542   7.22
1930-1934     80-84     0.15670  0.55433  2.36   23397   12969   82766   121873   5.21
1930-1934     85-89     0.24098  0.71827  2.19   10427    7490   31080    39107   3.75
1930-1934     90-94     0.34854  0.83574  1.89    2938    2455    7044     8027   2.73
1930-1934     95-99     0.48282  0.92577  1.67     483     447     925      983   2.04
1930-1934    100-104    0.61560  0.96464  1.44      36      35      56       58   1.62
1930-1934    105-109    0.73433  0.98177  1.27       1       1       2        2   1.36
1930-1934    110+       0.81760  1.00000  1.22       0       0       0        0   1.22
1935-1939        0      0.07623  0.07225  0.28  100000    7225   94775  6314142  63.14
1935-1939      1-4      0.00383  0.01516  1.36   92775    1406  367386  6219367  67.04
1935-1939      5-9      0.00131  0.00655  2.38   91369     598  455279  5851981  64.05
1935-1939     10-14     0.00104  0.00518  2.50   90771     470  452680  5396703  59.45
1935-1939     15-19     0.00162  0.00806  2.80   90300     727  449904  4944023  54.75
1935-1939     20-24     0.00220  0.01093  2.48   89573     979  445399  4494119  50.17
1935-1939     25-29     0.00222  0.01103  2.52   88594     977  440544  4048721  45.70
1935-1939     30-34     0.00252  0.01250  2.53   87616    1096  435376  3608177  41.18
1935-1939     35-39     0.00317  0.01574  2.59   86521    1361  429325  3172801  36.67
1935-1939     40-44     0.00435  0.02151  2.62   85159    1832  421433  2743476  32.22
1935-1939     45-49     0.00617  0.03041  2.63   83327    2534  410641  2322043  27.87
1935-1939     50-54     0.00952  0.04653  2.64   80793    3760  395102  1911403  23.66
1935-1939     55-59     0.01446  0.06993  2.64   77034    5387  372446  1516301  19.68
1935-1939     60-64     0.02309  0.10954  2.66   71646    7848  339853  1143855  15.97
1935-1939     65-69     0.03654  0.16825  2.65   63798   10734  293798   804002  12.60
1935-1939     70-74     0.06008  0.26192  2.56   53064   13898  231339   510203   9.61
1935-1939     75-79     0.09966  0.39853  2.49   39166   15609  156622   278865   7.12
1935-1939     80-84     0.15798  0.55807  2.37   23557   13146   83217   122243   5.19
1935-1939     85-89     0.23934  0.71433  2.18   10410    7436   31071    39026   3.75
1935-1939     90-94     0.35936  0.85461  1.93    2974    2542    7072     7955   2.67
1935-1939     95-99     0.48210  0.92541  1.67     432     400     830      882   2.04
1935-1939    100-104    0.61419  0.96433  1.44      32      31      51       52   1.62
1935-1939    105-109    0.73254  0.98157  1.27       1       1       2        2   1.36
1935-1939    110+       0.81577  1.00000  1.23       0       0       0        0   1.23
1940-1944        0      0.05897  0.05638  0.22  100000    5638   95606  6563569  65.64
1940-1944      1-4      0.00266  0.01058  1.39   94362     998  374848  6467963  68.54
1940-1944      5-9      0.00091  0.00456  2.30   93364     426  465670  6093115  65.26
1940-1944     10-14     0.00079  0.00395  2.55   92938     367  463792  5627445  60.55
1940-1944     15-19     0.00134  0.00669  2.71   92571     619  461442  5163654  55.78
1940-1944     20-24     0.00193  0.00963  2.52   91952     885  457568  4702212  51.14
1940-1944     25-29     0.00193  0.00959  2.49   91067     873  453140  4244644  46.61
1940-1944     30-34     0.00214  0.01065  2.56   90194     960  448624  3791504  42.04
1940-1944     35-39     0.00278  0.01379  2.69   89234    1230  443330  3342880  37.46
1940-1944     40-44     0.00379  0.01877  2.64   88003    1652  436117  2899551  32.95
1940-1944     45-49     0.00569  0.02806  2.69   86351    2423  426152  2463434  28.53
1940-1944     50-54     0.00869  0.04260  2.65   83928    3575  411231  2037282  24.27
1940-1944     55-59     0.01339  0.06491  2.65   80353    5215  389525  1626051  20.24
1940-1944     60-64     0.02086  0.09937  2.63   75137    7466  357964  1236526  16.46
1940-1944     65-69     0.03436  0.15879  2.62   67671   10746  312733   878562  12.98
1940-1944     70-74     0.05601  0.24648  2.57   56925   14031  250510   565829   9.94
1940-1944     75-79     0.09229  0.37540  2.52   42894   16103  174472   315319   7.35
1940-1944     80-84     0.15432  0.54835  2.36   26792   14691   95203   140847   5.26
1940-1944     85-89     0.23873  0.71426  2.19   12100    8643   36204    45644   3.77
1940-1944     90-94     0.35079  0.85197  1.98    3458    2946    8397     9440   2.73
1940-1944     95-99     0.48283  0.92590  1.67     512     474     981     1043   2.04
1940-1944    100-104    0.61704  0.96499  1.44      38      37      59       61   1.61
1940-1944    105-109    0.73674  0.98204  1.27       1       1       2        2   1.35
1940-1944    110+       0.82034  1.00000  1.22       0       0       0        0   1.22
1945-1949        0      0.04722  0.04547  0.18  100000    4547   96282  6723119  67.23
1945-1949      1-4      0.00210  0.00836  1.48   95453     798  379802  6626837  69.42
1945-1949      5-9      0.00083  0.00414  2.35   94655     392  472237  6247036  66.00
1945-1949     10-14     0.00069  0.00345  2.65   94263     325  470553  5774799  61.26
1945-1949     15-19     0.00132  0.00656  2.85   93938     617  468365  5304246  56.47
1945-1949     20-24     0.00212  0.01053  2.55   93322     983  464197  4835881  51.82
1945-1949     25-29     0.00214  0.01066  2.50   92339     985  459227  4371684  47.34
1945-1949     30-34     0.00217  0.01079  2.52   91354     986  454329  3912457  42.83
1945-1949     35-39     0.00262  0.01304  2.57   90368    1179  448981  3458128  38.27
1945-1949     40-44     0.00361  0.01788  2.64   89190    1595  442187  3009147  33.74
1945-1949     45-49     0.00533  0.02631  2.61   87595    2305  432465  2566960  29.30
1945-1949     50-54     0.00815  0.03999  2.64   85290    3411  418407  2134495  25.03
1945-1949     55-59     0.01238  0.06012  2.63   81880    4922  397756  1716088  20.96
1945-1949     60-64     0.01940  0.09276  2.63   76957    7138  367882  1318332  17.13
1945-1949     65-69     0.03135  0.14597  2.65   69819   10191  325106   950450  13.61
1945-1949     70-74     0.05127  0.22835  2.61   59628   13616  265560   625344  10.49
1945-1949     75-79     0.08387  0.34754  2.54   46012   15991  190662   359783   7.82
1945-1949     80-84     0.13962  0.51144  2.39   30021   15354  109972   169121   5.63
1945-1949     85-89     0.21683  0.68084  2.27   14667    9986   46054    59149   4.03
1945-1949     90-94     0.34269  0.84396  1.99    4681    3951   11528    13095   2.80
1945-1949     95-99     0.45676  0.91436  1.72     730     668    1462     1567   2.15
1945-1949    100-104    0.59266  0.95993  1.48      63      60     101      105   1.68
1945-1949    105-109    0.71700  0.97997  1.29       3       2       3        3   1.39
1945-1949    110+       0.80532  1.00000  1.24       0       0       0        0   1.24
1950-1954        0      0.03323  0.03230  0.14  100000    3230   97211  6959264  69.59
1950-1954      1-4      0.00149  0.00593  1.53   96770     574  385661  6862052  70.91
1950-1954      5-9      0.00057  0.00284  2.36   96196     273  480259  6476392  67.32
1950-1954     10-14     0.00045  0.00227  2.64   95923     218  479100  5996133  62.51
1950-1954     15-19     0.00085  0.00425  2.89   95705     406  477667  5517033  57.65
1950-1954     20-24     0.00130  0.00647  2.55   95299     617  474985  5039366  52.88
1950-1954     25-29     0.00136  0.00678  2.61   94682     642  471877  4564381  48.21
1950-1954     30-34     0.00149  0.00741  2.55   94040     697  468492  4092504  43.52
1950-1954     35-39     0.00192  0.00958  2.63   93343     894  464596  3624012  38.82
1950-1954     40-44     0.00285  0.01416  2.65   92449    1309  459160  3159416  34.17
1950-1954     45-49     0.00480  0.02372  2.71   91139    2162  450745  2700256  29.63
1950-1954     50-54     0.00754  0.03706  2.69   88977    3298  437263  2249511  25.28
1950-1954     55-59     0.01199  0.05830  2.64   85679    4995  416600  1812248  21.15
1950-1954     60-64     0.01911  0.09142  2.64   80684    7376  385977  1395648  17.30
1950-1954     65-69     0.02963  0.13836  2.61   73308   10143  342292  1009671  13.77
1950-1954     70-74     0.05033  0.22447  2.59   63165   14179  281720   667379  10.57
1950-1954     75-79     0.08280  0.34406  2.55   48987   16854  203560   385659   7.87
1950-1954     80-84     0.13855  0.51105  2.43   32132   16421  118525   182098   5.67
1950-1954     85-89     0.21641  0.67772  2.24   15711   10648   49200    63573   4.05
1950-1954     90-94     0.33513  0.83136  1.97    5063    4209   12561    14373   2.84
1950-1954     95-99     0.46208  0.91713  1.71     854     783    1695     1812   2.12
1950-1954    100-104    0.60072  0.96183  1.47      71      68     113      117   1.65
1950-1954    105-109    0.72626  0.98105  1.28       3       3       4        4   1.37
1950-1954    110+       0.81436  1.00000  1.23       0       0       0        0   1.23
1955-1959        0      0.02761  0.02696  0.12  100000    2696   97623  7040248  70.40
1955-1959      1-4      0.00109  0.00434  1.61   97304     422  388209  6942625  71.35
1955-1959      5-9      0.00046  0.00229  2.29   96882     222  483808  6554416  67.65
1955-1959     10-14     0.00039  0.00197  2.51   96660     191  482826  6070609  62.80
1955-1959     15-19     0.00085  0.00423  2.98   96469     408  481522  5587783  57.92
1955-1959     20-24     0.00113  0.00564  2.56   96061     542  478982  5106261  53.16
1955-1959     25-29     0.00117  0.00582  2.58   95519     556  476251  4627279  48.44
1955-1959     30-34     0.00131  0.00655  2.66   94964     622  473364  4151028  43.71
1955-1959     35-39     0.00171  0.00851  2.66   94342     803  469829  3677664  38.98
1955-1959     40-44     0.00265  0.01316  2.65   93539    1231  464800  3207835  34.29
1955-1959     45-49     0.00430  0.02127  2.72   92308    1964  457064  2743035  29.72
1955-1959     50-54     0.00757  0.03719  2.66   90344    3360  443871  2285972  25.30
1955-1959     55-59     0.01246  0.06053  2.67   86985    5265  422663  1842100  21.18
1955-1959     60-64     0.01922  0.09193  2.65   81720    7513  390916  1419437  17.37
1955-1959     65-69     0.03074  0.14321  2.62   74207   10628  345716  1028521  13.86
1955-1959     70-74     0.04920  0.21997  2.60   63580   13985  284275   682805  10.74
1955-1959     75-79     0.08015  0.33486  2.55   49594   16607  207205   398530   8.04
1955-1959     80-84     0.13324  0.49634  2.43   32987   16373  122879   191324   5.80
1955-1959     85-89     0.21256  0.67131  2.26   16615   11153   52471    68445   4.12
1955-1959     90-94     0.32292  0.81769  1.98    5461    4465   13829    15974   2.93
1955-1959     95-99     0.45440  0.91355  1.73     996     910    2002     2146   2.16
1955-1959    100-104    0.59383  0.96037  1.48      86      83     139      144   1.67
1955-1959    105-109    0.72099  0.98050  1.29       3       3       5        5   1.38
1955-1959    110+       0.81060  1.00000  1.23       0       0       0        0   1.23
1960-1964        0      0.02375  0.02326  0.11  100000    2326   97920  7040172  70.40
1960-1964      1-4      0.00098  0.00390  1.68   97674     381  389813  6942251  71.08
1960-1964      5-9      0.00054  0.00271  2.28   97293     264  485750  6552439  67.35
1960-1964     10-14     0.00039  0.00195  2.65   97030     189  484704  6066688  62.52
1960-1964     15-19     0.00079  0.00395  2.82   96841     382  483372  5581984  57.64
1960-1964     20-24     0.00105  0.00522  2.44   96458     503  481005  5098612  52.86
1960-1964     25-29     0.00110  0.00547  2.53   95955     525  478479  4617607  48.12
1960-1964     30-34     0.00125  0.00625  2.56   95430     596  475694  4139128  43.37
1960-1964     35-39     0.00171  0.00854  2.72   94834     809  472324  3663434  38.63
1960-1964     40-44     0.00262  0.01302  2.65   94024    1224  467250  3191110  33.94
1960-1964     45-49     0.00439  0.02174  2.70   92800    2017  459364  2723860  29.35
1960-1964     50-54     0.00754  0.03705  2.74   90783    3363  446299  2264496  24.94
1960-1964     55-59     0.01298  0.06302  2.68   87420    5509  424291  1818197  20.80
1960-1964     60-64     0.02063  0.09843  2.66   81910    8062  390724  1393906  17.02
1960-1964     65-69     0.03272  0.15172  2.61   73848   11204  342420  1003182  13.58
1960-1964     70-74     0.05115  0.22743  2.57   62644   14247  278531   660762  10.55
1960-1964     75-79     0.08355  0.34680  2.55   48396   16784  200890   382231   7.90
1960-1964     80-84     0.13503  0.50075  2.42   31613   15830  117230   181341   5.74
1960-1964     85-89     0.21551  0.67478  2.23   15783   10650   49418    64110   4.06
1960-1964     90-94     0.33184  0.83177  2.00    5133    4269   12865    14693   2.86
1960-1964     95-99     0.46337  0.91794  1.71     864     793    1711     1827   2.12
1960-1964    100-104    0.60427  0.96269  1.46      71      68     113      117   1.64
1960-1964    105-109    0.73117  0.98161  1.27       3       3       4        4   1.36
1960-1964    110+       0.81953  1.00000  1.22       0       0       0        0   1.22
1965-1969        0      0.01935  0.01903  0.11  100000    1903   98308  7052776  70.53
1965-1969      1-4      0.00085  0.00341  1.76   98097     334  391642  6954468  70.89
1965-1969      5-9      0.00055  0.00274  2.50   97763     268  488145  6562826  67.13
1965-1969     10-14     0.00042  0.00209  2.50   97495     204  486966  6074681  62.31
1965-1969     15-19     0.00087  0.00436  2.89   97291     425  485560  5587716  57.43
1965-1969     20-24     0.00104  0.00516  2.50   96866     500  483082  5102155  52.67
1965-1969     25-29     0.00094  0.00470  2.58   96366     453  480734  4619074  47.93
1965-1969     30-34     0.00125  0.00625  2.58   95914     600  478115  4138339  43.15
1965-1969     35-39     0.00177  0.00881  2.64   95314     839  474586  3660225  38.40
1965-1969     40-44     0.00277  0.01375  2.65   94475    1299  469324  3185639  33.72
1965-1969     45-49     0.00447  0.02210  2.68   93176    2059  461096  2716315  29.15
1965-1969     50-54     0.00757  0.03719  2.71   91117    3388  447825  2255219  24.75
1965-1969     55-59     0.01316  0.06386  2.70   87728    5602  425731  1807395  20.60
1965-1969     60-64     0.02175  0.10344  2.65   82126    8495  390632  1381664  16.82
1965-1969     65-69     0.03470  0.16019  2.60   73632   11795  339875   991032  13.46
1965-1969     70-74     0.05395  0.23824  2.55   61836   14732  273045   651156  10.53
1965-1969     75-79     0.08236  0.34221  2.53   47105   16120  195717   378111   8.03
1965-1969     80-84     0.13164  0.49105  2.41   30985   15215  115582   182394   5.89
1965-1969     85-89     0.20627  0.65804  2.25   15770   10377   50308    66812   4.24
1965-1969     90-94     0.30765  0.80895  2.07    5393    4362   14180    16504   3.06
1965-1969     95-99     0.43271  0.90180  1.77    1030     929    2147     2324   2.26
1965-1969    100-104    0.56613  0.95338  1.52     101      96     170      177   1.75
1965-1969    105-109    0.69178  0.97688  1.33       5       5       7        7   1.44
1965-1969    110+       0.78330  1.00000  1.28       0       0       0        0   1.28
1970-1974        0      0.01470  0.01451  0.12  100000    1451   98723  7087771  70.88
1970-1974      1-4      0.00074  0.00294  1.74   98549     290  393540  6989048  70.92
1970-1974      5-9      0.00050  0.00252  2.41   98259     248  490655  6595508  67.12
1970-1974     10-14     0.00040  0.00199  2.64   98011     195  489596  6104853  62.29
1970-1974     15-19     0.00101  0.00504  2.81   97816     493  488001  5615256  57.41
1970-1974     20-24     0.00109  0.00546  2.41   97323     531  485239  5127255  52.68
1970-1974     25-29     0.00098  0.00489  2.61   96792     473  482829  4642017  47.96
1970-1974     30-34     0.00124  0.00617  2.55   96319     595  480137  4159188  43.18
1970-1974     35-39     0.00191  0.00951  2.68   95724     911  476509  3679051  38.43
1970-1974     40-44     0.00301  0.01496  2.69   94813    1419  470786  3202541  33.78
1970-1974     45-49     0.00496  0.02451  2.68   93395    2289  461662  2731755  29.25
1970-1974     50-54     0.00806  0.03956  2.66   91106    3604  447082  2270093  24.92
1970-1974     55-59     0.01292  0.06272  2.68   87502    5489  424780  1823010  20.83
1970-1974     60-64     0.02129  0.10143  2.67   82013    8319  390661  1398230  17.05
1970-1974     65-69     0.03438  0.15882  2.60   73694   11705  340421  1007569  13.67
1970-1974     70-74     0.05400  0.23857  2.56   61990   14789  273894   667149  10.76
1970-1974     75-79     0.07978  0.33289  2.52   47201   15713  196961   393255   8.33
1970-1974     80-84     0.12183  0.46388  2.43   31488   14607  119891   196294   6.23
1970-1974     85-89     0.18978  0.62604  2.28   16881   10568   55688    76403   4.53
1970-1974     90-94     0.28362  0.77539  2.08    6313    4895   17259    20715   3.28
1970-1974     95-99     0.39800  0.88034  1.83    1418    1248    3136     3456   2.44
1970-1974    100-104    0.52564  0.94120  1.59     170     160     304      319   1.88
1970-1974    105-109    0.65095  0.97079  1.39      10      10      15       15   1.53
1970-1974    110+       0.74562  1.00000  1.34       0       0       0        0   1.34
1975-1979        0      0.01083  0.01072  0.13  100000    1072   99064  7132344  71.32
1975-1979      1-4      0.00061  0.00245  1.58   98928     243  395123  7033279  71.10
1975-1979      5-9      0.00037  0.00183  2.49   98685     181  492972  6638157  67.27
1975-1979     10-14     0.00035  0.00174  2.58   98504     172  492105  6145185  62.38
1975-1979     15-19     0.00095  0.00475  2.92   98333     467  490694  5653079  57.49
1975-1979     20-24     0.00120  0.00597  2.44   97866     584  487833  5162386  52.75
1975-1979     25-29     0.00113  0.00561  2.46   97282     546  485022  4674553  48.05
1975-1979     30-34     0.00116  0.00580  2.56   96736     561  482310  4189530  43.31
1975-1979     35-39     0.00185  0.00923  2.66   96175     888  478802  3707220  38.55
1975-1979     40-44     0.00298  0.01482  2.67   95287    1412  473148  3228418  33.88
1975-1979     45-49     0.00477  0.02356  2.68   93875    2212  464233  2755270  29.35
1975-1979     50-54     0.00823  0.04041  2.69   91663    3704  449766  2291037  24.99
1975-1979     55-59     0.01315  0.06379  2.66   87959    5611  426645  1841271  20.93
1975-1979     60-64     0.02083  0.09923  2.62   82348    8171  392279  1414627  17.18
1975-1979     65-69     0.03318  0.15380  2.63   74177   11408  343832  1022348  13.78
1975-1979     70-74     0.05317  0.23531  2.56   62768   14770  277790   678516  10.81
1975-1979     75-79     0.08062  0.33544  2.50   47999   16101  199700   400726   8.35
1975-1979     80-84     0.12038  0.45989  2.43   31898   14670  121860   201026   6.30
1975-1979     85-89     0.18564  0.61792  2.30   17228   10646   57347    79166   4.60
1975-1979     90-94     0.28078  0.77585  2.12    6582    5107   18189    21820   3.31
1975-1979     95-99     0.39373  0.87748  1.84    1475    1295    3288     3631   2.46
1975-1979    100-104    0.52118  0.93973  1.60     181     170     326      343   1.90
1975-1979    105-109    0.64686  0.97011  1.39      11      11      16       17   1.54
1975-1979    110+       0.74209  1.00000  1.35       0       0       0        0   1.35
1980-1984        0      0.00904  0.00897  0.13  100000     897   99221  7142548  71.43
1980-1984      1-4      0.00051  0.00203  1.68   99103     201  395945  7043327  71.07
1980-1984      5-9      0.00027  0.00137  2.59   98902     135  494182  6647382  67.21
1980-1984     10-14     0.00025  0.00123  2.86   98766     122  493571  6153201  62.30
1980-1984     15-19     0.00081  0.00403  2.94   98645     398  492405  5659630  57.37
1980-1984     20-24     0.00117  0.00581  2.54   98247     571  489827  5167225  52.59
1980-1984     25-29     0.00128  0.00637  2.54   97676     622  486850  4677398  47.89
1980-1984     30-34     0.00153  0.00762  2.50   97054     740  483418  4190548  43.18
1980-1984     35-39     0.00192  0.00955  2.63   96314     920  479388  3707130  38.49
1980-1984     40-44     0.00288  0.01430  2.71   95394    1364  473849  3227742  33.84
1980-1984     45-49     0.00492  0.02434  2.71   94030    2288  464910  2753893  29.29
1980-1984     50-54     0.00808  0.03964  2.68   91741    3637  450277  2288983  24.95
1980-1984     55-59     0.01334  0.06469  2.68   88105    5700  427326  1838706  20.87
1980-1984     60-64     0.02164  0.10298  2.65   82405    8486  392092  1411379  17.13
1980-1984     65-69     0.03303  0.15304  2.61   73919   11312  342529  1019287  13.79
1980-1984     70-74     0.05223  0.23187  2.58   62607   14516  277929   676758  10.81
1980-1984     75-79     0.08250  0.34199  2.50   48090   16446  199360   398829   8.29
1980-1984     80-84     0.12172  0.46222  2.40   31644   14626  120163   199469   6.30
1980-1984     85-89     0.18259  0.61090  2.29   17017   10396   56935    79306   4.66
1980-1984     90-94     0.27546  0.76921  2.13    6621    5093   18490    22371   3.38
1980-1984     95-99     0.38057  0.86758  1.86    1528    1326    3484     3882   2.54
1980-1984    100-104    0.50168  0.93237  1.63     202     189     376      398   1.97
1980-1984    105-109    0.62333  0.96568  1.43      14      13      21       22   1.60
1980-1984    110+       0.71731  1.00000  1.39       0       0       1        1   1.39
1985-1989        0      0.00915  0.00908  0.13  100000     908   99211  7181476  71.81
1985-1989      1-4      0.00045  0.00181  1.53   99092     179  395927  7082265  71.47
1985-1989      5-9      0.00024  0.00120  2.64   98913     119  494285  6686338  67.60
1985-1989     10-14     0.00026  0.00130  2.56   98794     128  493659  6192054  62.68
1985-1989     15-19     0.00072  0.00359  3.00   98666     354  492622  5698395  57.75
1985-1989     20-24     0.00106  0.00530  2.51   98312     521  490262  5205773  52.95
1985-1989     25-29     0.00121  0.00601  2.61   97791     587  487547  4715511  48.22
1985-1989     30-34     0.00157  0.00781  2.67   97203     759  484250  4227964  43.50
1985-1989     35-39     0.00204  0.01013  2.61   96444     977  479889  3743714  38.82
1985-1989     40-44     0.00287  0.01424  2.68   95467    1359  474182  3263825  34.19
1985-1989     45-49     0.00455  0.02254  2.70   94108    2121  465655  2789643  29.64
1985-1989     50-54     0.00790  0.03878  2.72   91987    3567  451786  2323988  25.26
1985-1989     55-59     0.01305  0.06330  2.66   88420    5597  428997  1872201  21.17
1985-1989     60-64     0.02093  0.09974  2.64   82823    8260  394613  1443204  17.43
1985-1989     65-69     0.03257  0.15094  2.57   74562   11254  345518  1048591  14.06
1985-1989     70-74     0.04935  0.22034  2.57   63308   13949  282672   703073  11.11
1985-1989     75-79     0.07836  0.32820  2.53   49358   16199  206721   420401   8.52
1985-1989     80-84     0.11870  0.45385  2.41   33159   15049  126781   213680   6.44
1985-1989     85-89     0.17593  0.59815  2.32   18110   10832   61571    86899   4.80
1985-1989     90-94     0.26566  0.75077  2.10    7277    5464   20567    25328   3.48
1985-1989     95-99     0.36709  0.85710  1.89    1814    1555    4235     4761   2.63
1985-1989    100-104    0.48500  0.92561  1.66     259     240     495      526   2.03
1985-1989    105-109    0.60523  0.96192  1.45      19      19      31       32   1.64
1985-1989    110+       0.69928  1.00000  1.43       1       1       1        1   1.43
1990-1994        0      0.00734  0.00730  0.13  100000     730   99369  7249153  72.49
1990-1994      1-4      0.00039  0.00154  1.63   99270     153  396719  7149784  72.02
1990-1994      5-9      0.00023  0.00117  2.53   99117     116  495301  6753065  68.13
1990-1994     10-14     0.00022  0.00109  2.85   99002     108  494775  6257764  63.21
1990-1994     15-19     0.00059  0.00293  2.97   98893     290  493879  5762989  58.27
1990-1994     20-24     0.00090  0.00451  2.50   98603     445  491904  5269110  53.44
1990-1994     25-29     0.00104  0.00520  2.54   98158     511  489534  4777205  48.67
1990-1994     30-34     0.00148  0.00738  2.63   97647     720  486529  4287672  43.91
1990-1994     35-39     0.00205  0.01023  2.70   96927     991  482356  3801143  39.22
1990-1994     40-44     0.00301  0.01495  2.59   95936    1435  476219  3318787  34.59
1990-1994     45-49     0.00433  0.02143  2.69   94502    2025  467829  2842568  30.08
1990-1994     50-54     0.00695  0.03419  2.64   92477    3161  454935  2374740  25.68
1990-1994     55-59     0.01183  0.05756  2.69   89315    5141  434708  1919805  21.49
1990-1994     60-64     0.01940  0.09275  2.64   84174    7807  402449  1485097  17.64
1990-1994     65-69     0.03109  0.14488  2.65   76367   11064  355811  1082648  14.18
1990-1994     70-74     0.04936  0.22047  2.58   65303   14398  291689   726837  11.13
1990-1994     75-79     0.07638  0.32108  2.52   50906   16345  213985   435148   8.55
1990-1994     80-84     0.11793  0.45306  2.44   34561   15658  132777   221163   6.40
1990-1994     85-89     0.18146  0.61077  2.32   18903   11545   63625    88387   4.68
1990-1994     90-94     0.27467  0.76438  2.10    7358    5624   20475    24762   3.37
1990-1994     95-99     0.39157  0.87616  1.85    1734    1519    3879     4287   2.47
1990-1994    100-104    0.52039  0.93956  1.60     215     202     388      408   1.90
1990-1994    105-109    0.64751  0.97027  1.39      13      13      19       20   1.54
1990-1994    110+       0.74370  1.00000  1.34       0       0       1        1   1.34
1995-1999        0      0.00537  0.00534  0.14  100000     534   99540  7349487  73.49
1995-1999      1-4      0.00034  0.00135  1.60   99466     134  397540  7249947  72.89
1995-1999      5-9      0.00017  0.00083  2.47   99331      83  496447  6852407  68.99
1995-1999     10-14     0.00020  0.00099  2.90   99249      98  496038  6355960  64.04
1995-1999     15-19     0.00062  0.00311  3.01   99151     308  495140  5859922  59.10
1995-1999     20-24     0.00081  0.00402  2.48   98842     398  493211  5364781  54.28
1995-1999     25-29     0.00098  0.00490  2.52   98445     482  491030  4871571  49.49
1995-1999     30-34     0.00125  0.00623  2.62   97962     610  488360  4380541  44.72
1995-1999     35-39     0.00173  0.00861  2.70   97353     838  484836  3892181  39.98
1995-1999     40-44     0.00287  0.01425  2.65   96514    1375  479336  3407345  35.30
1995-1999     45-49     0.00408  0.02019  2.68   95139    1921  471245  2928009  30.78
1995-1999     50-54     0.00625  0.03079  2.68   93218    2870  459445  2456765  26.35
1995-1999     55-59     0.01028  0.05022  2.68   90348    4537  441234  1997320  22.11
1995-1999     60-64     0.01762  0.08462  2.66   85811    7261  412099  1556085  18.13
1995-1999     65-69     0.02890  0.13527  2.63   78549   10625  367603  1143987  14.56
1995-1999     70-74     0.04597  0.20709  2.61   67924   14066  305996   776383  11.43
1995-1999     75-79     0.07321  0.31004  2.53   53858   16698  228093   470387   8.73
1995-1999     80-84     0.11355  0.44004  2.44   37160   16352  144003   242294   6.52
1995-1999     85-89     0.17765  0.60266  2.33   20808   12540   70591    98291   4.72
1995-1999     90-94     0.27628  0.76645  2.10    8268    6337   22937    27700   3.35
1995-1999     95-99     0.39230  0.87706  1.85    1931    1694    4317     4764   2.47
1995-1999    100-104    0.52475  0.94127  1.59     237     223     426      447   1.88
1995-1999    105-109    0.65486  0.97160  1.38      14      14      21       21   1.52
1995-1999    110+       0.75254  1.00000  1.33       0       0       1        1   1.33
2000-2004        0      0.00507  0.00505  0.14  100000     505   99566  7487382  74.87
2000-2004      1-4      0.00024  0.00097  1.61   99495      96  397751  7387816  74.25
2000-2004      5-9      0.00013  0.00064  2.54   99399      63  496839  6990065  70.32
2000-2004     10-14     0.00018  0.00089  2.78   99336      88  496481  6493226  65.37
2000-2004     15-19     0.00057  0.00283  2.97   99247     281  495665  5996745  60.42
2000-2004     20-24     0.00077  0.00385  2.54   98966     381  493893  5501080  55.59
2000-2004     25-29     0.00076  0.00381  2.55   98585     375  492004  5007186  50.79
2000-2004     30-34     0.00100  0.00496  2.62   98210     487  489888  4515183  45.97
2000-2004     35-39     0.00148  0.00738  2.69   97722     721  486944  4025295  41.19
2000-2004     40-44     0.00237  0.01177  2.69   97001    1142  482361  3538351  36.48
2000-2004     45-49     0.00389  0.01929  2.67   95859    1849  474977  3055990  31.88
2000-2004     50-54     0.00597  0.02944  2.62   94010    2768  463454  2581012  27.45
2000-2004     55-59     0.00929  0.04548  2.69   91242    4150  446635  2117558  23.21
2000-2004     60-64     0.01459  0.07055  2.67   87092    6144  421134  1670923  19.19
2000-2004     65-69     0.02414  0.11431  2.69   80948    9253  383367  1249788  15.44
2000-2004     70-74     0.03972  0.18135  2.61   71695   13002  327346   866421  12.08
2000-2004     75-79     0.06583  0.28398  2.58   58693   16668  253192   539075   9.18
2000-2004     80-84     0.10591  0.41791  2.48   42025   17563  165821   285883   6.80
2000-2004     85-89     0.16782  0.58152  2.36   24463   14225   84766   120063   4.91
2000-2004     90-94     0.26673  0.75438  2.12   10237    7723   28953    35297   3.45
2000-2004     95-99     0.38255  0.87054  1.87    2515    2189    5722     6343   2.52
2000-2004    100-104    0.51742  0.93903  1.61     326     306     591      621   1.91
2000-2004    105-109    0.65091  0.97107  1.39      20      19      30       30   1.53
2000-2004    110+       0.75126  1.00000  1.33       1       1       1        1   1.33
2005-2009        0      0.00427  0.00425  0.14  100000     425   99635  7626191  76.26
2005-2009      1-4      0.00019  0.00077  1.63   99575      77  398118  7526556  75.59
2005-2009      5-9      0.00010  0.00048  2.53   99498      48  497372  7128439  71.64
2005-2009     10-14     0.00012  0.00060  2.93   99450      60  497126  6631067  66.68
2005-2009     15-19     0.00046  0.00232  3.02   99390     231  496494  6133941  61.72
2005-2009     20-24     0.00071  0.00355  2.55   99159     352  494934  5637446  56.85
2005-2009     25-29     0.00072  0.00358  2.56   98808     354  493174  5142512  52.05
2005-2009     30-34     0.00086  0.00429  2.64   98454     423  491271  4649339  47.22
2005-2009     35-39     0.00118  0.00590  2.72   98031     578  488839  4158067  42.42
2005-2009     40-44     0.00197  0.00980  2.69   97453     955  485059  3669229  37.65
2005-2009     45-49     0.00337  0.01671  2.76   96498    1612  478879  3184170  33.00
2005-2009     50-54     0.00584  0.02879  2.66   94885    2732  468046  2705291  28.51
2005-2009     55-59     0.00849  0.04163  2.64   92153    3836  451695  2237244  24.28
2005-2009     60-64     0.01325  0.06425  2.65   88317    5675  428258  1785549  20.22
2005-2009     65-69     0.02041  0.09736  2.63   82643    8046  394130  1357291  16.42
2005-2009     70-74     0.03366  0.15599  2.65   74597   11636  345676   963161  12.91
2005-2009     75-79     0.05683  0.24989  2.59   62961   15733  276841   617485   9.81
2005-2009     80-84     0.09469  0.38359  2.53   47228   18116  191324   340644   7.21
2005-2009     85-89     0.15650  0.55491  2.38   29112   16155  103225   149320   5.13
2005-2009     90-94     0.25595  0.74155  2.16   12957    9608   37540    46096   3.56
2005-2009     95-99     0.37668  0.86713  1.89    3349    2904    7709     8556   2.55
2005-2009    100-104    0.51894  0.94010  1.61     445     418     806      846   1.90
2005-2009    105-109    0.65951  0.97269  1.38      27      26      39       40   1.51
2005-2009    110+       0.76389  1.00000  1.31       1       1       1        1   1.31
2010-2014        0      0.00365  0.00364  0.14  100000     364   99688  7795406  77.95
2010-2014      1-4      0.00017  0.00067  1.51   99636      66  398381  7695718  77.24
2010-2014      5-9      0.00007  0.00035  2.60   99570      35  497767  7297338  73.29
2010-2014     10-14     0.00008  0.00040  2.81   99535      40  497589  6799571  68.31
2010-2014     15-19     0.00028  0.00142  3.09   99496     141  497210  6301981  63.34
2010-2014     20-24     0.00045  0.00224  2.56   99355     223  496231  5804772  58.42
2010-2014     25-29     0.00051  0.00257  2.51   99132     255  495026  5308541  53.55
2010-2014     30-34     0.00066  0.00332  2.57   98877     328  493591  4813515  48.68
2010-2014     35-39     0.00101  0.00505  2.63   98550     497  491569  4319924  43.84
2010-2014     40-44     0.00157  0.00784  2.72   98052     769  488509  3828356  39.04
2010-2014     45-49     0.00269  0.01338  2.70   97283    1302  483420  3339847  34.33
2010-2014     50-54     0.00479  0.02367  2.72   95982    2272  474720  2856427  29.76
2010-2014     55-59     0.00781  0.03832  2.64   93710    3591  460089  2381707  25.42
2010-2014     60-64     0.01165  0.05667  2.63   90119    5107  438503  1921618  21.32
2010-2014     65-69     0.01769  0.08488  2.64   85012    7216  408000  1483115  17.45
2010-2014     70-74     0.02833  0.13273  2.63   77796   10326  364533  1075116  13.82
2010-2014     75-79     0.04803  0.21567  2.64   67470   14551  302955   710583  10.53
2010-2014     80-84     0.08361  0.34706  2.55   52919   18366  219660   407627   7.70
2010-2014     85-89     0.14370  0.52484  2.43   34553   18135  126203   187967   5.44
2010-2014     90-94     0.23690  0.71223  2.20   16418   11693   49360    61765   3.76
2010-2014     95-99     0.36482  0.85882  1.92    4725    4058   11122    12405   2.63
2010-2014    100-104    0.51290  0.93853  1.62     667     626    1221     1282   1.92
2010-2014    105-109    0.66022  0.97303  1.38      41      40      60       62   1.51
2010-2014    110+       0.76906  1.00000  1.30       1       1       1        1   1.30
2015-2019        0      0.00385  0.00384  0.14  100000     384   99671  7906170  79.06
2015-2019      1-4      0.00014  0.00056  1.67   99616      56  398336  7806499  78.37
2015-2019      5-9      0.00007  0.00034  2.33   99561      34  497714  7408163  74.41
2015-2019     10-14     0.00008  0.00039  2.52   99527      39  497539  6910449  69.43
2015-2019     15-19     0.00025  0.00123  2.88   99488     122  497183  6412910  64.46
2015-2019     20-24     0.00041  0.00207  2.59   99366     205  496337  5915727  59.53
2015-2019     25-29     0.00047  0.00237  2.56   99161     235  495233  5419390  54.65
2015-2019     30-34     0.00058  0.00290  2.64   98926     287  493953  4924158  49.78
2015-2019     35-39     0.00082  0.00407  2.62   98639     402  492237  4430204  44.91
2015-2019     40-44     0.00125  0.00623  2.67   98237     612  489759  3937967  40.09
2015-2019     45-49     0.00224  0.01114  2.72   97625    1088  485642  3448208  35.32
2015-2019     50-54     0.00378  0.01872  2.68   96537    1807  478490  2962566  30.69
2015-2019     55-59     0.00664  0.03269  2.70   94730    3096  466529  2484076  26.22
2015-2019     60-64     0.01093  0.05327  2.66   91634    4881  446732  2017547  22.02
2015-2019     65-69     0.01648  0.07932  2.63   86752    6881  417484  1570816  18.11
2015-2019     70-74     0.02536  0.11967  2.65   79871    9558  376857  1153332  14.44
2015-2019     75-79     0.04157  0.18921  2.63   70313   13304  320012   776475  11.04
2015-2019     80-84     0.07541  0.31915  2.59   57009   18195  241268   456463   8.01
2015-2019     85-89     0.13659  0.50773  2.47   38814   19707  144284   215195   5.54
2015-2019     90-94     0.24021  0.72054  2.22   19107   13767   57315    70911   3.71
2015-2019     95-99     0.37691  0.86958  1.90    5340    4643   12319    13596   2.55
2015-2019    100-104    0.53906  0.94777  1.58     696     660    1224     1277   1.83
2015-2019    105-109    0.69541  0.97818  1.33      36      36      51       52   1.43
2015-2019    110+       0.80559  1.00000  1.24       1       1       1        1   1.24
2020-2023        0      0.00336  0.00336  0.14  100000     336   99712  7957664  79.58
2020-2023      1-4      0.00012  0.00048  1.55   99664      48  398539  7857952  78.84
2020-2023      5-9      0.00007  0.00036  2.37   99616      36  497986  7459413  74.88
2020-2023     10-14     0.00008  0.00039  2.82   99580      39  497815  6961426  69.91
2020-2023     15-19     0.00021  0.00107  3.11   99541     107  497503  6463611  64.93
2020-2023     20-24     0.00039  0.00195  2.62   99434     194  496710  5966108  60.00
2020-2023     25-29     0.00044  0.00221  2.51   99240     219  495656  5469398  55.11
2020-2023     30-34     0.00054  0.00270  2.52   99021     268  494444  4973742  50.23
2020-2023     35-39     0.00086  0.00427  2.60   98754     422  492756  4479298  45.36
2020-2023     40-44     0.00124  0.00616  2.74   98332     606  490292  3986542  40.54
2020-2023     45-49     0.00194  0.00967  2.71   97726     945  486465  3496250  35.78
2020-2023     50-54     0.00325  0.01613  2.71   96781    1561  480335  3009785  31.10
2020-2023     55-59     0.00563  0.02781  2.73   95221    2648  470085  2529451  26.56
2020-2023     60-64     0.00980  0.04789  2.68   92572    4434  452586  2059365  22.25
2020-2023     65-69     0.01620  0.07805  2.65   88139    6879  424516  1606779  18.23
2020-2023     70-74     0.02528  0.11922  2.62   81260    9688  383257  1182263  14.55
2020-2023     75-79     0.04096  0.18670  2.63   71572   13362  326191   799005  11.16
2020-2023     80-84     0.07183  0.30607  2.59   58209   17816  248032   472814   8.12
2020-2023     85-89     0.13515  0.50464  2.49   40393   20384  150821   224782   5.56
2020-2023     90-94     0.24048  0.72244  2.24   20009   14455   60110    73961   3.70
2020-2023     95-99     0.38548  0.87649  1.89    5554    4868   12628    13851   2.49
2020-2023    100-104    0.55485  0.95261  1.55     686     653    1178     1223   1.78
2020-2023    105-109    0.71478  0.98055  1.30      33      32      45       45   1.40
2020-2023    110+       0.82417  1.00000  1.21       1       1       1        1   1.21
