Netherlands, Life tables (period 5x5), Males	Last modified: 06 Oct 2023;  Methods Protocol: v6 (2017)

  Year          Age         mx       qx    ax      lx      dx      Lx       Tx     ex
1850-1854        0      0.24651  0.21019  0.30  100000   21019   85269  3830681  38.31
1850-1854      1-4      0.03519  0.12874  1.35   78981   10168  288930  3745413  47.42
1850-1854      5-9      0.00824  0.04027  2.15   68813    2771  336164  3456483  50.23
1850-1854     10-14     0.00442  0.02186  2.39   66042    1443  326436  3120318  47.25
1850-1854     15-19     0.00573  0.02830  2.87   64598    1828  319091  2793882  43.25
1850-1854     20-24     0.00943  0.04608  2.50   62770    2892  306612  2474791  39.43
1850-1854     25-29     0.00934  0.04560  2.43   59878    2730  292373  2168179  36.21
1850-1854     30-34     0.00985  0.04811  2.59   57148    2749  279124  1875806  32.82
1850-1854     35-39     0.01149  0.05590  2.60   54398    3041  264692  1596682  29.35
1850-1854     40-44     0.01358  0.06571  2.57   51357    3375  248579  1331989  25.94
1850-1854     45-49     0.01676  0.08042  2.50   47983    3859  230249  1083410  22.58
1850-1854     50-54     0.02181  0.10355  2.57   44124    4569  209532   853161  19.34
1850-1854     55-59     0.02830  0.13236  2.56   39555    5235  185005   643628  16.27
1850-1854     60-64     0.03820  0.17459  2.54   34319    5992  156843   458623  13.36
1850-1854     65-69     0.05658  0.24802  2.51   28327    7026  124176   301780  10.65
1850-1854     70-74     0.08290  0.34422  2.54   21302    7332   88449   177604   8.34
1850-1854     75-79     0.12052  0.45774  2.37   13969    6394   53057    89155   6.38
1850-1854     80-84     0.17946  0.60388  2.29    7575    4574   25490    36098   4.77
1850-1854     85-89     0.26289  0.74236  2.07    3001    2228    8473    10608   3.54
1850-1854     90-94     0.34680  0.84199  1.95     773     651    1877     2135   2.76
1850-1854     95-99     0.46548  0.91649  1.69     122     112     241      258   2.11
1850-1854    100-104    0.57949  0.95567  1.49      10      10      17       17   1.71
1850-1854    105-109    0.68636  0.97559  1.33       0       0       1        1   1.45
1850-1854    110+       0.76598  1.00000  1.31       0       0       0        0   1.31
1855-1859        0      0.27957  0.23377  0.30  100000   23377   83616  3380382  33.80
1855-1859      1-4      0.04424  0.15853  1.37   76623   12147  274606  3296765  43.03
1855-1859      5-9      0.01160  0.05612  2.14   64476    3618  312042  3022159  46.87
1855-1859     10-14     0.00539  0.02656  2.32   60858    1616  299963  2710117  44.53
1855-1859     15-19     0.00661  0.03259  2.82   59242    1931  292004  2410154  40.68
1855-1859     20-24     0.01074  0.05234  2.54   57311    2999  279161  2118150  36.96
1855-1859     25-29     0.01060  0.05159  2.43   54311    2802  264356  1838990  33.86
1855-1859     30-34     0.01105  0.05378  2.55   51509    2770  250746  1574634  30.57
1855-1859     35-39     0.01350  0.06541  2.62   48739    3188  236121  1323889  27.16
1855-1859     40-44     0.01650  0.07930  2.55   45551    3612  218902  1087768  23.88
1855-1859     45-49     0.02070  0.09852  2.55   41938    4132  199571   868866  20.72
1855-1859     50-54     0.02662  0.12502  2.57   37807    4727  177542   669295  17.70
1855-1859     55-59     0.03235  0.14991  2.55   33080    4959  153271   491753  14.87
1855-1859     60-64     0.04699  0.21063  2.54   28121    5923  126053   338482  12.04
1855-1859     65-69     0.06686  0.28593  2.47   22198    6347   94930   212429   9.57
1855-1859     70-74     0.09742  0.39148  2.49   15851    6205   63695   117499   7.41
1855-1859     75-79     0.14480  0.52467  2.38    9646    5061   34949    53804   5.58
1855-1859     80-84     0.21740  0.67596  2.20    4585    3099   14256    18855   4.11
1855-1859     85-89     0.30367  0.79334  1.99    1486    1179    3881     4600   3.10
1855-1859     90-94     0.41739  0.88489  1.75     307     272     651      718   2.34
1855-1859     95-99     0.51805  0.93748  1.60      35      33      64       67   1.91
1855-1859    100-104    0.62837  0.96617  1.42       2       2       3        4   1.58
1855-1859    105-109    0.72747  0.98057  1.28       0       0       0        0   1.37
1855-1859    110+       0.79941  1.00000  1.25       0       0       0        0   1.25
1860-1864        0      0.25787  0.21840  0.30  100000   21840   84694  3669576  36.70
1860-1864      1-4      0.03972  0.14400  1.40   78160   11255  283345  3584883  45.87
1860-1864      5-9      0.01074  0.05206  2.10   66905    3483  324415  3301538  49.35
1860-1864     10-14     0.00513  0.02529  2.31   63422    1604  312794  2977123  46.94
1860-1864     15-19     0.00618  0.03050  2.75   61818    1885  304844  2664328  43.10
1860-1864     20-24     0.00949  0.04632  2.46   59933    2776  292617  2359485  39.37
1860-1864     25-29     0.00915  0.04473  2.46   57157    2557  279302  2066868  36.16
1860-1864     30-34     0.00920  0.04499  2.52   54600    2456  266897  1787566  32.74
1860-1864     35-39     0.01128  0.05485  2.51   52144    2860  253593  1520669  29.16
1860-1864     40-44     0.01360  0.06584  2.57   49284    3245  238545  1267076  25.71
1860-1864     45-49     0.01722  0.08264  2.55   46039    3805  220886  1028531  22.34
1860-1864     50-54     0.02165  0.10291  2.60   42234    4346  200735   807645  19.12
1860-1864     55-59     0.02878  0.13447  2.56   37888    5095  177015   606910  16.02
1860-1864     60-64     0.04017  0.18314  2.59   32793    6006  149490   429895  13.11
1860-1864     65-69     0.05692  0.24958  2.53   26787    6685  117451   280406  10.47
1860-1864     70-74     0.08636  0.35509  2.50   20102    7138   82652   162954   8.11
1860-1864     75-79     0.12417  0.46719  2.35   12964    6057   48776    80303   6.19
1860-1864     80-84     0.18904  0.62521  2.29    6907    4318   22844    31526   4.56
1860-1864     85-89     0.27821  0.76837  2.09    2589    1989    7150     8682   3.35
1860-1864     90-94     0.37810  0.86503  1.86     600     519    1372     1532   2.55
1860-1864     95-99     0.49846  0.93092  1.64      81      75     151      160   1.98
1860-1864    100-104    0.61742  0.96439  1.44       6       5       9        9   1.61
1860-1864    105-109    0.72468  0.98045  1.28       0       0       0        0   1.38
1860-1864    110+       0.80190  1.00000  1.25       0       0       0        0   1.25
1865-1869        0      0.27448  0.23020  0.30  100000   23020   83866  3645751  36.46
1865-1869      1-4      0.03755  0.13679  1.39   76980   10530  280411  3561884  46.27
1865-1869      5-9      0.01015  0.04930  2.13   66450    3276  322833  3281473  49.38
1865-1869     10-14     0.00537  0.02649  2.36   63174    1674  311453  2958641  46.83
1865-1869     15-19     0.00649  0.03198  2.76   61501    1967  303094  2647188  43.04
1865-1869     20-24     0.00991  0.04831  2.44   59534    2876  290299  2344094  39.37
1865-1869     25-29     0.00917  0.04479  2.46   56657    2538  276841  2053794  36.25
1865-1869     30-34     0.00976  0.04762  2.51   54120    2577  264185  1776954  32.83
1865-1869     35-39     0.01152  0.05603  2.55   51543    2888  250647  1512769  29.35
1865-1869     40-44     0.01360  0.06579  2.54   48655    3201  235403  1262121  25.94
1865-1869     45-49     0.01666  0.08000  2.52   45454    3636  218238  1026719  22.59
1865-1869     50-54     0.02122  0.10084  2.55   41818    4217  198754   808481  19.33
1865-1869     55-59     0.02782  0.13025  2.55   37601    4897  176017   609727  16.22
1865-1869     60-64     0.03873  0.17686  2.55   32703    5784  149347   433710  13.26
1865-1869     65-69     0.05612  0.24644  2.53   26919    6634  118217   284363  10.56
1865-1869     70-74     0.08385  0.34642  2.49   20286    7027   83805   166146   8.19
1865-1869     75-79     0.12383  0.46949  2.43   13258    6225   50266    82341   6.21
1865-1869     80-84     0.19121  0.62609  2.24    7034    4404   23031    32075   4.56
1865-1869     85-89     0.26605  0.75058  2.10    2630    1974    7420     9044   3.44
1865-1869     90-94     0.39350  0.87383  1.82     656     573    1457     1624   2.48
1865-1869     95-99     0.48607  0.92559  1.66      83      77     158      168   2.03
1865-1869    100-104    0.60071  0.96067  1.46       6       6      10       10   1.65
1865-1869    105-109    0.70606  0.97817  1.30       0       0       0        0   1.41
1865-1869    110+       0.78341  1.00000  1.28       0       0       0        0   1.28
1870-1874        0      0.28565  0.23800  0.30  100000   23800   83319  3631145  36.31
1870-1874      1-4      0.03752  0.13667  1.38   76200   10414  277550  3547825  46.56
1870-1874      5-9      0.00989  0.04805  2.09   65785    3161  319721  3270275  49.71
1870-1874     10-14     0.00496  0.02450  2.37   62624    1534  309087  2950554  47.12
1870-1874     15-19     0.00675  0.03324  2.80   61090    2031  300982  2641467  43.24
1870-1874     20-24     0.01040  0.05064  2.43   59059    2990  287617  2340485  39.63
1870-1874     25-29     0.00929  0.04539  2.46   56069    2545  273883  2052868  36.61
1870-1874     30-34     0.00946  0.04620  2.49   53523    2473  261402  1778985  33.24
1870-1874     35-39     0.01054  0.05137  2.52   51051    2622  248755  1517582  29.73
1870-1874     40-44     0.01300  0.06296  2.52   48428    3049  234587  1268828  26.20
1870-1874     45-49     0.01567  0.07541  2.53   45379    3422  218429  1034241  22.79
1870-1874     50-54     0.02023  0.09640  2.57   41957    4045  199941   815812  19.44
1870-1874     55-59     0.02705  0.12698  2.59   37912    4814  177944   615871  16.24
1870-1874     60-64     0.03915  0.17881  2.58   33098    5918  151184   437928  13.23
1870-1874     65-69     0.05495  0.24210  2.54   27180    6580  119741   286743  10.55
1870-1874     70-74     0.08536  0.35135  2.48   20600    7238   84794   167003   8.11
1870-1874     75-79     0.12754  0.47832  2.39   13362    6391   50111    82209   6.15
1870-1874     80-84     0.18666  0.62267  2.33    6971    4340   23253    32099   4.60
1870-1874     85-89     0.27426  0.76219  2.09    2630    2005    7310     8846   3.36
1870-1874     90-94     0.39510  0.87860  1.84     626     550    1391     1536   2.46
1870-1874     95-99     0.51758  0.93848  1.60      76      71     138      145   1.91
1870-1874    100-104    0.64329  0.96950  1.40       5       5       7        7   1.55
1870-1874    105-109    0.75298  0.98347  1.24       0       0       0        0   1.33
1870-1874    110+       0.82923  1.00000  1.21       0       0       0        0   1.21
1875-1879        0      0.26932  0.22655  0.30  100000   22655   84122  3959227  39.59
1875-1879      1-4      0.03033  0.11211  1.29   77345    8671  285855  3875105  50.10
1875-1879      5-9      0.00673  0.03298  2.11   68674    2265  336819  3589250  52.27
1875-1879     10-14     0.00366  0.01812  2.41   66409    1203  328923  3252431  48.98
1875-1879     15-19     0.00565  0.02793  2.84   65205    1821  322085  2923508  44.84
1875-1879     20-24     0.00861  0.04212  2.45   63384    2669  310111  2601423  41.04
1875-1879     25-29     0.00805  0.03945  2.45   60715    2395  297470  2291312  37.74
1875-1879     30-34     0.00833  0.04082  2.53   58319    2381  285720  1993842  34.19
1875-1879     35-39     0.00942  0.04601  2.54   55938    2574  273353  1708121  30.54
1875-1879     40-44     0.01141  0.05552  2.58   53365    2963  259648  1434768  26.89
1875-1879     45-49     0.01421  0.06867  2.57   50402    3461  243582  1175120  23.32
1875-1879     50-54     0.01901  0.09090  2.59   46941    4267  224428   931538  19.84
1875-1879     55-59     0.02530  0.11917  2.57   42674    5085  201036   707110  16.57
1875-1879     60-64     0.03660  0.16810  2.58   37589    6319  172645   506074  13.46
1875-1879     65-69     0.05384  0.23764  2.53   31270    7431  138021   333429  10.66
1875-1879     70-74     0.08282  0.34305  2.50   23839    8178   98742   195408   8.20
1875-1879     75-79     0.12662  0.47761  2.43   15661    7480   59074    96666   6.17
1875-1879     80-84     0.18674  0.62001  2.29    8181    5072   27163    37592   4.59
1875-1879     85-89     0.27753  0.77005  2.11    3109    2394    8626    10429   3.35
1875-1879     90-94     0.38220  0.87091  1.88     715     623    1629     1803   2.52
1875-1879     95-99     0.52363  0.94064  1.59      92      87     166      174   1.89
1875-1879    100-104    0.65041  0.97075  1.39       5       5       8        8   1.53
1875-1879    105-109    0.76004  0.98414  1.24       0       0       0        0   1.31
1875-1879    110+       0.83558  1.00000  1.20       0       0       0        0   1.20
1880-1884        0      0.25860  0.21892  0.30  100000   21892   84657  4084868  40.85
1880-1884      1-4      0.03001  0.11107  1.31   78108    8676  289076  4000211  51.21
1880-1884      5-9      0.00639  0.03135  2.10   69432    2177  340841  3711135  53.45
1880-1884     10-14     0.00337  0.01672  2.44   67255    1125  333402  3370294  50.11
1880-1884     15-19     0.00499  0.02466  2.79   66131    1631  327041  3036892  45.92
1880-1884     20-24     0.00744  0.03653  2.47   64500    2356  316535  2709851  42.01
1880-1884     25-29     0.00733  0.03599  2.48   62144    2237  305086  2393316  38.51
1880-1884     30-34     0.00770  0.03781  2.54   59907    2265  293961  2088230  34.86
1880-1884     35-39     0.00900  0.04403  2.55   57642    2538  282004  1794268  31.13
1880-1884     40-44     0.01099  0.05350  2.56   55104    2948  268317  1512264  27.44
1880-1884     45-49     0.01362  0.06591  2.58   52156    3437  252446  1243947  23.85
1880-1884     50-54     0.01769  0.08485  2.59   48719    4134  233643   991501  20.35
1880-1884     55-59     0.02460  0.11614  2.61   44585    5178  210528   757858  17.00
1880-1884     60-64     0.03413  0.15767  2.59   39406    6213  182044   547330  13.89
1880-1884     65-69     0.05116  0.22749  2.57   33193    7551  147605   365286  11.00
1880-1884     70-74     0.07919  0.33090  2.52   25642    8485  107146   217681   8.49
1880-1884     75-79     0.11826  0.45202  2.39   17157    7755   65578   110535   6.44
1880-1884     80-84     0.17986  0.60679  2.32    9402    5705   31719    44957   4.78
1880-1884     85-89     0.25573  0.74205  2.17    3697    2743   10727    13237   3.58
1880-1884     90-94     0.36604  0.85942  1.91     954     820    2239     2510   2.63
1880-1884     95-99     0.48631  0.92627  1.66     134     124     255      271   2.03
1880-1884    100-104    0.60783  0.96253  1.45      10      10      16       16   1.64
1880-1884    105-109    0.71823  0.97978  1.29       0       0       1        1   1.39
1880-1884    110+       0.79790  1.00000  1.25       0       0       0        0   1.25
1885-1889        0      0.23525  0.20195  0.30  100000   20195   85846  4241056  42.41
1885-1889      1-4      0.02841  0.10562  1.33   79805    8429  296713  4155209  52.07
1885-1889      5-9      0.00637  0.03128  2.07   71376    2233  350329  3858497  54.06
1885-1889     10-14     0.00311  0.01540  2.37   69143    1065  342912  3508168  50.74
1885-1889     15-19     0.00483  0.02389  2.81   68078    1627  336834  3165256  46.49
1885-1889     20-24     0.00722  0.03546  2.46   66452    2356  326276  2828422  42.56
1885-1889     25-29     0.00676  0.03324  2.48   64096    2131  315114  2502146  39.04
1885-1889     30-34     0.00719  0.03533  2.56   61965    2189  304475  2187032  35.29
1885-1889     35-39     0.00878  0.04299  2.56   59776    2570  292617  1882557  31.49
1885-1889     40-44     0.01029  0.05017  2.54   57206    2870  278970  1589941  27.79
1885-1889     45-49     0.01335  0.06466  2.55   54336    3513  263090  1310970  24.13
1885-1889     50-54     0.01663  0.07997  2.59   50823    4064  244333  1047880  20.62
1885-1889     55-59     0.02340  0.11078  2.61   46759    5180  221401   803548  17.19
1885-1889     60-64     0.03391  0.15679  2.60   41579    6519  192263   582146  14.00
1885-1889     65-69     0.05027  0.22403  2.57   35059    7854  156225   389884  11.12
1885-1889     70-74     0.07604  0.32029  2.54   27205    8713  114591   233659   8.59
1885-1889     75-79     0.11901  0.45626  2.44   18492    8437   70894   119068   6.44
1885-1889     80-84     0.17823  0.60061  2.29   10055    6039   33882    48174   4.79
1885-1889     85-89     0.25771  0.74011  2.12    4016    2972   11533    14291   3.56
1885-1889     90-94     0.36458  0.85231  1.88    1044     890    2440     2758   2.64
1885-1889     95-99     0.47615  0.92168  1.68     154     142     298      319   2.07
1885-1889    100-104    0.59459  0.95949  1.47      12      12      19       20   1.67
1885-1889    105-109    0.70381  0.97799  1.31       0       0       1        1   1.42
1885-1889    110+       0.78381  1.00000  1.28       0       0       0        0   1.28
1890-1894        0      0.22248  0.19247  0.30  100000   19247   86511  4376376  43.76
1890-1894      1-4      0.02464  0.09237  1.28   80753    7459  302709  4289866  53.12
1890-1894      5-9      0.00504  0.02485  2.11   73294    1821  361210  3987157  54.40
1890-1894     10-14     0.00292  0.01451  2.48   71473    1037  354747  3625946  50.73
1890-1894     15-19     0.00463  0.02290  2.77   70435    1613  348584  3271199  46.44
1890-1894     20-24     0.00686  0.03371  2.47   68822    2320  338252  2922615  42.47
1890-1894     25-29     0.00660  0.03244  2.47   66502    2157  327045  2584363  38.86
1890-1894     30-34     0.00701  0.03446  2.54   64345    2218  316259  2257318  35.08
1890-1894     35-39     0.00844  0.04134  2.53   62127    2569  304302  1941060  31.24
1890-1894     40-44     0.01029  0.05020  2.57   59559    2990  290537  1636757  27.48
1890-1894     45-49     0.01290  0.06257  2.60   56569    3539  274363  1346220  23.80
1890-1894     50-54     0.01766  0.08465  2.56   53029    4489  254211  1071858  20.21
1890-1894     55-59     0.02364  0.11186  2.60   48540    5430  229668   817647  16.84
1890-1894     60-64     0.03531  0.16269  2.59   43111    7014  198653   587979  13.64
1890-1894     65-69     0.05225  0.23153  2.54   36097    8358  159948   389325  10.79
1890-1894     70-74     0.08103  0.33686  2.50   27739    9344  115315   229377   8.27
1890-1894     75-79     0.12419  0.47116  2.44   18395    8667   69790   114063   6.20
1890-1894     80-84     0.18882  0.62277  2.27    9728    6058   32085    44273   4.55
1890-1894     85-89     0.28051  0.77630  2.12    3670    2849   10156    12188   3.32
1890-1894     90-94     0.39155  0.88106  1.88     821     723    1847     2033   2.48
1890-1894     95-99     0.51996  0.93923  1.60      98      92     176      186   1.90
1890-1894    100-104    0.64456  0.96968  1.40       6       6       9        9   1.54
1890-1894    105-109    0.75324  0.98347  1.24       0       0       0        0   1.33
1890-1894    110+       0.82889  1.00000  1.21       0       0       0        0   1.21
1895-1899        0      0.20453  0.17889  0.30  100000   17889   87463  4719543  47.20
1895-1899      1-4      0.01894  0.07201  1.24   82111    5913  312142  4632080  56.41
1895-1899      5-9      0.00387  0.01912  2.14   76199    1457  376829  4319938  56.69
1895-1899     10-14     0.00241  0.01199  2.51   74742     896  371476  3943109  52.76
1895-1899     15-19     0.00419  0.02077  2.80   73846    1534  365849  3571633  48.37
1895-1899     20-24     0.00612  0.03016  2.49   72312    2181  356076  3205784  44.33
1895-1899     25-29     0.00575  0.02832  2.47   70131    1986  345621  2849708  40.63
1895-1899     30-34     0.00596  0.02935  2.54   68145    2000  335810  2504087  36.75
1895-1899     35-39     0.00701  0.03447  2.57   66145    2280  325197  2168277  32.78
1895-1899     40-44     0.00866  0.04240  2.58   63865    2708  312786  1843079  28.86
1895-1899     45-49     0.01144  0.05567  2.61   61157    3405  297637  1530294  25.02
1895-1899     50-54     0.01514  0.07303  2.59   57752    4217  278597  1232656  21.34
1895-1899     55-59     0.02069  0.09853  2.60   53535    5275  254998   954060  17.82
1895-1899     60-64     0.03087  0.14386  2.63   48260    6942  224858   699061  14.49
1895-1899     65-69     0.04738  0.21263  2.59   41318    8786  185432   474204  11.48
1895-1899     70-74     0.07216  0.30628  2.53   32532    9964  138082   288771   8.88
1895-1899     75-79     0.11222  0.43640  2.45   22568    9849   87759   150690   6.68
1895-1899     80-84     0.16973  0.58449  2.34   12719    7434   43801    62931   4.95
1895-1899     85-89     0.25281  0.73420  2.15    5285    3880   15348    19130   3.62
1895-1899     90-94     0.35666  0.84605  1.89    1405    1188    3332     3781   2.69
1895-1899     95-99     0.47373  0.92097  1.68     216     199     420      449   2.08
1895-1899    100-104    0.59618  0.96005  1.47      17      16      28       28   1.67
1895-1899    105-109    0.70866  0.97868  1.30       1       1       1        1   1.41
1895-1899    110+       0.79038  1.00000  1.27       0       0       0        0   1.27
1900-1904        0      0.18745  0.16568  0.30  100000   16568   88388  4866308  48.66
1900-1904      1-4      0.01858  0.07072  1.26   83432    5900  317544  4777920  57.27
1900-1904      5-9      0.00379  0.01877  2.13   77532    1455  383476  4460376  57.53
1900-1904     10-14     0.00235  0.01170  2.51   76077     890  378167  4076900  53.59
1900-1904     15-19     0.00396  0.01962  2.82   75186    1475  372709  3698733  49.19
1900-1904     20-24     0.00550  0.02712  2.52   73711    1999  363593  3326025  45.12
1900-1904     25-29     0.00524  0.02588  2.49   71712    1856  353899  2962431  41.31
1900-1904     30-34     0.00525  0.02589  2.53   69856    1809  344814  2608532  37.34
1900-1904     35-39     0.00627  0.03089  2.58   68047    2102  335149  2263718  33.27
1900-1904     40-44     0.00818  0.04010  2.59   65945    2644  323356  1928570  29.24
1900-1904     45-49     0.01069  0.05211  2.58   63301    3299  308531  1605214  25.36
1900-1904     50-54     0.01425  0.06892  2.62   60002    4135  290153  1296683  21.61
1900-1904     55-59     0.02021  0.09635  2.59   55867    5383  266374  1006530  18.02
1900-1904     60-64     0.02929  0.13691  2.62   50484    6912  235943   740156  14.66
1900-1904     65-69     0.04560  0.20541  2.59   43572    8950  196254   504213  11.57
1900-1904     70-74     0.07189  0.30520  2.53   34622   10567  146978   307959   8.89
1900-1904     75-79     0.11054  0.43035  2.43   24056   10352   93653   160981   6.69
1900-1904     80-84     0.17092  0.58737  2.34   13703    8049   47092    67328   4.91
1900-1904     85-89     0.25505  0.73536  2.12    5654    4158   16303    20236   3.58
1900-1904     90-94     0.36780  0.87409  2.00    1496    1308    3556     3933   2.63
1900-1904     95-99     0.49215  0.92912  1.65     188     175     356      377   2.00
1900-1904    100-104    0.61945  0.96516  1.43      13      13      21       21   1.61
1900-1904    105-109    0.73327  0.98155  1.27       0       0       1        1   1.36
1900-1904    110+       0.81374  1.00000  1.23       0       0       0        0   1.23
1905-1909        0      0.15576  0.14043  0.30  100000   14043   90158  5202068  52.02
1905-1909      1-4      0.01498  0.05755  1.24   85957    4947  330177  5111910  59.47
1905-1909      5-9      0.00315  0.01559  2.14   81010    1263  401439  4781733  59.03
1905-1909     10-14     0.00195  0.00972  2.48   79747     775  396780  4380294  54.93
1905-1909     15-19     0.00333  0.01655  2.81   78972    1307  391992  3983515  50.44
1905-1909     20-24     0.00470  0.02323  2.47   77665    1805  383768  3591522  46.24
1905-1909     25-29     0.00441  0.02179  2.47   75860    1653  375126  3207755  42.29
1905-1909     30-34     0.00448  0.02215  2.55   74207    1644  367013  2832628  38.17
1905-1909     35-39     0.00542  0.02676  2.57   72563    1942  358098  2465615  33.98
1905-1909     40-44     0.00693  0.03406  2.59   70622    2406  347316  2107517  29.84
1905-1909     45-49     0.00939  0.04592  2.59   68216    3132  333545  1760201  25.80
1905-1909     50-54     0.01296  0.06288  2.62   65084    4092  315683  1426656  21.92
1905-1909     55-59     0.01924  0.09200  2.63   60991    5611  291677  1110973  18.22
1905-1909     60-64     0.02888  0.13511  2.62   55380    7482  259115   819295  14.79
1905-1909     65-69     0.04449  0.20082  2.58   47898    9619  216190   560180  11.70
1905-1909     70-74     0.06924  0.29593  2.55   38279   11328  163600   343989   8.99
1905-1909     75-79     0.11028  0.43066  2.46   26951   11607  105247   180390   6.69
1905-1909     80-84     0.17174  0.58656  2.30   15344    9000   52408    75142   4.90
1905-1909     85-89     0.25519  0.73624  2.13    6344    4671   18302    22735   3.58
1905-1909     90-94     0.36377  0.85588  1.91    1673    1432    3937     4432   2.65
1905-1909     95-99     0.47885  0.92321  1.67     241     223     465      496   2.05
1905-1909    100-104    0.60140  0.96121  1.46      19      18      30       31   1.65
1905-1909    105-109    0.71339  0.97924  1.30       1       1       1        1   1.40
1905-1909    110+       0.79443  1.00000  1.26       0       0       0        0   1.26
1910-1914        0      0.13586  0.12405  0.30  100000   12405   91306  5493527  54.94
1910-1914      1-4      0.01214  0.04698  1.24   87595    4116  339013  5402221  61.67
1910-1914      5-9      0.00262  0.01301  2.17   83479    1086  414319  5063208  60.65
1910-1914     10-14     0.00176  0.00875  2.55   82394     721  410200  4648889  56.42
1910-1914     15-19     0.00295  0.01468  2.78   81673    1199  405700  4238690  51.90
1910-1914     20-24     0.00380  0.01883  2.49   80474    1515  398573  3832990  47.63
1910-1914     25-29     0.00379  0.01875  2.47   78959    1480  391056  3434416  43.50
1910-1914     30-34     0.00394  0.01952  2.54   77478    1512  383665  3043361  39.28
1910-1914     35-39     0.00463  0.02289  2.58   75966    1739  375622  2659696  35.01
1910-1914     40-44     0.00582  0.02872  2.63   74228    2132  366085  2284074  30.77
1910-1914     45-49     0.00813  0.03986  2.60   72096    2874  353573  1917990  26.60
1910-1914     50-54     0.01188  0.05779  2.66   69222    4001  336742  1564416  22.60
1910-1914     55-59     0.01759  0.08447  2.66   65221    5509  313207  1227674  18.82
1910-1914     60-64     0.02651  0.12469  2.62   59712    7445  280806   914468  15.31
1910-1914     65-69     0.04126  0.18783  2.62   52267    9817  237947   633662  12.12
1910-1914     70-74     0.06564  0.28262  2.54   42449   11997  182785   395715   9.32
1910-1914     75-79     0.10274  0.40768  2.47   30452   12415  120832   212930   6.99
1910-1914     80-84     0.15955  0.56002  2.34   18037   10101   63310    92098   5.11
1910-1914     85-89     0.25131  0.73338  2.16    7936    5820   23159    28787   3.63
1910-1914     90-94     0.36023  0.84797  1.88    2116    1794    4981     5629   2.66
1910-1914     95-99     0.48872  0.92812  1.66     322     299     611      648   2.01
1910-1914    100-104    0.62058  0.96558  1.43      23      22      36       37   1.60
1910-1914    105-109    0.73793  0.98211  1.26       1       1       1        1   1.35
1910-1914    110+       0.82004  1.00000  1.22       0       0       0        0   1.22
1915-1919        0      0.11592  0.10721  0.30  100000   10721   92486  5315818  53.16
1915-1919      1-4      0.01540  0.05914  1.29   89279    5280  342810  5223332  58.51
1915-1919      5-9      0.00338  0.01674  2.11   83999    1406  415933  4880521  58.10
1915-1919     10-14     0.00224  0.01114  2.53   82593     920  410687  4464589  54.06
1915-1919     15-19     0.00434  0.02149  2.80   81673    1755  404503  4053902  49.64
1915-1919     20-24     0.00568  0.02800  2.50   79918    2238  393988  3649399  45.66
1915-1919     25-29     0.00564  0.02781  2.47   77680    2160  382943  3255411  41.91
1915-1919     30-34     0.00573  0.02826  2.48   75519    2134  372216  2872468  38.04
1915-1919     35-39     0.00593  0.02922  2.52   73386    2144  361604  2500252  34.07
1915-1919     40-44     0.00691  0.03396  2.58   71242    2420  350348  2138647  30.02
1915-1919     45-49     0.00887  0.04344  2.58   68822    2990  336872  1788299  25.98
1915-1919     50-54     0.01254  0.06091  2.66   65832    4010  319773  1451427  22.05
1915-1919     55-59     0.01838  0.08804  2.62   61822    5443  296159  1131654  18.30
1915-1919     60-64     0.02857  0.13377  2.62   56379    7542  263960   835495  14.82
1915-1919     65-69     0.04403  0.19918  2.61   48837    9727  220943   571535  11.70
1915-1919     70-74     0.06924  0.29634  2.57   39110   11590  167386   350592   8.96
1915-1919     75-79     0.11103  0.43310  2.46   27520   11919  107350   183205   6.66
1915-1919     80-84     0.17201  0.58871  2.32   15601    9185   53397    75855   4.86
1915-1919     85-89     0.26188  0.75033  2.15    6417    4815   18384    22458   3.50
1915-1919     90-94     0.37942  0.86917  1.88    1602    1392    3670     4074   2.54
1915-1919     95-99     0.51163  0.93683  1.62     210     196     384      404   1.93
1915-1919    100-104    0.64315  0.96969  1.40      13      13      20       20   1.55
1915-1919    105-109    0.75730  0.98397  1.24       0       0       1        1   1.32
1915-1919    110+       0.83564  1.00000  1.20       0       0       0        0   1.20
1920-1924        0      0.09031  0.08494  0.30  100000    8494   94047  5970793  59.71
1920-1924      1-4      0.00817  0.03199  1.29   91506    2927  358078  5876746  64.22
1920-1924      5-9      0.00194  0.00967  2.20   88579     856  440493  5518668  62.30
1920-1924     10-14     0.00141  0.00702  2.55   87723     616  437106  5078176  57.89
1920-1924     15-19     0.00254  0.01265  2.78   87106    1102  433085  4641070  53.28
1920-1924     20-24     0.00347  0.01718  2.49   86005    1478  426315  4207985  48.93
1920-1924     25-29     0.00319  0.01582  2.45   84527    1337  419226  3781669  44.74
1920-1924     30-34     0.00330  0.01639  2.52   83190    1363  412573  3362443  40.42
1920-1924     35-39     0.00386  0.01912  2.58   81827    1565  405353  2949870  36.05
1920-1924     40-44     0.00473  0.02337  2.61   80262    1875  396820  2544517  31.70
1920-1924     45-49     0.00661  0.03254  2.62   78386    2551  385860  2147697  27.40
1920-1924     50-54     0.01012  0.04943  2.66   75836    3748  370403  1761837  23.23
1920-1924     55-59     0.01568  0.07560  2.65   72087    5450  347631  1391434  19.30
1920-1924     60-64     0.02439  0.11533  2.65   66638    7685  315121  1043803  15.66
1920-1924     65-69     0.03889  0.17780  2.59   58952   10481  269506   728682  12.36
1920-1924     70-74     0.06248  0.27120  2.57   48471   13145  210393   459176   9.47
1920-1924     75-79     0.10150  0.40453  2.49   35326   14290  140787   248783   7.04
1920-1924     80-84     0.15991  0.56168  2.35   21035   11815   73885   107996   5.13
1920-1924     85-89     0.24776  0.72917  2.18    9220    6723   27135    34112   3.70
1920-1924     90-94     0.33997  0.83423  1.95    2497    2083    6128     6977   2.79
1920-1924     95-99     0.47944  0.92407  1.67     414     383     798      849   2.05
1920-1924    100-104    0.60904  0.96316  1.45      31      30      50       51   1.63
1920-1924    105-109    0.72601  0.98082  1.28       1       1       2        2   1.37
1920-1924    110+       0.80902  1.00000  1.24       0       0       0        0   1.24
1925-1929        0      0.06783  0.06454  0.25  100000    6454   95156  6216298  62.16
1925-1929      1-4      0.00713  0.02800  1.34   93546    2619  367219  6121143  65.43
1925-1929      5-9      0.00196  0.00972  2.22   90927     884  452173  5753923  63.28
1925-1929     10-14     0.00132  0.00658  2.55   90043     593  448763  5301750  58.88
1925-1929     15-19     0.00218  0.01082  2.70   89450     968  445023  4852987  54.25
1925-1929     20-24     0.00278  0.01383  2.49   88482    1223  439345  4407964  49.82
1925-1929     25-29     0.00274  0.01362  2.52   87259    1189  433344  3968620  45.48
1925-1929     30-34     0.00279  0.01384  2.52   86070    1191  427401  3535276  41.07
1925-1929     35-39     0.00330  0.01636  2.57   84879    1389  421021  3107875  36.62
1925-1929     40-44     0.00417  0.02066  2.60   83490    1725  413304  2686854  32.18
1925-1929     45-49     0.00609  0.03001  2.67   81766    2454  403105  2273550  27.81
1925-1929     50-54     0.00932  0.04561  2.66   79312    3618  388083  1870445  23.58
1925-1929     55-59     0.01437  0.06952  2.64   75694    5262  366074  1482362  19.58
1925-1929     60-64     0.02293  0.10881  2.65   70432    7664  334177  1116288  15.85
1925-1929     65-69     0.03756  0.17241  2.62   62768   10822  288125   782111  12.46
1925-1929     70-74     0.06151  0.26756  2.57   51946   13899  225951   493986   9.51
1925-1929     75-79     0.10074  0.40206  2.49   38048   15298  151848   268035   7.04
1925-1929     80-84     0.16072  0.56461  2.37   22750   12845   79924   116188   5.11
1925-1929     85-89     0.24732  0.72592  2.16    9905    7190   29073    36264   3.66
1925-1929     90-94     0.36165  0.84860  1.87    2715    2304    6370     7191   2.65
1925-1929     95-99     0.49316  0.93001  1.65     411     382     775      821   2.00
1925-1929    100-104    0.62634  0.96674  1.42      29      28      44       46   1.59
1925-1929    105-109    0.74399  0.98274  1.26       1       1       1        1   1.34
1925-1929    110+       0.82567  1.00000  1.21       0       0       0        0   1.21
1930-1934        0      0.05433  0.05209  0.21  100000    5209   95862  6472190  64.72
1930-1934      1-4      0.00479  0.01892  1.42   94791    1793  374536  6376328  67.27
1930-1934      5-9      0.00157  0.00780  2.23   92998     725  462981  6001792  64.54
1930-1934     10-14     0.00109  0.00541  2.55   92273     500  460141  5538811  60.03
1930-1934     15-19     0.00178  0.00886  2.72   91774     813  457018  5078670  55.34
1930-1934     20-24     0.00227  0.01131  2.51   90961    1029  452247  4621652  50.81
1930-1934     25-29     0.00224  0.01114  2.50   89932    1002  447153  4169405  46.36
1930-1934     30-34     0.00245  0.01216  2.51   88930    1081  441959  3722252  41.86
1930-1934     35-39     0.00293  0.01456  2.56   87849    1279  436125  3280293  37.34
1930-1934     40-44     0.00377  0.01870  2.64   86570    1619  429029  2844168  32.85
1930-1934     45-49     0.00553  0.02728  2.65   84951    2318  419301  2415139  28.43
1930-1934     50-54     0.00832  0.04079  2.65   82634    3371  405258  1995837  24.15
1930-1934     55-59     0.01350  0.06545  2.66   79263    5188  384184  1590579  20.07
1930-1934     60-64     0.02168  0.10312  2.64   74075    7639  352341  1206396  16.29
1930-1934     65-69     0.03562  0.16415  2.62   66437   10906  306208   854055  12.86
1930-1934     70-74     0.05789  0.25404  2.59   55531   14107  243696   547847   9.87
1930-1934     75-79     0.09492  0.38337  2.49   41424   15881  167306   304151   7.34
1930-1934     80-84     0.15074  0.53917  2.36   25543   13772   91367   136845   5.36
1930-1934     85-89     0.23125  0.70043  2.19   11771    8245   35654    45478   3.86
1930-1934     90-94     0.34364  0.84161  1.97    3526    2968    8636     9824   2.79
1930-1934     95-99     0.46130  0.91596  1.71     559     512    1109     1188   2.13
1930-1934    100-104    0.59106  0.95925  1.48      47      45      76       79   1.68
1930-1934    105-109    0.71037  0.97907  1.30       2       2       3        3   1.40
1930-1934    110+       0.79623  1.00000  1.26       0       0       0        0   1.26
1935-1939        0      0.04346  0.04195  0.17  100000    4195   96518  6632092  66.32
1935-1939      1-4      0.00346  0.01370  1.47   95805    1313  379900  6535573  68.22
1935-1939      5-9      0.00127  0.00635  2.29   94492     600  470835  6155673  65.14
1935-1939     10-14     0.00092  0.00459  2.63   93893     431  468441  5684838  60.55
1935-1939     15-19     0.00147  0.00733  2.73   93461     685  465749  5216397  55.81
1935-1939     20-24     0.00192  0.00956  2.52   92776     887  461682  4750648  51.21
1935-1939     25-29     0.00192  0.00954  2.48   91890     877  457238  4288966  46.68
1935-1939     30-34     0.00222  0.01104  2.61   91013    1005  452656  3831728  42.10
1935-1939     35-39     0.00276  0.01373  2.62   90007    1236  447102  3379072  37.54
1935-1939     40-44     0.00361  0.01790  2.61   88772    1589  440054  2931970  33.03
1935-1939     45-49     0.00526  0.02598  2.63   87182    2265  430533  2491916  28.58
1935-1939     50-54     0.00820  0.04022  2.67   84917    3415  416631  2061383  24.28
1935-1939     55-59     0.01305  0.06333  2.68   81501    5162  395538  1644751  20.18
1935-1939     60-64     0.02090  0.09963  2.67   76340    7606  363947  1249213  16.36
1935-1939     65-69     0.03487  0.16104  2.63   68734   11069  317401   885266  12.88
1935-1939     70-74     0.05750  0.25249  2.59   57665   14560  253210   567865   9.85
1935-1939     75-79     0.09482  0.38362  2.51   43105   16536  174385   314655   7.30
1935-1939     80-84     0.15375  0.54782  2.38   26569   14555   94665   140271   5.28
1935-1939     85-89     0.23541  0.70518  2.16   12014    8472   35988    45606   3.80
1935-1939     90-94     0.35334  0.85160  1.96    3542    3016    8536     9618   2.72
1935-1939     95-99     0.47786  0.92370  1.68     526     486    1016     1081   2.06
1935-1939    100-104    0.61105  0.96374  1.45      40      39      63       65   1.63
1935-1939    105-109    0.73072  0.98140  1.27       1       1       2        2   1.37
1935-1939    110+       0.81490  1.00000  1.23       0       0       0        0   1.23
1940-1944        0      0.04930  0.04741  0.19  100000    4741   96155  6258970  62.59
1940-1944      1-4      0.00489  0.01934  1.61   95259    1843  376626  6162815  64.70
1940-1944      5-9      0.00207  0.01027  2.23   93416     960  464426  5786189  61.94
1940-1944     10-14     0.00151  0.00752  2.54   92457     695  460574  5321763  57.56
1940-1944     15-19     0.00274  0.01361  2.87   91762    1249  456149  4861189  52.98
1940-1944     20-24     0.00452  0.02233  2.41   90513    2021  447321  4405040  48.67
1940-1944     25-29     0.00388  0.01923  2.47   88492    1701  438161  3957718  44.72
1940-1944     30-34     0.00378  0.01873  2.51   86791    1626  429899  3519558  40.55
1940-1944     35-39     0.00415  0.02054  2.57   85165    1750  421567  3089659  36.28
1940-1944     40-44     0.00504  0.02491  2.60   83415    2078  412089  2668092  31.99
1940-1944     45-49     0.00693  0.03409  2.57   81337    2773  399956  2256003  27.74
1940-1944     50-54     0.00964  0.04710  2.62   78565    3700  384032  1856047  23.62
1940-1944     55-59     0.01424  0.06889  2.63   74864    5157  362124  1472016  19.66
1940-1944     60-64     0.02209  0.10496  2.63   69707    7316  331200  1109892  15.92
1940-1944     65-69     0.03584  0.16517  2.63   62391   10305  287556   778692  12.48
1940-1944     70-74     0.05972  0.26115  2.60   52086   13602  227755   491136   9.43
1940-1944     75-79     0.10224  0.40698  2.50   38484   15662  153188   263381   6.84
1940-1944     80-84     0.17157  0.58938  2.35   22822   13451   78400   110193   4.83
1940-1944     85-89     0.26907  0.76006  2.14    9371    7123   26471    31793   3.39
1940-1944     90-94     0.41056  0.89125  1.83    2248    2004    4881     5322   2.37
1940-1944     95-99     0.54821  0.94929  1.56     245     232     423      441   1.81
1940-1944    100-104    0.68772  0.97673  1.33      12      12      18       18   1.45
1940-1944    105-109    0.80123  0.98760  1.19       0       0       0        0   1.25
1940-1944    110+       0.87405  1.00000  1.14       0       0       0        0   1.14
1945-1949        0      0.04685  0.04512  0.18  100000    4512   96305  6424046  64.24
1945-1949      1-4      0.00369  0.01465  1.63   95488    1399  378638  6327740  66.27
1945-1949      5-9      0.00151  0.00750  2.24   94090     706  468502  5949103  63.23
1945-1949     10-14     0.00115  0.00574  2.61   93384     536  465639  5480601  58.69
1945-1949     15-19     0.00221  0.01100  2.95   92848    1022  462141  5014962  54.01
1945-1949     20-24     0.00520  0.02564  2.42   91826    2354  453059  4552822  49.58
1945-1949     25-29     0.00352  0.01746  2.41   89472    1563  443319  4099763  45.82
1945-1949     30-34     0.00334  0.01658  2.47   87909    1457  435864  3656444  41.59
1945-1949     35-39     0.00364  0.01803  2.54   86452    1558  428421  3220580  37.25
1945-1949     40-44     0.00463  0.02288  2.60   84894    1943  419805  2792160  32.89
1945-1949     45-49     0.00632  0.03111  2.61   82951    2580  408583  2372355  28.60
1945-1949     50-54     0.00905  0.04429  2.63   80371    3559  393418  1963772  24.43
1945-1949     55-59     0.01317  0.06385  2.63   76811    4904  372432  1570354  20.44
1945-1949     60-64     0.02068  0.09858  2.63   71907    7089  342761  1197922  16.66
1945-1949     65-69     0.03335  0.15450  2.63   64818   10015  300333   855161  13.19
1945-1949     70-74     0.05471  0.24186  2.60   54804   13255  242258   554828  10.12
1945-1949     75-79     0.09083  0.37063  2.52   41549   15399  169547   312570   7.52
1945-1949     80-84     0.14719  0.53241  2.40   26150   13922   94585   143023   5.47
1945-1949     85-89     0.22453  0.69167  2.22   12227    8457   37666    48438   3.96
1945-1949     90-94     0.33372  0.83222  1.99    3770    3137    9402    10772   2.86
1945-1949     95-99     0.45240  0.91168  1.73     633     577    1275     1370   2.17
1945-1949    100-104    0.58221  0.95719  1.49      56      53      92       95   1.70
1945-1949    105-109    0.70265  0.97814  1.31       2       2       3        3   1.42
1945-1949    110+       0.78989  1.00000  1.27       0       0       0        0   1.27
1950-1954        0      0.02690  0.02627  0.12  100000    2627   97678  7058001  70.58
1950-1954      1-4      0.00203  0.00808  1.50   97373     786  387529  6960323  71.48
1950-1954      5-9      0.00077  0.00383  2.21   96586     370  481902  6572794  68.05
1950-1954     10-14     0.00055  0.00276  2.59   96217     266  480444  6090892  63.30
1950-1954     15-19     0.00078  0.00387  2.63   95951     372  478874  5610448  58.47
1950-1954     20-24     0.00107  0.00534  2.61   95579     511  476678  5131574  53.69
1950-1954     25-29     0.00119  0.00594  2.49   95069     564  473927  4654896  48.96
1950-1954     30-34     0.00129  0.00645  2.60   94504     610  471056  4180970  44.24
1950-1954     35-39     0.00170  0.00846  2.66   93895     795  467610  3709914  39.51
1950-1954     40-44     0.00259  0.01288  2.68   93100    1199  462719  3242304  34.83
1950-1954     45-49     0.00417  0.02065  2.69   91901    1898  455114  2779585  30.25
1950-1954     50-54     0.00705  0.03467  2.67   90003    3120  442732  2324472  25.83
1950-1954     55-59     0.01118  0.05449  2.66   86883    4734  423334  1881740  21.66
1950-1954     60-64     0.01740  0.08356  2.65   82148    6864  394579  1458405  17.75
1950-1954     65-69     0.02823  0.13239  2.65   75284    9966  353003  1063826  14.13
1950-1954     70-74     0.04653  0.20943  2.62   65317   13679  293972   710823  10.88
1950-1954     75-79     0.07953  0.33289  2.55   51638   17190  216130   416851   8.07
1950-1954     80-84     0.13226  0.49387  2.44   34448   17013  128637   200721   5.83
1950-1954     85-89     0.21208  0.67135  2.27   17435   11705   55193    72085   4.13
1950-1954     90-94     0.32006  0.81834  2.01    5730    4689   14651    16892   2.95
1950-1954     95-99     0.45481  0.91384  1.73    1041     951    2091     2241   2.15
1950-1954    100-104    0.59514  0.96070  1.48      90      86     145      150   1.67
1950-1954    105-109    0.72288  0.98072  1.29       4       3       5        5   1.38
1950-1954    110+       0.81262  1.00000  1.23       0       0       0        0   1.23
1955-1959        0      0.02132  0.02092  0.11  100000    2092   98132  7120489  71.20
1955-1959      1-4      0.00161  0.00641  1.53   97908     628  390085  7022358  71.72
1955-1959      5-9      0.00066  0.00332  2.32   97280     323  485536  6632273  68.18
1955-1959     10-14     0.00047  0.00236  2.59   96958     229  484238  6146737  63.40
1955-1959     15-19     0.00075  0.00373  2.70   96729     361  482816  5662499  58.54
1955-1959     20-24     0.00098  0.00491  2.53   96369     473  480676  5179683  53.75
1955-1959     25-29     0.00098  0.00491  2.50   95896     470  478300  4699007  49.00
1955-1959     30-34     0.00115  0.00575  2.54   95425     549  475775  4220707  44.23
1955-1959     35-39     0.00149  0.00744  2.68   94876     706  472745  3744933  39.47
1955-1959     40-44     0.00244  0.01212  2.72   94170    1142  468247  3272188  34.75
1955-1959     45-49     0.00405  0.02008  2.68   93029    1868  460813  2803941  30.14
1955-1959     50-54     0.00702  0.03456  2.70   91161    3150  448570  2343128  25.70
1955-1959     55-59     0.01166  0.05678  2.69   88010    4997  428485  1894558  21.53
1955-1959     60-64     0.01859  0.08904  2.63   83013    7391  397538  1466073  17.66
1955-1959     65-69     0.02848  0.13335  2.62   75622   10085  354125  1068535  14.13
1955-1959     70-74     0.04700  0.21143  2.63   65537   13856  294791   714410  10.90
1955-1959     75-79     0.07858  0.32935  2.54   51681   17021  216599   419619   8.12
1955-1959     80-84     0.13044  0.48932  2.45   34660   16960  130020   203020   5.86
1955-1959     85-89     0.21284  0.67219  2.26   17700   11898   55900    73000   4.12
1955-1959     90-94     0.31962  0.81888  2.02    5802    4751   14866    17100   2.95
1955-1959     95-99     0.46095  0.91704  1.72    1051     964    2091     2234   2.13
1955-1959    100-104    0.60428  0.96281  1.46      87      84     139      143   1.64
1955-1959    105-109    0.73317  0.98186  1.27       3       3       4        4   1.36
1955-1959    110+       0.82245  1.00000  1.22       0       0       0        0   1.22
1960-1964        0      0.01826  0.01797  0.11  100000    1797   98406  7121943  71.22
1960-1964      1-4      0.00133  0.00531  1.65   98203     522  391585  7023537  71.52
1960-1964      5-9      0.00062  0.00310  2.24   97682     303  487571  6631952  67.89
1960-1964     10-14     0.00043  0.00215  2.56   97378     209  486382  6144381  63.10
1960-1964     15-19     0.00076  0.00380  2.80   97169     369  485037  5657998  58.23
1960-1964     20-24     0.00102  0.00507  2.50   96801     491  482776  5172961  53.44
1960-1964     25-29     0.00103  0.00512  2.46   96310     493  480293  4690186  48.70
1960-1964     30-34     0.00111  0.00554  2.58   95816     531  477798  4209893  43.94
1960-1964     35-39     0.00154  0.00770  2.65   95286     733  474703  3732094  39.17
1960-1964     40-44     0.00243  0.01208  2.71   94552    1142  470141  3257391  34.45
1960-1964     45-49     0.00428  0.02120  2.72   93410    1980  462541  2787250  29.84
1960-1964     50-54     0.00735  0.03616  2.72   91430    3306  449605  2324709  25.43
1960-1964     55-59     0.01255  0.06099  2.68   88124    5374  428129  1875104  21.28
1960-1964     60-64     0.02016  0.09624  2.64   82750    7964  394987  1446975  17.49
1960-1964     65-69     0.03137  0.14586  2.60   74786   10908  347730  1051988  14.07
1960-1964     70-74     0.04701  0.21114  2.59   63878   13487  286916   704258  11.03
1960-1964     75-79     0.07687  0.32353  2.55   50391   16303  212071   417342   8.28
1960-1964     80-84     0.12670  0.47845  2.44   34088   16309  128721   205271   6.02
1960-1964     85-89     0.20072  0.64896  2.28   17778   11537   57481    76551   4.31
1960-1964     90-94     0.30778  0.80825  2.06    6241    5044   16389    19070   3.06
1960-1964     95-99     0.43575  0.90392  1.76    1197    1082    2482     2681   2.24
1960-1964    100-104    0.57400  0.95565  1.51     115     110     191      199   1.73
1960-1964    105-109    0.70289  0.97839  1.31       5       5       7        7   1.42
1960-1964    110+       0.79539  1.00000  1.26       0       0       0        0   1.26
1965-1969        0      0.01544  0.01523  0.12  100000    1523   98657  7103999  71.04
1965-1969      1-4      0.00114  0.00456  1.67   98477     449  392860  7005341  71.14
1965-1969      5-9      0.00058  0.00290  2.31   98028     284  489376  6612481  67.45
1965-1969     10-14     0.00044  0.00218  2.52   97744     213  488191  6123105  62.64
1965-1969     15-19     0.00090  0.00450  2.76   97531     439  486670  5634913  57.78
1965-1969     20-24     0.00104  0.00519  2.45   97091     504  484173  5148243  53.02
1965-1969     25-29     0.00097  0.00482  2.51   96588     466  481780  4664071  48.29
1965-1969     30-34     0.00112  0.00557  2.60   96122     536  479323  4182291  43.51
1965-1969     35-39     0.00160  0.00798  2.68   95586     763  476164  3702967  38.74
1965-1969     40-44     0.00261  0.01299  2.68   94823    1232  471258  3226803  34.03
1965-1969     45-49     0.00443  0.02195  2.73   93592    2054  463291  2755546  29.44
1965-1969     50-54     0.00776  0.03814  2.71   91538    3491  449710  2292255  25.04
1965-1969     55-59     0.01310  0.06360  2.69   88046    5599  427312  1842545  20.93
1965-1969     60-64     0.02143  0.10198  2.64   82447    8408  392372  1415232  17.17
1965-1969     65-69     0.03349  0.15501  2.60   74039   11477  342689  1022860  13.82
1965-1969     70-74     0.05140  0.22844  2.57   62563   14292  278036   680172  10.87
1965-1969     75-79     0.07852  0.32842  2.51   48271   15853  201896   402136   8.33
1965-1969     80-84     0.12266  0.46692  2.44   32418   15136  123400   200240   6.18
1965-1969     85-89     0.19355  0.63360  2.28   17281   10949   56571    76840   4.45
1965-1969     90-94     0.29198  0.78877  2.09    6332    4994   17105    20269   3.20
1965-1969     95-99     0.41094  0.88905  1.81    1337    1189    2894     3164   2.37
1965-1969    100-104    0.54300  0.94688  1.56     148     141     259      270   1.82
1965-1969    105-109    0.67037  0.97391  1.36       8       8      11       12   1.49
1965-1969    110+       0.76488  1.00000  1.31       0       0       0        0   1.31
1970-1974        0      0.01279  0.01265  0.12  100000    1265   98892  7113547  71.14
1970-1974      1-4      0.00100  0.00401  1.65   98735     396  394012  7014656  71.05
1970-1974      5-9      0.00052  0.00257  2.36   98339     253  491028  6620644  67.32
1970-1974     10-14     0.00041  0.00203  2.56   98086     199  489948  6129616  62.49
1970-1974     15-19     0.00103  0.00512  2.78   97888     501  488324  5639668  57.61
1970-1974     20-24     0.00107  0.00534  2.38   97387     520  485573  5151344  52.90
1970-1974     25-29     0.00090  0.00448  2.51   96867     434  483256  4665771  48.17
1970-1974     30-34     0.00106  0.00529  2.58   96433     510  480931  4182515  43.37
1970-1974     35-39     0.00153  0.00762  2.68   95923     730  477920  3701584  38.59
1970-1974     40-44     0.00256  0.01275  2.74   95192    1214  473213  3223664  33.86
1970-1974     45-49     0.00444  0.02199  2.70   93979    2067  465138  2750452  29.27
1970-1974     50-54     0.00772  0.03794  2.72   91912    3487  451605  2285314  24.86
1970-1974     55-59     0.01320  0.06401  2.66   88425    5660  428864  1833709  20.74
1970-1974     60-64     0.02175  0.10349  2.65   82765    8565  393729  1404845  16.97
1970-1974     65-69     0.03480  0.16063  2.61   74200   11919  342458  1011116  13.63
1970-1974     70-74     0.05335  0.23616  2.57   62281   14708  275708   668658  10.74
1970-1974     75-79     0.08168  0.33901  2.49   47573   16128  197452   392950   8.26
1970-1974     80-84     0.12251  0.46573  2.43   31445   14645  119542   195498   6.22
1970-1974     85-89     0.19079  0.62829  2.28   16800   10555   55325    75956   4.52
1970-1974     90-94     0.28098  0.77377  2.10    6245    4832   17197    20631   3.30
1970-1974     95-99     0.39918  0.88113  1.83    1413    1245    3118     3434   2.43
1970-1974    100-104    0.52688  0.94161  1.59     168     158     300      315   1.88
1970-1974    105-109    0.65211  0.97097  1.38      10      10      15       15   1.53
1970-1974    110+       0.74663  1.00000  1.34       0       0       0        0   1.34
1975-1979        0      0.01075  0.01065  0.13  100000    1065   99071  7188725  71.89
1975-1979      1-4      0.00079  0.00314  1.58   98935     311  394986  7089654  71.66
1975-1979      5-9      0.00038  0.00191  2.38   98624     188  492626  6694668  67.88
1975-1979     10-14     0.00034  0.00168  2.64   98436     165  491789  6202042  63.01
1975-1979     15-19     0.00084  0.00421  2.84   98270     414  490460  5710254  58.11
1975-1979     20-24     0.00095  0.00473  2.41   97857     463  488081  5219793  53.34
1975-1979     25-29     0.00082  0.00408  2.49   97393     397  485969  4731712  48.58
1975-1979     30-34     0.00094  0.00470  2.61   96996     456  483893  4245743  43.77
1975-1979     35-39     0.00136  0.00680  2.68   96540     656  481177  3761850  38.97
1975-1979     40-44     0.00232  0.01153  2.74   95884    1106  476917  3280673  34.22
1975-1979     45-49     0.00428  0.02119  2.69   94778    2008  469244  2803756  29.58
1975-1979     50-54     0.00718  0.03534  2.71   92769    3279  456334  2334512  25.16
1975-1979     55-59     0.01220  0.05932  2.69   89491    5309  435179  1878179  20.99
1975-1979     60-64     0.02074  0.09890  2.65   84182    8325  401332  1443000  17.14
1975-1979     65-69     0.03402  0.15737  2.63   75856   11937  350941  1041668  13.73
1975-1979     70-74     0.05351  0.23667  2.56   63919   15128  282699   690727  10.81
1975-1979     75-79     0.08085  0.33632  2.50   48791   16410  202970   408029   8.36
1975-1979     80-84     0.12119  0.46125  2.41   32382   14936  123244   205059   6.33
1975-1979     85-89     0.18112  0.60786  2.30   17446   10604   58549    81814   4.69
1975-1979     90-94     0.27306  0.76339  2.11    6841    5222   19126    23266   3.40
1975-1979     95-99     0.37777  0.86547  1.87    1619    1401    3708     4139   2.56
1975-1979    100-104    0.49825  0.93104  1.64     218     203     407      431   1.98
1975-1979    105-109    0.61965  0.96495  1.43      15      14      23       24   1.61
1975-1979    110+       0.71370  1.00000  1.40       1       1       1        1   1.40
1980-1984        0      0.00948  0.00941  0.13  100000     941   99182  7275253  72.75
1980-1984      1-4      0.00055  0.00221  1.64   99059     219  395720  7176071  72.44
1980-1984      5-9      0.00030  0.00149  2.27   98840     147  493798  6780351  68.60
1980-1984     10-14     0.00028  0.00139  2.62   98693     138  493137  6286553  63.70
1980-1984     15-19     0.00064  0.00322  2.85   98555     317  492095  5793416  58.78
1980-1984     20-24     0.00083  0.00417  2.44   98238     409  490143  5301321  53.96
1980-1984     25-29     0.00081  0.00406  2.53   97829     397  488165  4811178  49.18
1980-1984     30-34     0.00089  0.00444  2.54   97432     432  486095  4323013  44.37
1980-1984     35-39     0.00131  0.00653  2.66   97000     633  483518  3836918  39.56
1980-1984     40-44     0.00206  0.01027  2.71   96367     990  479565  3353400  34.80
1980-1984     45-49     0.00372  0.01843  2.71   95377    1758  472858  2873836  30.13
1980-1984     50-54     0.00661  0.03253  2.69   93619    3046  461062  2400977  25.65
1980-1984     55-59     0.01128  0.05498  2.68   90574    4979  441296  1939915  21.42
1980-1984     60-64     0.01912  0.09152  2.66   85594    7834  409677  1498619  17.51
1980-1984     65-69     0.03173  0.14758  2.63   77761   11476  361622  1088942  14.00
1980-1984     70-74     0.05124  0.22808  2.59   66285   15118  295033   727320  10.97
1980-1984     75-79     0.07991  0.33303  2.50   51167   17040  213229   432288   8.45
1980-1984     80-84     0.11905  0.45513  2.41   34127   15532  130468   219059   6.42
1980-1984     85-89     0.17920  0.60285  2.29   18595   11210   62554    88591   4.76
1980-1984     90-94     0.26149  0.74858  2.14    7385    5528   21141    26037   3.53
1980-1984     95-99     0.36531  0.85553  1.89    1857    1588    4348     4896   2.64
1980-1984    100-104    0.48170  0.92412  1.67     268     248     515      548   2.04
1980-1984    105-109    0.60069  0.96088  1.46      20      20      33       34   1.66
1980-1984    110+       0.69408  1.00000  1.44       1       1       1        1   1.44
1985-1989        0      0.00844  0.00837  0.13  100000     837   99274  7339911  73.40
1985-1989      1-4      0.00046  0.00184  1.60   99163     182  396212  7240637  73.02
1985-1989      5-9      0.00022  0.00110  2.36   98980     109  494613  6844425  69.15
1985-1989     10-14     0.00022  0.00108  2.63   98871     107  494101  6349812  64.22
1985-1989     15-19     0.00055  0.00274  2.82   98764     271  493230  5855711  59.29
1985-1989     20-24     0.00075  0.00377  2.51   98493     371  491541  5362481  54.45
1985-1989     25-29     0.00074  0.00368  2.54   98122     361  489723  4870940  49.64
1985-1989     30-34     0.00087  0.00432  2.62   97761     423  487800  4381217  44.82
1985-1989     35-39     0.00121  0.00604  2.61   97338     588  485289  3893417  40.00
1985-1989     40-44     0.00200  0.00997  2.74   96751     965  481573  3408128  35.23
1985-1989     45-49     0.00333  0.01654  2.72   95786    1584  475320  2926555  30.55
1985-1989     50-54     0.00604  0.02978  2.75   94202    2805  464689  2451235  26.02
1985-1989     55-59     0.01063  0.05187  2.71   91397    4741  446105  1986545  21.74
1985-1989     60-64     0.01796  0.08623  2.68   86656    7472  415925  1540441  17.78
1985-1989     65-69     0.03019  0.14092  2.65   79184   11159  369657  1124516  14.20
1985-1989     70-74     0.04861  0.21763  2.60   68025   14804  304564   754858  11.10
1985-1989     75-79     0.07851  0.32880  2.53   53221   17499  222898   450294   8.46
1985-1989     80-84     0.12030  0.45972  2.44   35721   16422  136507   227396   6.37
1985-1989     85-89     0.18129  0.60740  2.28   19300   11723   64662    90889   4.71
1985-1989     90-94     0.26680  0.75299  2.11    7577    5706   21385    26228   3.46
1985-1989     95-99     0.37301  0.86176  1.88    1872    1613    4324     4842   2.59
1985-1989    100-104    0.49199  0.92850  1.65     259     240     488      518   2.00
1985-1989    105-109    0.61254  0.96347  1.44      19      18      29       30   1.62
1985-1989    110+       0.70639  1.00000  1.42       1       1       1        1   1.42
1990-1994        0      0.00725  0.00721  0.13  100000     721   99376  7414886  74.15
1990-1994      1-4      0.00040  0.00160  1.53   99279     159  396724  7315509  73.69
1990-1994      5-9      0.00019  0.00097  2.30   99120      96  495340  6918785  69.80
1990-1994     10-14     0.00020  0.00101  2.72   99024     100  494892  6423445  64.87
1990-1994     15-19     0.00052  0.00260  2.79   98924     258  494050  5928553  59.93
1990-1994     20-24     0.00069  0.00345  2.50   98666     341  492481  5434503  55.08
1990-1994     25-29     0.00075  0.00372  2.55   98326     366  490733  4942022  50.26
1990-1994     30-34     0.00093  0.00464  2.62   97960     454  488721  4451288  45.44
1990-1994     35-39     0.00125  0.00623  2.63   97506     607  486087  3962567  40.64
1990-1994     40-44     0.00191  0.00950  2.70   96898     920  482378  3476480  35.88
1990-1994     45-49     0.00314  0.01557  2.70   95978    1494  476455  2994102  31.20
1990-1994     50-54     0.00525  0.02593  2.70   94484    2450  466780  2517647  26.65
1990-1994     55-59     0.00934  0.04574  2.71   92034    4210  450515  2050867  22.28
1990-1994     60-64     0.01630  0.07854  2.69   87824    6898  423165  1600352  18.22
1990-1994     65-69     0.02744  0.12892  2.66   80926   10433  380214  1177188  14.55
1990-1994     70-74     0.04581  0.20648  2.62   70493   14555  317757   796973  11.31
1990-1994     75-79     0.07491  0.31633  2.54   55938   17695  236232   479216   8.57
1990-1994     80-84     0.11868  0.45520  2.44   38243   17408  146675   242984   6.35
1990-1994     85-89     0.18453  0.61535  2.29   20835   12821   69479    96309   4.62
1990-1994     90-94     0.27689  0.76853  2.11    8014    6159   22245    26830   3.35
1990-1994     95-99     0.39178  0.87620  1.85    1855    1625    4149     4585   2.47
1990-1994    100-104    0.51962  0.93924  1.60     230     216     415      437   1.90
1990-1994    105-109    0.64588  0.96997  1.39      14      14      21       22   1.54
1990-1994    110+       0.74160  1.00000  1.35       0       0       1        1   1.35
1995-1999        0      0.00591  0.00588  0.14  100000     588   99493  7498834  74.99
1995-1999      1-4      0.00034  0.00134  1.63   99412     134  397330  7399341  74.43
1995-1999      5-9      0.00017  0.00084  2.28   99278      84  496164  7002011  70.53
1995-1999     10-14     0.00018  0.00089  2.85   99195      88  495784  6505847  65.59
1995-1999     15-19     0.00049  0.00247  2.81   99107     245  494997  6010063  60.64
1995-1999     20-24     0.00067  0.00337  2.53   98862     333  493486  5515066  55.79
1995-1999     25-29     0.00068  0.00341  2.47   98529     336  491795  5021580  50.97
1995-1999     30-34     0.00083  0.00414  2.61   98193     406  489992  4529785  46.13
1995-1999     35-39     0.00114  0.00566  2.67   97786     554  487642  4039793  41.31
1995-1999     40-44     0.00182  0.00907  2.71   97232     882  484144  3552151  36.53
1995-1999     45-49     0.00295  0.01467  2.71   96351    1413  478520  3068007  31.84
1995-1999     50-54     0.00489  0.02416  2.70   94938    2293  469405  2589488  27.28
1995-1999     55-59     0.00817  0.04009  2.69   92644    3714  454647  2120083  22.88
1995-1999     60-64     0.01462  0.07073  2.70   88931    6290  430193  1665435  18.73
1995-1999     65-69     0.02533  0.11955  2.65   82640    9879  390003  1235242  14.95
1995-1999     70-74     0.04230  0.19227  2.63   72761   13990  330715   845239  11.62
1995-1999     75-79     0.07060  0.30116  2.56   58771   17700  250719   514525   8.75
1995-1999     80-84     0.11592  0.44773  2.46   41071   18389  158638   263806   6.42
1995-1999     85-89     0.18306  0.61413  2.32   22682   13930   76093   105168   4.64
1995-1999     90-94     0.27841  0.76828  2.08    8752    6724   24152    29075   3.32
1995-1999     95-99     0.39946  0.88190  1.83    2028    1789    4478     4922   2.43
1995-1999    100-104    0.53269  0.94384  1.58     240     226     424      445   1.86
1995-1999    105-109    0.66252  0.97280  1.37      13      13      20       20   1.50
1995-1999    110+       0.75935  1.00000  1.32       0       0       0        0   1.32
2000-2004        0      0.00543  0.00540  0.14  100000     540   99534  7609194  76.09
2000-2004      1-4      0.00029  0.00115  1.61   99460     114  397565  7509660  75.50
2000-2004      5-9      0.00014  0.00072  2.34   99346      71  496538  7112094  71.59
2000-2004     10-14     0.00017  0.00084  2.67   99274      83  496179  6615556  66.64
2000-2004     15-19     0.00045  0.00226  2.91   99191     224  495488  6119377  61.69
2000-2004     20-24     0.00060  0.00299  2.51   98967     296  494100  5623889  56.83
2000-2004     25-29     0.00060  0.00301  2.56   98671     297  492631  5129790  51.99
2000-2004     30-34     0.00074  0.00368  2.58   98374     362  490996  4637159  47.14
2000-2004     35-39     0.00101  0.00503  2.68   98013     493  488920  4146162  42.30
2000-2004     40-44     0.00166  0.00827  2.73   97519     806  485769  3657242  37.50
2000-2004     45-49     0.00276  0.01370  2.69   96713    1325  480501  3171474  32.79
2000-2004     50-54     0.00454  0.02247  2.68   95388    2144  471957  2690972  28.21
2000-2004     55-59     0.00755  0.03708  2.68   93244    3458  458201  2219015  23.80
2000-2004     60-64     0.01242  0.06035  2.69   89786    5419  436415  1760814  19.61
2000-2004     65-69     0.02158  0.10275  2.68   84367    8669  401718  1324399  15.70
2000-2004     70-74     0.03744  0.17204  2.64   75698   13023  347799   922681  12.19
2000-2004     75-79     0.06348  0.27524  2.59   62675   17251  271755   574881   9.17
2000-2004     80-84     0.10748  0.42337  2.49   45424   19231  178923   303126   6.67
2000-2004     85-89     0.17607  0.59951  2.34   26193   15703   89184   124203   4.74
2000-2004     90-94     0.27619  0.76730  2.10   10490    8049   29143    35018   3.34
2000-2004     95-99     0.40267  0.88482  1.83    2441    2160    5364     5875   2.41
2000-2004    100-104    0.54382  0.94773  1.56     281     266     490      512   1.82
2000-2004    105-109    0.67961  0.97551  1.35      15      14      21       22   1.47
2000-2004    110+       0.77882  1.00000  1.28       0       0       0        0   1.28
2005-2009        0      0.00460  0.00458  0.14  100000     458   99606  7794603  77.95
2005-2009      1-4      0.00022  0.00089  1.66   99542      88  397962  7694997  77.30
2005-2009      5-9      0.00010  0.00049  2.34   99454      49  497138  7297035  73.37
2005-2009     10-14     0.00012  0.00058  2.80   99405      57  496898  6799897  68.41
2005-2009     15-19     0.00031  0.00155  2.89   99347     154  496412  6302999  63.44
2005-2009     20-24     0.00048  0.00238  2.49   99193     236  495372  5806588  58.54
2005-2009     25-29     0.00049  0.00246  2.60   98957     243  494200  5311215  53.67
2005-2009     30-34     0.00061  0.00303  2.58   98714     299  492842  4817015  48.80
2005-2009     35-39     0.00087  0.00432  2.65   98414     425  491071  4324173  43.94
2005-2009     40-44     0.00131  0.00655  2.66   97989     642  488446  3833101  39.12
2005-2009     45-49     0.00224  0.01116  2.74   97348    1086  484282  3344655  34.36
2005-2009     50-54     0.00386  0.01911  2.67   96261    1839  477025  2860374  29.71
2005-2009     55-59     0.00632  0.03116  2.67   94422    2942  465257  2383349  25.24
2005-2009     60-64     0.01051  0.05131  2.67   91480    4694  446478  1918092  20.97
2005-2009     65-69     0.01734  0.08332  2.66   86786    7231  417021  1471613  16.96
2005-2009     70-74     0.03003  0.14031  2.67   79555   11162  371715  1054593  13.26
2005-2009     75-79     0.05318  0.23605  2.62   68393   16144  303573   682878   9.98
2005-2009     80-84     0.09263  0.37688  2.53   52248   19691  212584   379305   7.26
2005-2009     85-89     0.15594  0.55468  2.40   32557   18059  115806   166722   5.12
2005-2009     90-94     0.25970  0.74802  2.17   14498   10845   41760    50915   3.51
2005-2009     95-99     0.38460  0.87340  1.88    3653    3191    8296     9155   2.51
2005-2009    100-104    0.53206  0.94466  1.59     462     437     821      859   1.86
2005-2009    105-109    0.67564  0.97519  1.35      26      25      37       38   1.48
2005-2009    110+       0.78031  1.00000  1.28       1       1       1        1   1.28
2010-2014        0      0.00400  0.00398  0.14  100000     398   99658  7929318  79.29
2010-2014      1-4      0.00017  0.00069  1.66   99602      69  398246  7829660  78.61
2010-2014      5-9      0.00009  0.00047  2.48   99533      47  497547  7431414  74.66
2010-2014     10-14     0.00011  0.00055  2.58   99486      55  497299  6933866  69.70
2010-2014     15-19     0.00027  0.00135  2.87   99431     135  496870  6436568  64.73
2010-2014     20-24     0.00040  0.00200  2.54   99297     198  495995  5939698  59.82
2010-2014     25-29     0.00046  0.00229  2.61   99098     227  494950  5443702  54.93
2010-2014     30-34     0.00055  0.00275  2.67   98872     272  493724  4948753  50.05
2010-2014     35-39     0.00076  0.00378  2.66   98600     373  492127  4455029  45.18
2010-2014     40-44     0.00117  0.00586  2.65   98227     575  489785  3962902  40.34
2010-2014     45-49     0.00195  0.00968  2.74   97651     946  486124  3473118  35.57
2010-2014     50-54     0.00342  0.01695  2.71   96706    1639  479773  2986994  30.89
2010-2014     55-59     0.00578  0.02853  2.69   95066    2712  469080  2507221  26.37
2010-2014     60-64     0.00921  0.04510  2.68   92354    4165  452121  2038141  22.07
2010-2014     65-69     0.01521  0.07346  2.67   88189    6479  425868  1586020  17.98
2010-2014     70-74     0.02506  0.11833  2.66   81711    9669  385886  1160152  14.20
2010-2014     75-79     0.04466  0.20208  2.65   72042   14559  326015   774266  10.75
2010-2014     80-84     0.08079  0.33751  2.56   57483   19401  240141   448250   7.80
2010-2014     85-89     0.14109  0.51820  2.44   38082   19734  139870   208110   5.46
2010-2014     90-94     0.24065  0.72019  2.21   18348   13214   54912    68240   3.72
2010-2014     95-99     0.36923  0.86278  1.91    5134    4429   11997    13328   2.60
2010-2014    100-104    0.52210  0.94193  1.61     704     664    1271     1332   1.89
2010-2014    105-109    0.67261  0.97497  1.36      41      40      59       61   1.48
2010-2014    110+       0.78211  1.00000  1.28       1       1       1        1   1.28
2015-2019        0      0.00379  0.00378  0.14  100000     378   99676  8006894  80.07
2015-2019      1-4      0.00016  0.00062  1.75   99622      62  398350  7907218  79.37
2015-2019      5-9      0.00007  0.00034  2.39   99560      33  497714  7508869  75.42
2015-2019     10-14     0.00009  0.00046  2.85   99527      46  497535  7011155  70.44
2015-2019     15-19     0.00025  0.00124  2.89   99481     124  497141  6513620  65.48
2015-2019     20-24     0.00039  0.00193  2.56   99357     192  496316  6016478  60.55
2015-2019     25-29     0.00044  0.00219  2.52   99165     217  495287  5520162  55.67
2015-2019     30-34     0.00054  0.00268  2.56   98948     265  494093  5024876  50.78
2015-2019     35-39     0.00074  0.00367  2.60   98683     362  492545  4530783  45.91
2015-2019     40-44     0.00112  0.00558  2.72   98321     549  490352  4038238  41.07
2015-2019     45-49     0.00179  0.00892  2.69   97772     872  486841  3547886  36.29
2015-2019     50-54     0.00299  0.01486  2.72   96900    1440  481218  3061045  31.59
2015-2019     55-59     0.00511  0.02526  2.71   95460    2412  471774  2579827  27.03
2015-2019     60-64     0.00861  0.04222  2.67   93049    3929  456107  2108053  22.66
2015-2019     65-69     0.01391  0.06734  2.66   89120    6002  431544  1651946  18.54
2015-2019     70-74     0.02297  0.10902  2.67   83118    9062  394464  1220402  14.68
2015-2019     75-79     0.03957  0.18105  2.65   74056   13408  338836   825938  11.15
2015-2019     80-84     0.07384  0.31361  2.60   60649   19020  257593   487102   8.03
2015-2019     85-89     0.13818  0.51113  2.45   41629   21278  153984   229508   5.51
2015-2019     90-94     0.23965  0.71861  2.21   20351   14624   61023    75524   3.71
2015-2019     95-99     0.37915  0.87141  1.90    5727    4990   13161    14501   2.53
2015-2019    100-104    0.54314  0.94907  1.57     736     699    1287     1340   1.82
2015-2019    105-109    0.70044  0.97882  1.32      38      37      52       53   1.42
2015-2019    110+       0.81046  1.00000  1.23       1       1       1        1   1.23
2020-2021        0      0.00395  0.00394  0.14  100000     394   99662  7968166  79.68
2020-2021      1-4      0.00012  0.00050  1.70   99606      50  398310  7868504  79.00
2020-2021      5-9      0.00006  0.00028  2.29   99556      27  497707  7470194  75.03
2020-2021     10-14     0.00011  0.00053  3.23   99529      52  497551  6972487  70.05
2020-2021     15-19     0.00023  0.00114  2.94   99476     113  497149  6474936  65.09
2020-2021     20-24     0.00038  0.00188  2.48   99363     187  496346  5977787  60.16
2020-2021     25-29     0.00045  0.00224  2.61   99176     222  495352  5481441  55.27
2020-2021     30-34     0.00056  0.00278  2.62   98955     275  494118  4986089  50.39
2020-2021     35-39     0.00078  0.00388  2.62   98680     383  492486  4491971  45.52
2020-2021     40-44     0.00113  0.00562  2.62   98297     552  490168  3999484  40.69
2020-2021     45-49     0.00192  0.00955  2.69   97745     933  486570  3509317  35.90
2020-2021     50-54     0.00319  0.01582  2.66   96812    1531  480470  3022747  31.22
2020-2021     55-59     0.00503  0.02489  2.73   95280    2371  471011  2542277  26.68
2020-2021     60-64     0.00858  0.04209  2.71   92909    3911  455581  2071266  22.29
2020-2021     65-69     0.01433  0.06934  2.67   88998    6171  430590  1615684  18.15
2020-2021     70-74     0.02388  0.11301  2.63   82827    9361  391973  1185094  14.31
2020-2021     75-79     0.04268  0.19393  2.65   73467   14247  333798   793121  10.80
2020-2021     80-84     0.07753  0.32670  2.59   59219   19347  249533   459323   7.76
2020-2021     85-89     0.14681  0.53501  2.47   39873   21332  145309   209790   5.26
2020-2021     90-94     0.25978  0.74952  2.18   18541   13896   53492    64481   3.48
2020-2021     95-99     0.40885  0.89196  1.84    4644    4142   10132    10989   2.37
2020-2021    100-104    0.58040  0.95901  1.51     502     481     829      857   1.71
2020-2021    105-109    0.73701  0.98282  1.27      21      20      27       28   1.35
2020-2021    110+       0.84103  1.00000  1.19       0       0       0        0   1.19
