Norway, Life tables (cohort 1x10), Total	Last modified: 01 Aug 2024;  Methods Protocol: v6 (2017)

  Year          Age         mx       qx    ax      lx      dx      Lx       Tx     ex
1846-1849        0      0.11561  0.10702  0.31  100000   10702   92570  5030581  50.31
1846-1849        1      0.04817  0.04688  0.43   89298    4187   86905  4938011  55.30
1846-1849        2      0.02277  0.02249  0.46   85111    1914   84076  4851106  57.00
1846-1849        3      0.01523  0.01511  0.48   83197    1257   82537  4767031  57.30
1846-1849        4      0.01106  0.01100  0.47   81940     901   81461  4684493  57.17
1846-1849        5      0.00828  0.00824  0.48   81038     668   80694  4603033  56.80
1846-1849        6      0.00667  0.00665  0.48   80370     535   80091  4522339  56.27
1846-1849        7      0.00536  0.00535  0.49   79836     427   79616  4442248  55.64
1846-1849        8      0.00454  0.00453  0.49   79409     359   79224  4362631  54.94
1846-1849        9      0.00428  0.00428  0.50   79049     338   78882  4283407  54.19
1846-1849       10      0.00426  0.00425  0.49   78711     334   78542  4204525  53.42
1846-1849       11      0.00418  0.00417  0.50   78377     327   78214  4125983  52.64
1846-1849       12      0.00423  0.00422  0.50   78050     329   77885  4047769  51.86
1846-1849       13      0.00438  0.00437  0.51   77721     339   77553  3969884  51.08
1846-1849       14      0.00499  0.00497  0.51   77381     385   77194  3892331  50.30
1846-1849       15      0.00532  0.00530  0.50   76996     408   76790  3815137  49.55
1846-1849       16      0.00529  0.00527  0.50   76588     404   76387  3738346  48.81
1846-1849       17      0.00566  0.00564  0.51   76184     430   75973  3661959  48.07
1846-1849       18      0.00605  0.00604  0.50   75754     457   75526  3585987  47.34
1846-1849       19      0.00640  0.00638  0.51   75297     481   75059  3510461  46.62
1846-1849       20      0.00682  0.00679  0.50   74816     508   74563  3435401  45.92
1846-1849       21      0.00711  0.00708  0.50   74308     526   74046  3360838  45.23
1846-1849       22      0.00728  0.00725  0.50   73782     535   73513  3286793  44.55
1846-1849       23      0.00745  0.00742  0.50   73247     544   72976  3213279  43.87
1846-1849       24      0.00789  0.00786  0.50   72703     571   72420  3140304  43.19
1846-1849       25      0.00819  0.00816  0.50   72132     589   71836  3067884  42.53
1846-1849       26      0.00813  0.00810  0.50   71543     579   71251  2996048  41.88
1846-1849       27      0.00829  0.00826  0.50   70964     586   70673  2924797  41.22
1846-1849       28      0.00817  0.00813  0.49   70378     572   70086  2854124  40.55
1846-1849       29      0.00811  0.00807  0.51   69805     564   69527  2784038  39.88
1846-1849       30      0.00767  0.00764  0.48   69242     529   68967  2714511  39.20
1846-1849       31      0.00714  0.00711  0.50   68712     489   68470  2645544  38.50
1846-1849       32      0.00757  0.00754  0.50   68223     515   67967  2577073  37.77
1846-1849       33      0.00772  0.00769  0.50   67709     521   67447  2509106  37.06
1846-1849       34      0.00778  0.00775  0.50   67188     521   66928  2441659  36.34
1846-1849       35      0.00836  0.00832  0.51   66668     555   66394  2374731  35.62
1846-1849       36      0.00865  0.00861  0.49   66113     569   65825  2308337  34.92
1846-1849       37      0.00823  0.00820  0.49   65543     537   65272  2242511  34.21
1846-1849       38      0.00785  0.00782  0.50   65006     508   64749  2177240  33.49
1846-1849       39      0.00836  0.00833  0.51   64498     537   64236  2112490  32.75
1846-1849       40      0.00871  0.00867  0.49   63961     555   63679  2048254  32.02
1846-1849       41      0.00899  0.00895  0.51   63406     567   63128  1984576  31.30
1846-1849       42      0.00959  0.00955  0.50   62839     600   62538  1921447  30.58
1846-1849       43      0.00972  0.00967  0.50   62239     602   61939  1858910  29.87
1846-1849       44      0.00981  0.00976  0.50   61637     601   61335  1796970  29.15
1846-1849       45      0.00955  0.00950  0.50   61036     580   60743  1735635  28.44
1846-1849       46      0.00947  0.00943  0.50   60456     570   60172  1674892  27.70
1846-1849       47      0.00953  0.00948  0.50   59886     568   59601  1614720  26.96
1846-1849       48      0.00945  0.00940  0.50   59318     558   59039  1555119  26.22
1846-1849       49      0.01047  0.01042  0.52   58760     612   58464  1496081  25.46
1846-1849       50      0.01104  0.01098  0.49   58148     638   57824  1437616  24.72
1846-1849       51      0.01101  0.01095  0.51   57510     630   57199  1379793  23.99
1846-1849       52      0.01197  0.01190  0.51   56880     677   56546  1322593  23.25
1846-1849       53      0.01249  0.01241  0.50   56203     698   55854  1266048  22.53
1846-1849       54      0.01279  0.01271  0.50   55506     706   55154  1210194  21.80
1846-1849       55      0.01334  0.01325  0.50   54800     726   54439  1155039  21.08
1846-1849       56      0.01398  0.01388  0.50   54074     750   53701  1100601  20.35
1846-1849       57      0.01438  0.01428  0.50   53324     761   52942  1046900  19.63
1846-1849       58      0.01503  0.01492  0.50   52562     784   52174   993958  18.91
1846-1849       59      0.01642  0.01629  0.51   51778     843   51362   941784  18.19
1846-1849       60      0.01719  0.01705  0.50   50935     868   50499   890422  17.48
1846-1849       61      0.01852  0.01835  0.51   50066     919   49616   839923  16.78
1846-1849       62      0.02099  0.02077  0.51   49147    1021   48644   790307  16.08
1846-1849       63      0.02293  0.02267  0.50   48126    1091   47585   741663  15.41
1846-1849       64      0.02407  0.02378  0.50   47035    1119   46476   694077  14.76
1846-1849       65      0.02582  0.02550  0.51   45917    1171   45340   647601  14.10
1846-1849       66      0.02909  0.02868  0.51   44746    1283   44114   602262  13.46
1846-1849       67      0.03193  0.03143  0.50   43463    1366   42783   558147  12.84
1846-1849       68      0.03421  0.03364  0.50   42096    1416   41393   515364  12.24
1846-1849       69      0.03847  0.03776  0.51   40680    1536   39928   473971  11.65
1846-1849       70      0.04175  0.04089  0.50   39144    1601   38339   434044  11.09
1846-1849       71      0.04312  0.04221  0.50   37543    1585   36753   395705  10.54
1846-1849       72      0.04701  0.04594  0.51   35959    1652   35142   358952   9.98
1846-1849       73      0.05185  0.05055  0.50   34307    1734   33444   323810   9.44
1846-1849       74      0.05671  0.05515  0.50   32572    1796   31680   290366   8.91
1846-1849       75      0.06268  0.06079  0.50   30776    1871   29847   258686   8.41
1846-1849       76      0.06959  0.06726  0.50   28905    1944   27939   228839   7.92
1846-1849       77      0.07615  0.07336  0.50   26961    1978   25972   200900   7.45
1846-1849       78      0.08114  0.07796  0.50   24983    1948   24004   174928   7.00
1846-1849       79      0.09259  0.08857  0.51   23035    2040   22036   150924   6.55
1846-1849       80      0.10639  0.10099  0.50   20995    2120   19928   128889   6.14
1846-1849       81      0.11316  0.10705  0.49   18875    2020   17855   108960   5.77
1846-1849       82      0.12322  0.11607  0.50   16854    1956   15876    91106   5.41
1846-1849       83      0.13479  0.12617  0.49   14898    1880   13946    75230   5.05
1846-1849       84      0.14641  0.13637  0.50   13018    1775   12126    61284   4.71
1846-1849       85      0.16685  0.15398  0.50   11243    1731   10375    49158   4.37
1846-1849       86      0.18633  0.17015  0.49    9512    1618    8686    38783   4.08
1846-1849       87      0.20332  0.18431  0.49    7894    1455    7156    30097   3.81
1846-1849       88      0.22113  0.19853  0.49    6439    1278    5781    22941   3.56
1846-1849       89      0.24214  0.21563  0.49    5160    1113    4595    17161   3.33
1846-1849       90      0.27283  0.23917  0.48    4048     968    3548    12565   3.10
1846-1849       91      0.30003  0.25982  0.48    3080     800    2667     9017   2.93
1846-1849       92      0.32524  0.27788  0.48    2279     633    1948     6350   2.79
1846-1849       93      0.33835  0.28736  0.48    1646     473    1398     4403   2.67
1846-1849       94      0.34765  0.29368  0.47    1173     344     991     3005   2.56
1846-1849       95      0.36199  0.30447  0.48     829     252     697     2014   2.43
1846-1849       96      0.39224  0.32490  0.47     576     187     477     1317   2.28
1846-1849       97      0.40115  0.33029  0.47     389     128     320      839   2.16
1846-1849       98      0.39560  0.32678  0.47     261      85     215      519   1.99
1846-1849       99      0.48603  0.39101  0.50     175      69     141      304   1.73
1846-1849      100      0.65436  0.47970  0.44     107      51      78      163   1.52
1846-1849      101      0.64217  0.47518  0.45      56      26      41       84   1.52
1846-1849      102      0.66667  0.48649  0.44      29      14      21       43   1.49
1846-1849      103      0.68675  0.50000  0.46      15       7      11       22   1.47
1846-1849      104      0.65854  0.47368  0.41       7       4       5       11   1.49
1846-1849      105      0.65217  0.50000  0.53       4       2       3        6   1.47
1846-1849      106      1.00000  0.60000  0.33       2       1       1        3   1.40
1846-1849      107      0.00000  0.00000  0.50       1       0       1        2   2.00
1846-1849      108      0.60000  0.50000  0.67       1       0       1        1   1.00
1846-1849      109      3.00000  1.00000  0.33       0       0       0        0   0.33
1846-1849      110+           .        .     .       0       0       0        0      .
1850-1859        0      0.09950  0.09307  0.31  100000    9307   93539  5085161  50.85
1850-1859        1      0.03893  0.03811  0.45   90693    3456   88782  4991622  55.04
1850-1859        2      0.02342  0.02313  0.47   87237    2018   86171  4902841  56.20
1850-1859        3      0.01822  0.01805  0.49   85219    1539   84427  4816670  56.52
1850-1859        4      0.01403  0.01393  0.47   83680    1166   83058  4732243  56.55
1850-1859        5      0.01047  0.01042  0.49   82515     860   82074  4649185  56.34
1850-1859        6      0.00878  0.00874  0.48   81655     714   81286  4567111  55.93
1850-1859        7      0.00763  0.00760  0.49   80942     615   80630  4485826  55.42
1850-1859        8      0.00695  0.00692  0.49   80327     556   80042  4405195  54.84
1850-1859        9      0.00557  0.00556  0.47   79771     443   79536  4325153  54.22
1850-1859       10      0.00445  0.00444  0.49   79327     352   79149  4245617  53.52
1850-1859       11      0.00419  0.00418  0.50   78975     330   78809  4166468  52.76
1850-1859       12      0.00394  0.00393  0.49   78645     309   78488  4087659  51.98
1850-1859       13      0.00387  0.00386  0.50   78336     303   78186  4009171  51.18
1850-1859       14      0.00413  0.00412  0.51   78033     322   77874  3930985  50.38
1850-1859       15      0.00459  0.00458  0.51   77712     356   77537  3853111  49.58
1850-1859       16      0.00513  0.00512  0.51   77356     396   77161  3775574  48.81
1850-1859       17      0.00576  0.00575  0.51   76960     442   76744  3698413  48.06
1850-1859       18      0.00617  0.00615  0.50   76518     470   76282  3621669  47.33
1850-1859       19      0.00671  0.00669  0.51   76047     508   75799  3545387  46.62
1850-1859       20      0.00728  0.00725  0.50   75539     548   75264  3469588  45.93
1850-1859       21      0.00756  0.00753  0.50   74991     565   74711  3394323  45.26
1850-1859       22      0.00788  0.00785  0.50   74426     584   74134  3319613  44.60
1850-1859       23      0.00785  0.00782  0.50   73842     578   73551  3245479  43.95
1850-1859       24      0.00778  0.00775  0.50   73264     568   72979  3171928  43.29
1850-1859       25      0.00783  0.00780  0.50   72697     567   72412  3098948  42.63
1850-1859       26      0.00772  0.00769  0.49   72130     555   71849  3026536  41.96
1850-1859       27      0.00774  0.00771  0.50   71575     552   71300  2954687  41.28
1850-1859       28      0.00780  0.00777  0.50   71023     552   70745  2883387  40.60
1850-1859       29      0.00796  0.00793  0.50   70471     559   70194  2812642  39.91
1850-1859       30      0.00802  0.00799  0.49   69912     558   69629  2742448  39.23
1850-1859       31      0.00796  0.00793  0.50   69354     550   69080  2672819  38.54
1850-1859       32      0.00842  0.00838  0.50   68804     577   68518  2603739  37.84
1850-1859       33      0.00851  0.00847  0.49   68227     578   67935  2535221  37.16
1850-1859       34      0.00815  0.00812  0.50   67649     549   67372  2467286  36.47
1850-1859       35      0.00841  0.00838  0.51   67100     562   66823  2399914  35.77
1850-1859       36      0.00873  0.00870  0.50   66538     579   66247  2333091  35.06
1850-1859       37      0.00871  0.00867  0.50   65959     572   65674  2266844  34.37
1850-1859       38      0.00858  0.00854  0.49   65388     558   65105  2201170  33.66
1850-1859       39      0.00899  0.00895  0.51   64829     581   64546  2136065  32.95
1850-1859       40      0.00912  0.00908  0.49   64249     583   63951  2071519  32.24
1850-1859       41      0.00896  0.00892  0.51   63665     568   63385  2007568  31.53
1850-1859       42      0.00907  0.00903  0.49   63097     570   62809  1944183  30.81
1850-1859       43      0.00877  0.00873  0.50   62527     546   62254  1881374  30.09
1850-1859       44      0.00897  0.00893  0.50   61982     554   61707  1819121  29.35
1850-1859       45      0.00915  0.00911  0.50   61428     560   61147  1757414  28.61
1850-1859       46      0.00912  0.00908  0.50   60868     553   60592  1696267  27.87
1850-1859       47      0.00920  0.00916  0.50   60316     552   60040  1635675  27.12
1850-1859       48      0.00934  0.00930  0.50   59763     556   59486  1575635  26.36
1850-1859       49      0.01012  0.01007  0.51   59207     596   58916  1516150  25.61
1850-1859       50      0.01083  0.01077  0.50   58611     631   58295  1457234  24.86
1850-1859       51      0.01097  0.01091  0.50   57980     633   57664  1398940  24.13
1850-1859       52      0.01116  0.01110  0.50   57347     636   57029  1341275  23.39
1850-1859       53      0.01135  0.01129  0.50   56711     640   56392  1284247  22.65
1850-1859       54      0.01221  0.01214  0.51   56071     681   55736  1227855  21.90
1850-1859       55      0.01319  0.01310  0.50   55390     726   55029  1172119  21.16
1850-1859       56      0.01370  0.01361  0.50   54664     744   54294  1117090  20.44
1850-1859       57      0.01441  0.01431  0.50   53920     772   53538  1062796  19.71
1850-1859       58      0.01546  0.01534  0.50   53149     815   52745  1009258  18.99
1850-1859       59      0.01718  0.01704  0.51   52333     892   51896   956513  18.28
1850-1859       60      0.01827  0.01811  0.50   51442     932   50974   904617  17.59
1850-1859       61      0.01882  0.01864  0.50   50510     942   50043   853643  16.90
1850-1859       62      0.02032  0.02011  0.51   49568     997   49075   803600  16.21
1850-1859       63      0.02186  0.02162  0.50   48571    1050   48050   754525  15.53
1850-1859       64      0.02369  0.02342  0.51   47521    1113   46972   706475  14.87
1850-1859       65      0.02605  0.02572  0.51   46408    1194   45818   659503  14.21
1850-1859       66      0.02791  0.02752  0.50   45214    1245   44594   613686  13.57
1850-1859       67      0.02998  0.02954  0.51   43970    1299   43328   569091  12.94
1850-1859       68      0.03266  0.03214  0.50   42671    1371   41990   525764  12.32
1850-1859       69      0.03644  0.03580  0.51   41300    1479   40573   483773  11.71
1850-1859       70      0.03977  0.03900  0.50   39821    1553   39044   443200  11.13
1850-1859       71      0.04256  0.04168  0.50   38268    1595   37478   404156  10.56
1850-1859       72      0.04741  0.04632  0.51   36673    1699   35834   366678  10.00
1850-1859       73      0.05196  0.05065  0.50   34974    1771   34091   330844   9.46
1850-1859       74      0.05697  0.05541  0.50   33203    1840   32292   296753   8.94
1850-1859       75      0.06304  0.06112  0.50   31363    1917   30409   264461   8.43
1850-1859       76      0.06984  0.06750  0.50   29446    1988   28461   234052   7.95
1850-1859       77      0.07777  0.07487  0.50   27459    2056   26434   205592   7.49
1850-1859       78      0.08526  0.08177  0.50   25403    2077   24364   179158   7.05
1850-1859       79      0.09446  0.09021  0.50   23326    2104   22278   154793   6.64
1850-1859       80      0.10335  0.09827  0.50   21221    2085   20178   132515   6.24
1850-1859       81      0.11332  0.10721  0.50   19136    2052   18105   112337   5.87
1850-1859       82      0.12288  0.11572  0.50   17084    1977   16089    94233   5.52
1850-1859       83      0.13464  0.12610  0.50   15107    1905   14150    78144   5.17
1850-1859       84      0.14846  0.13811  0.50   13202    1823   12282    63994   4.85
1850-1859       85      0.16324  0.15080  0.49   11379    1716   10512    51712   4.54
1850-1859       86      0.18014  0.16507  0.49    9663    1595    8854    41201   4.26
1850-1859       87      0.19352  0.17605  0.49    8068    1420    7340    32346   4.01
1850-1859       88      0.20806  0.18817  0.49    6648    1251    6012    25007   3.76
1850-1859       89      0.22880  0.20478  0.49    5397    1105    4830    18995   3.52
1850-1859       90      0.24876  0.22061  0.49    4292     947    3806    14165   3.30
1850-1859       91      0.26615  0.23383  0.48    3345     782    2939    10359   3.10
1850-1859       92      0.28628  0.24959  0.49    2563     640    2234     7420   2.90
1850-1859       93      0.31722  0.27227  0.48    1923     524    1651     5186   2.70
1850-1859       94      0.34557  0.29292  0.48    1399     410    1186     3535   2.53
1850-1859       95      0.38009  0.31686  0.48     990     314     825     2349   2.37
1850-1859       96      0.41730  0.34226  0.47     676     231     554     1524   2.25
1850-1859       97      0.43299  0.35056  0.46     445     156     360      970   2.18
1850-1859       98      0.43907  0.35745  0.48     289     103     235      610   2.11
1850-1859       99      0.49746  0.39189  0.46     186      73     146      375   2.02
1850-1859      100      0.49063  0.38765  0.46     113      44      89      229   2.03
1850-1859      101      0.47716  0.37903  0.46      69      26      55      139   2.02
1850-1859      102      0.47626  0.37987  0.47      43      16      34       85   1.97
1850-1859      103      0.51448  0.40314  0.46      27      11      21       50   1.89
1850-1859      104      0.47955  0.37719  0.43      16       6      12       30   1.86
1850-1859      105      0.40909  0.33803  0.49      10       3       8       17   1.72
1850-1859      106      0.61111  0.46809  0.50       7       3       5        9   1.35
1850-1859      107      0.76471  0.52000  0.38       3       2       2        4   1.11
1850-1859      108      0.77778  0.58333  0.57       2       1       1        1   0.89
1850-1859      109      3.00000  1.00000  0.33       1       1       0        0   0.33
1850-1859      110+           .        .     .       0       0       0        0      .
1860-1869        0      0.10946  0.10173  0.31  100000   10173   92938  5051937  50.52
1860-1869        1      0.04993  0.04856  0.43   89827    4362   87357  4958998  55.21
1860-1869        2      0.02567  0.02532  0.46   85465    2164   84305  4871641  57.00
1860-1869        3      0.01752  0.01736  0.47   83301    1446   82535  4787336  57.47
1860-1869        4      0.01236  0.01228  0.47   81855    1005   81321  4704800  57.48
1860-1869        5      0.00901  0.00897  0.48   80850     725   80472  4623480  57.19
1860-1869        6      0.00732  0.00730  0.49   80125     585   79824  4543008  56.70
1860-1869        7      0.00647  0.00645  0.49   79540     513   79280  4463183  56.11
1860-1869        8      0.00560  0.00558  0.48   79027     441   78798  4383904  55.47
1860-1869        9      0.00473  0.00472  0.49   78586     371   78397  4305105  54.78
1860-1869       10      0.00437  0.00436  0.50   78215     341   78043  4226708  54.04
1860-1869       11      0.00410  0.00409  0.49   77874     318   77713  4148665  53.27
1860-1869       12      0.00400  0.00400  0.50   77556     310   77402  4070952  52.49
1860-1869       13      0.00427  0.00426  0.51   77246     329   77084  3993550  51.70
1860-1869       14      0.00444  0.00443  0.50   76917     340   76747  3916466  50.92
1860-1869       15      0.00474  0.00473  0.51   76577     362   76400  3839719  50.14
1860-1869       16      0.00517  0.00515  0.50   76215     393   76019  3763320  49.38
1860-1869       17      0.00556  0.00554  0.51   75822     420   75615  3687301  48.63
1860-1869       18      0.00624  0.00622  0.51   75401     469   75171  3611686  47.90
1860-1869       19      0.00685  0.00683  0.50   74932     511   74678  3536516  47.20
1860-1869       20      0.00734  0.00731  0.50   74421     544   74150  3461838  46.52
1860-1869       21      0.00787  0.00784  0.50   73877     579   73589  3387688  45.86
1860-1869       22      0.00815  0.00812  0.50   73298     595   72999  3314099  45.21
1860-1869       23      0.00824  0.00820  0.50   72703     596   72404  3241100  44.58
1860-1869       24      0.00843  0.00840  0.50   72106     606   71804  3168696  43.94
1860-1869       25      0.00852  0.00848  0.50   71501     606   71196  3096893  43.31
1860-1869       26      0.00850  0.00847  0.50   70894     600   70593  3025697  42.68
1860-1869       27      0.00842  0.00838  0.50   70294     589   69997  2955104  42.04
1860-1869       28      0.00811  0.00808  0.49   69705     563   69420  2885106  41.39
1860-1869       29      0.00836  0.00832  0.51   69142     576   68859  2815686  40.72
1860-1869       30      0.00839  0.00835  0.49   68566     573   68274  2746828  40.06
1860-1869       31      0.00793  0.00790  0.50   67994     537   67724  2678553  39.39
1860-1869       32      0.00789  0.00786  0.50   67456     530   67190  2610829  38.70
1860-1869       33      0.00775  0.00772  0.50   66926     517   66666  2543638  38.01
1860-1869       34      0.00754  0.00752  0.50   66409     499   66158  2476972  37.30
1860-1869       35      0.00769  0.00766  0.50   65910     505   65660  2410814  36.58
1860-1869       36      0.00791  0.00788  0.50   65405     515   65147  2345154  35.86
1860-1869       37      0.00796  0.00793  0.50   64890     515   64633  2280007  35.14
1860-1869       38      0.00786  0.00783  0.49   64375     504   64121  2215374  34.41
1860-1869       39      0.00799  0.00796  0.51   63871     508   63620  2151253  33.68
1860-1869       40      0.00792  0.00789  0.49   63363     500   63108  2087634  32.95
1860-1869       41      0.00771  0.00768  0.50   62863     483   62623  2024525  32.21
1860-1869       42      0.00795  0.00792  0.50   62380     494   62133  1961902  31.45
1860-1869       43      0.00806  0.00803  0.50   61886     497   61638  1899769  30.70
1860-1869       44      0.00843  0.00839  0.51   61389     515   61134  1838132  29.94
1860-1869       45      0.00836  0.00833  0.49   60874     507   60616  1776998  29.19
1860-1869       46      0.00834  0.00830  0.51   60367     501   60119  1716382  28.43
1860-1869       47      0.00874  0.00870  0.50   59865     521   59605  1656263  27.67
1860-1869       48      0.00894  0.00890  0.50   59345     528   59082  1596658  26.90
1860-1869       49      0.00976  0.00971  0.51   58817     571   58537  1537576  26.14
1860-1869       50      0.01016  0.01011  0.49   58246     589   57948  1479039  25.39
1860-1869       51      0.01053  0.01047  0.51   57657     604   57360  1421091  24.65
1860-1869       52      0.01101  0.01095  0.50   57053     624   56739  1363730  23.90
1860-1869       53      0.01119  0.01112  0.50   56428     628   56117  1306992  23.16
1860-1869       54      0.01193  0.01186  0.50   55801     662   55473  1250875  22.42
1860-1869       55      0.01253  0.01245  0.50   55139     686   54797  1195402  21.68
1860-1869       56      0.01291  0.01282  0.50   54453     698   54104  1140605  20.95
1860-1869       57      0.01372  0.01363  0.51   53754     733   53393  1086500  20.21
1860-1869       58      0.01452  0.01442  0.50   53022     765   52640  1033107  19.48
1860-1869       59      0.01550  0.01539  0.51   52257     804   51861   980468  18.76
1860-1869       60      0.01663  0.01649  0.50   51453     849   51030   928606  18.05
1860-1869       61      0.01780  0.01765  0.51   50605     893   50164   877576  17.34
1860-1869       62      0.01941  0.01922  0.50   49711     956   49238   827412  16.64
1860-1869       63      0.02101  0.02079  0.51   48756    1014   48255   778174  15.96
1860-1869       64      0.02265  0.02240  0.50   47742    1069   47211   729920  15.29
1860-1869       65      0.02398  0.02370  0.50   46673    1106   46122   682708  14.63
1860-1869       66      0.02628  0.02594  0.51   45567    1182   44986   636586  13.97
1860-1869       67      0.02866  0.02826  0.50   44385    1254   43759   591600  13.33
1860-1869       68      0.03115  0.03068  0.51   43131    1323   42479   547841  12.70
1860-1869       69      0.03493  0.03434  0.51   41807    1436   41099   505362  12.09
1860-1869       70      0.03759  0.03690  0.50   40372    1490   39627   464264  11.50
1860-1869       71      0.04098  0.04017  0.51   38882    1562   38113   424636  10.92
1860-1869       72      0.04573  0.04471  0.50   37320    1669   36492   386523  10.36
1860-1869       73      0.04984  0.04863  0.50   35652    1734   34789   350030   9.82
1860-1869       74      0.05431  0.05288  0.50   33918    1794   33028   315242   9.29
1860-1869       75      0.05964  0.05792  0.50   32124    1861   31197   282213   8.79
1860-1869       76      0.06501  0.06297  0.50   30264    1906   29315   251016   8.29
1860-1869       77      0.07174  0.06927  0.50   28358    1964   27381   221701   7.82
1860-1869       78      0.07803  0.07509  0.50   26393    1982   25401   194319   7.36
1860-1869       79      0.08488  0.08143  0.50   24411    1988   23418   168918   6.92
1860-1869       80      0.09382  0.08963  0.50   22424    2010   21423   145500   6.49
1860-1869       81      0.10345  0.09834  0.50   20414    2007   19405   124077   6.08
1860-1869       82      0.11330  0.10722  0.50   18406    1974   17419   104672   5.69
1860-1869       83      0.12634  0.11882  0.50   16433    1952   15454    87253   5.31
1860-1869       84      0.14012  0.13088  0.50   14480    1895   13526    71799   4.96
1860-1869       85      0.15519  0.14393  0.50   12585    1811   11672    58273   4.63
1860-1869       86      0.17146  0.15775  0.49   10774    1700    9913    46601   4.33
1860-1869       87      0.18656  0.17037  0.49    9074    1546    8287    36688   4.04
1860-1869       88      0.20235  0.18343  0.49    7528    1381    6825    28401   3.77
1860-1869       89      0.22160  0.19907  0.49    6147    1224    5522    21577   3.51
1860-1869       90      0.24550  0.21812  0.49    4923    1074    4375    16055   3.26
1860-1869       91      0.26915  0.23627  0.48    3850     910    3379    11680   3.03
1860-1869       92      0.29418  0.25550  0.49    2940     751    2553     8301   2.82
1860-1869       93      0.32585  0.27858  0.48    2189     610    1871     5747   2.63
1860-1869       94      0.35431  0.29902  0.48    1579     472    1333     3876   2.45
1860-1869       95      0.38810  0.32242  0.48    1107     357     920     2543   2.30
1860-1869       96      0.42429  0.34664  0.47     750     260     613     1624   2.16
1860-1869       97      0.43671  0.35316  0.46     490     173     396     1011   2.06
1860-1869       98      0.45638  0.36910  0.48     317     117     256      615   1.94
1860-1869       99      0.52762  0.40972  0.45     200      82     155      358   1.79
1860-1869      100      0.53194  0.41379  0.46     118      49      92      203   1.72
1860-1869      101      0.58701  0.44592  0.46      69      31      53      111   1.61
1860-1869      102      0.62769  0.46575  0.45      38      18      28       59   1.53
1860-1869      103      0.62751  0.46795  0.46      20      10      15       30   1.47
1860-1869      104      0.65934  0.48193  0.44      11       5       8       15   1.36
1860-1869      105      0.70213  0.51163  0.47       6       3       4        7   1.22
1860-1869      106      0.85714  0.57143  0.42       3       2       2        3   1.00
1860-1869      107      1.00000  0.66667  0.50       1       1       1        1   0.78
1860-1869      108      3.00000  1.00000  0.33       0       0       0        0   0.33
1860-1869      109            .        .     .       0       0       0        0      .
1860-1869      110+           .        .     .       0       0       0        0      .
1870-1879        0      0.10352  0.09658  0.31  100000    9658   93295  5184668  51.85
1870-1879        1      0.04237  0.04138  0.44   90342    3738   88240  5091373  56.36
1870-1879        2      0.02264  0.02237  0.46   86604    1938   85566  5003133  57.77
1870-1879        3      0.01621  0.01608  0.48   84666    1361   83957  4917567  58.08
1870-1879        4      0.01260  0.01251  0.48   83305    1043   82758  4833610  58.02
1870-1879        5      0.01000  0.00995  0.48   82262     819   81840  4750852  57.75
1870-1879        6      0.00810  0.00807  0.48   81444     657   81100  4669012  57.33
1870-1879        7      0.00661  0.00659  0.49   80786     532   80514  4587912  56.79
1870-1879        8      0.00572  0.00570  0.49   80254     458   80019  4507398  56.16
1870-1879        9      0.00513  0.00512  0.50   79796     409   79590  4427379  55.48
1870-1879       10      0.00490  0.00489  0.50   79388     388   79192  4347789  54.77
1870-1879       11      0.00474  0.00472  0.50   79000     373   78812  4268597  54.03
1870-1879       12      0.00459  0.00458  0.50   78627     360   78445  4189785  53.29
1870-1879       13      0.00455  0.00454  0.50   78266     355   78089  4111340  52.53
1870-1879       14      0.00488  0.00487  0.51   77911     379   77725  4033250  51.77
1870-1879       15      0.00524  0.00523  0.50   77532     405   77330  3955525  51.02
1870-1879       16      0.00567  0.00565  0.51   77127     436   76913  3878195  50.28
1870-1879       17      0.00643  0.00641  0.51   76691     492   76449  3801282  49.57
1870-1879       18      0.00708  0.00706  0.50   76199     538   75932  3724832  48.88
1870-1879       19      0.00766  0.00763  0.51   75661     578   75376  3648901  48.23
1870-1879       20      0.00827  0.00824  0.50   75084     618   74776  3573525  47.59
1870-1879       21      0.00844  0.00840  0.50   74465     626   74150  3498749  46.99
1870-1879       22      0.00825  0.00821  0.50   73840     606   73534  3424599  46.38
1870-1879       23      0.00814  0.00810  0.50   73233     593   72935  3351065  45.76
1870-1879       24      0.00803  0.00800  0.50   72640     581   72347  3278129  45.13
1870-1879       25      0.00785  0.00782  0.50   72059     563   71775  3205782  44.49
1870-1879       26      0.00788  0.00785  0.50   71495     561   71215  3134007  43.84
1870-1879       27      0.00800  0.00797  0.50   70934     565   70651  3062791  43.18
1870-1879       28      0.00763  0.00760  0.49   70369     535   70096  2992140  42.52
1870-1879       29      0.00748  0.00745  0.50   69834     520   69576  2922044  41.84
1870-1879       30      0.00735  0.00732  0.49   69314     507   69055  2852468  41.15
1870-1879       31      0.00701  0.00699  0.50   68807     481   68566  2783412  40.45
1870-1879       32      0.00721  0.00719  0.50   68326     491   68081  2714846  39.73
1870-1879       33      0.00716  0.00714  0.49   67835     484   67590  2646764  39.02
1870-1879       34      0.00702  0.00699  0.50   67351     471   67115  2579174  38.29
1870-1879       35      0.00704  0.00702  0.50   66880     469   66644  2512059  37.56
1870-1879       36      0.00713  0.00710  0.50   66410     472   66175  2445414  36.82
1870-1879       37      0.00718  0.00716  0.50   65938     472   65702  2379239  36.08
1870-1879       38      0.00734  0.00731  0.50   65466     479   65229  2313537  35.34
1870-1879       39      0.00786  0.00783  0.51   64988     509   64736  2248308  34.60
1870-1879       40      0.00777  0.00774  0.49   64479     499   64225  2183572  33.86
1870-1879       41      0.00753  0.00750  0.50   63980     480   63741  2119346  33.13
1870-1879       42      0.00764  0.00761  0.50   63500     483   63258  2055606  32.37
1870-1879       43      0.00772  0.00769  0.50   63017     484   62775  1992347  31.62
1870-1879       44      0.00769  0.00766  0.50   62532     479   62291  1929572  30.86
1870-1879       45      0.00775  0.00772  0.50   62053     479   61815  1867281  30.09
1870-1879       46      0.00798  0.00795  0.50   61574     490   61330  1805466  29.32
1870-1879       47      0.00818  0.00815  0.50   61085     498   60837  1744136  28.55
1870-1879       48      0.00820  0.00816  0.50   60587     495   60339  1683299  27.78
1870-1879       49      0.00828  0.00825  0.50   60092     496   59846  1622961  27.01
1870-1879       50      0.00855  0.00851  0.50   59597     507   59344  1563115  26.23
1870-1879       51      0.00900  0.00896  0.51   59090     530   58828  1503771  25.45
1870-1879       52      0.00956  0.00951  0.50   58560     557   58283  1444943  24.67
1870-1879       53      0.00986  0.00981  0.50   58003     569   57719  1386660  23.91
1870-1879       54      0.01046  0.01041  0.51   57434     598   57139  1328941  23.14
1870-1879       55      0.01112  0.01106  0.50   56836     629   56523  1271802  22.38
1870-1879       56      0.01129  0.01123  0.50   56207     631   55891  1215279  21.62
1870-1879       57      0.01213  0.01206  0.51   55576     670   55249  1159388  20.86
1870-1879       58      0.01348  0.01339  0.51   54906     735   54542  1104139  20.11
1870-1879       59      0.01436  0.01426  0.50   54171     773   53787  1049597  19.38
1870-1879       60      0.01528  0.01516  0.50   53398     810   52997   995809  18.65
1870-1879       61      0.01633  0.01620  0.50   52589     852   52166   942812  17.93
1870-1879       62      0.01779  0.01763  0.51   51737     912   51287   890646  17.21
1870-1879       63      0.01914  0.01896  0.50   50824     963   50346   839359  16.51
1870-1879       64      0.02103  0.02081  0.51   49861    1038   49351   789014  15.82
1870-1879       65      0.02282  0.02256  0.50   48823    1101   48274   739662  15.15
1870-1879       66      0.02392  0.02364  0.50   47722    1128   47161   691388  14.49
1870-1879       67      0.02557  0.02525  0.50   46594    1176   46011   644227  13.83
1870-1879       68      0.02790  0.02752  0.50   45417    1250   44798   598216  13.17
1870-1879       69      0.03045  0.03000  0.51   44168    1325   43514   553418  12.53
1870-1879       70      0.03297  0.03243  0.50   42843    1390   42150   509904  11.90
1870-1879       71      0.03578  0.03516  0.51   41453    1458   40733   467754  11.28
1870-1879       72      0.03925  0.03850  0.50   39996    1540   39232   427021  10.68
1870-1879       73      0.04386  0.04293  0.51   38456    1651   37642   387789  10.08
1870-1879       74      0.04915  0.04798  0.50   36805    1766   35930   350147   9.51
1870-1879       75      0.05360  0.05220  0.50   35039    1829   34128   314218   8.97
1870-1879       76      0.05999  0.05826  0.51   33210    1935   32255   280090   8.43
1870-1879       77      0.06731  0.06513  0.50   31275    2037   30261   247835   7.92
1870-1879       78      0.07435  0.07170  0.50   29238    2096   28197   217574   7.44
1870-1879       79      0.08282  0.07953  0.50   27142    2159   26064   189377   6.98
1870-1879       80      0.09041  0.08651  0.50   24983    2161   23904   163313   6.54
1870-1879       81      0.10097  0.09613  0.50   22822    2194   21728   139409   6.11
1870-1879       82      0.11275  0.10672  0.50   20628    2201   19525   117680   5.70
1870-1879       83      0.12535  0.11794  0.50   18426    2173   17338    98156   5.33
1870-1879       84      0.14046  0.13121  0.50   16253    2133   15182    80818   4.97
1870-1879       85      0.15621  0.14479  0.50   14121    2044   13088    65636   4.65
1870-1879       86      0.17238  0.15855  0.49   12076    1915   11107    52548   4.35
1870-1879       87      0.18842  0.17191  0.49   10161    1747    9272    41440   4.08
1870-1879       88      0.20604  0.18650  0.49    8415    1569    7617    32169   3.82
1870-1879       89      0.22519  0.20187  0.49    6845    1382    6136    24552   3.59
1870-1879       90      0.24472  0.21748  0.49    5463    1188    4855    18416   3.37
1870-1879       91      0.26774  0.23523  0.48    4275    1006    3756    13561   3.17
1870-1879       92      0.28480  0.24807  0.48    3270     811    2848     9805   3.00
1870-1879       93      0.30333  0.26214  0.48    2458     644    2125     6957   2.83
1870-1879       94      0.33376  0.28448  0.48    1814     516    1546     4832   2.66
1870-1879       95      0.35845  0.30139  0.47    1298     391    1091     3286   2.53
1870-1879       96      0.37306  0.31198  0.48     907     283     758     2195   2.42
1870-1879       97      0.39968  0.33000  0.47     624     206     515     1436   2.30
1870-1879       98      0.40770  0.33446  0.46     418     140     343      921   2.20
1870-1879       99      0.43301  0.35376  0.48     278      98     227      578   2.08
1870-1879      100      0.49544  0.39045  0.46     180      70     142      351   1.95
1870-1879      101      0.48092  0.38305  0.47     110      42      87      209   1.91
1870-1879      102      0.54892  0.42609  0.47      68      29      52      122   1.80
1870-1879      103      0.50710  0.39697  0.45      39      15      30       70   1.79
1870-1879      104      0.60000  0.46734  0.53      23      11      18       39   1.67
1870-1879      105      0.61506  0.46226  0.46      12       6       9       21   1.68
1870-1879      106      0.58209  0.45614  0.53       7       3       5       12   1.73
1870-1879      107      0.54930  0.41935  0.44       4       2       3        6   1.73
1870-1879      108      0.39130  0.33333  0.56       2       1       2        4   1.67
1870-1879      109      0.40000  0.33333  0.50       1       0       1        2   1.22
1870-1879      110+     1.71429  1.00000  0.58       1       1       1        1   0.58
1880-1889        0      0.09696  0.09085  0.31  100000    9085   93694  5362249  53.62
1880-1889        1      0.04169  0.04074  0.44   90915    3704   88840  5268556  57.95
1880-1889        2      0.02281  0.02254  0.46   87211    1965   86160  5179715  59.39
1880-1889        3      0.01600  0.01586  0.47   85246    1352   84536  5093556  59.75
1880-1889        4      0.01218  0.01211  0.48   83894    1016   83364  5009020  59.71
1880-1889        5      0.00968  0.00963  0.48   82878     798   82465  4925656  59.43
1880-1889        6      0.00766  0.00762  0.48   82080     626   81753  4843192  59.01
1880-1889        7      0.00620  0.00618  0.49   81454     503   81197  4761439  58.46
1880-1889        8      0.00525  0.00524  0.48   80951     424   80732  4680242  57.82
1880-1889        9      0.00455  0.00454  0.49   80527     365   80342  4599511  57.12
1880-1889       10      0.00408  0.00407  0.49   80162     326   79995  4519168  56.38
1880-1889       11      0.00379  0.00378  0.50   79835     302   79685  4439174  55.60
1880-1889       12      0.00363  0.00362  0.49   79534     288   79387  4359489  54.81
1880-1889       13      0.00368  0.00368  0.51   79246     291   79103  4280102  54.01
1880-1889       14      0.00405  0.00404  0.51   78954     319   78797  4200999  53.21
1880-1889       15      0.00464  0.00463  0.52   78635     364   78459  4122203  52.42
1880-1889       16      0.00551  0.00550  0.51   78271     430   78061  4043744  51.66
1880-1889       17      0.00620  0.00618  0.51   77841     481   77603  3965683  50.95
1880-1889       18      0.00692  0.00689  0.51   77360     533   77097  3888080  50.26
1880-1889       19      0.00740  0.00738  0.50   76826     567   76542  3810983  49.61
1880-1889       20      0.00758  0.00755  0.50   76260     576   75972  3734441  48.97
1880-1889       21      0.00776  0.00773  0.50   75684     585   75390  3658470  48.34
1880-1889       22      0.00773  0.00770  0.50   75099     578   74808  3583079  47.71
1880-1889       23      0.00761  0.00758  0.50   74521     565   74237  3508271  47.08
1880-1889       24      0.00758  0.00755  0.50   73956     558   73676  3434035  46.43
1880-1889       25      0.00747  0.00744  0.50   73398     546   73122  3360359  45.78
1880-1889       26      0.00728  0.00725  0.50   72852     528   72586  3287236  45.12
1880-1889       27      0.00705  0.00703  0.49   72323     508   72067  3214650  44.45
1880-1889       28      0.00736  0.00733  0.51   71815     527   71557  3142583  43.76
1880-1889       29      0.00795  0.00792  0.50   71288     565   71007  3071026  43.08
1880-1889       30      0.00789  0.00786  0.50   70724     556   70444  3000019  42.42
1880-1889       31      0.00766  0.00764  0.50   70168     536   69899  2929576  41.75
1880-1889       32      0.00753  0.00750  0.50   69632     523   69370  2859677  41.07
1880-1889       33      0.00727  0.00725  0.50   69110     501   68857  2790307  40.38
1880-1889       34      0.00693  0.00690  0.50   68609     474   68370  2721450  39.67
1880-1889       35      0.00676  0.00674  0.50   68135     459   67905  2653080  38.94
1880-1889       36      0.00659  0.00656  0.50   67676     444   67453  2585175  38.20
1880-1889       37      0.00630  0.00628  0.49   67232     422   67019  2517722  37.45
1880-1889       38      0.00596  0.00594  0.50   66810     397   66610  2450704  36.68
1880-1889       39      0.00577  0.00575  0.50   66413     382   66222  2384094  35.90
1880-1889       40      0.00558  0.00557  0.50   66031     368   65846  2317872  35.10
1880-1889       41      0.00561  0.00559  0.50   65664     367   65482  2252027  34.30
1880-1889       42      0.00585  0.00583  0.50   65296     381   65107  2186545  33.49
1880-1889       43      0.00592  0.00591  0.50   64916     383   64724  2121439  32.68
1880-1889       44      0.00603  0.00601  0.50   64532     388   64339  2056715  31.87
1880-1889       45      0.00620  0.00618  0.50   64144     396   63947  1992376  31.06
1880-1889       46      0.00624  0.00622  0.50   63748     397   63549  1928429  30.25
1880-1889       47      0.00643  0.00641  0.51   63351     406   63151  1864880  29.44
1880-1889       48      0.00678  0.00676  0.50   62945     425   62733  1801729  28.62
1880-1889       49      0.00710  0.00707  0.50   62520     442   62300  1738996  27.82
1880-1889       50      0.00758  0.00755  0.51   62077     469   61846  1676696  27.01
1880-1889       51      0.00794  0.00791  0.50   61609     487   61366  1614850  26.21
1880-1889       52      0.00824  0.00820  0.50   61122     501   60873  1553484  25.42
1880-1889       53      0.00880  0.00876  0.51   60620     531   60358  1492611  24.62
1880-1889       54      0.00930  0.00926  0.50   60089     557   59812  1432254  23.84
1880-1889       55      0.00968  0.00963  0.50   59533     573   59248  1372441  23.05
1880-1889       56      0.01022  0.01017  0.50   58959     600   58662  1313193  22.27
1880-1889       57      0.01080  0.01074  0.50   58360     627   58048  1254531  21.50
1880-1889       58      0.01117  0.01111  0.50   57733     641   57413  1196483  20.72
1880-1889       59      0.01200  0.01193  0.51   57092     681   56758  1139070  19.95
1880-1889       60      0.01292  0.01284  0.50   56411     724   56049  1082313  19.19
1880-1889       61      0.01348  0.01339  0.50   55687     746   55317  1026263  18.43
1880-1889       62      0.01442  0.01431  0.50   54941     786   54551   970947  17.67
1880-1889       63      0.01573  0.01561  0.51   54154     845   53738   916395  16.92
1880-1889       64      0.01738  0.01723  0.51   53309     918   52856   862657  16.18
1880-1889       65      0.01912  0.01894  0.51   52391     992   51901   809801  15.46
1880-1889       66      0.02070  0.02049  0.50   51399    1053   50876   757901  14.75
1880-1889       67      0.02252  0.02227  0.51   50346    1121   49792   707025  14.04
1880-1889       68      0.02480  0.02450  0.51   49224    1206   48628   657232  13.35
1880-1889       69      0.02773  0.02736  0.51   48018    1314   47372   608604  12.67
1880-1889       70      0.03107  0.03060  0.51   46704    1429   45999   561232  12.02
1880-1889       71      0.03465  0.03406  0.51   45275    1542   44514   515233  11.38
1880-1889       72      0.03853  0.03781  0.51   43733    1654   42915   470719  10.76
1880-1889       73      0.04316  0.04226  0.51   42079    1778   41202   427804  10.17
1880-1889       74      0.04820  0.04707  0.50   40301    1897   39360   386602   9.59
1880-1889       75      0.05376  0.05237  0.51   38404    2011   37410   347242   9.04
1880-1889       76      0.06005  0.05831  0.50   36393    2122   35338   309832   8.51
1880-1889       77      0.06737  0.06520  0.51   34271    2234   33166   274493   8.01
1880-1889       78      0.07534  0.07261  0.50   32036    2326   30876   241327   7.53
1880-1889       79      0.08325  0.07993  0.50   29710    2375   28528   210451   7.08
1880-1889       80      0.09319  0.08905  0.50   27335    2434   26123   181923   6.66
1880-1889       81      0.10247  0.09745  0.50   24901    2427   23681   155800   6.26
1880-1889       82      0.11354  0.10746  0.50   22474    2415   21271   132119   5.88
1880-1889       83      0.12582  0.11830  0.50   20059    2373   18861   110847   5.53
1880-1889       84      0.13690  0.12809  0.50   17686    2265   16547    91986   5.20
1880-1889       85      0.14930  0.13880  0.49   15421    2140   14336    75439   4.89
1880-1889       86      0.16061  0.14852  0.49   13280    1972   12281    61103   4.60
1880-1889       87      0.17638  0.16194  0.49   11308    1831   10382    48822   4.32
1880-1889       88      0.19509  0.17747  0.49    9477    1682    8621    38440   4.06
1880-1889       89      0.21030  0.18983  0.49    7795    1480    7036    29819   3.83
1880-1889       90      0.22622  0.20277  0.49    6315    1281    5661    22783   3.61
1880-1889       91      0.24618  0.21874  0.49    5035    1101    4473    17122   3.40
1880-1889       92      0.26564  0.23372  0.49    3933     919    3461    12649   3.22
1880-1889       93      0.27653  0.24216  0.49    3014     730    2639     9188   3.05
1880-1889       94      0.30130  0.26073  0.48    2284     596    1977     6549   2.87
1880-1889       95      0.32583  0.27943  0.49    1689     472    1448     4572   2.71
1880-1889       96      0.34817  0.29515  0.48    1217     359    1031     3124   2.57
1880-1889       97      0.37431  0.31487  0.50     858     270     721     2092   2.44
1880-1889       98      0.38563  0.32187  0.49     588     189     490     1371   2.33
1880-1889       99      0.41962  0.34682  0.50     398     138     329      881   2.21
1880-1889      100      0.41304  0.34187  0.50     260      89     215      551   2.12
1880-1889      101      0.43906  0.36010  0.50     171      62     140      336   1.96
1880-1889      102      0.49631  0.39608  0.49     110      43      87      195   1.78
1880-1889      103      0.60759  0.46753  0.51      66      31      51      108   1.63
1880-1889      104      0.52850  0.41463  0.48      35      15      28       57   1.61
1880-1889      105      0.69903  0.50000  0.43      21      10      15       29   1.42
1880-1889      106      0.60000  0.45833  0.48      10       5       8       14   1.40
1880-1889      107      0.88889  0.61538  0.50       6       3       4        7   1.18
1880-1889      108      0.81818  0.60000  0.56       2       1       2        3   1.27
1880-1889      109      0.66667  0.50000  0.50       1       0       1        1   1.33
1880-1889      110+     0.85714  1.00000  1.17       0       0       1        1   1.17
1890-1899        0      0.09440  0.08859  0.31  100000    8859   93849  5729011  57.29
1890-1899        1      0.03487  0.03419  0.42   91141    3116   89344  5635162  61.83
1890-1899        2      0.01481  0.01469  0.45   88025    1293   87314  5545818  63.00
1890-1899        3      0.00914  0.00910  0.48   86732     789   86318  5458504  62.94
1890-1899        4      0.00672  0.00670  0.47   85943     575   85639  5372185  62.51
1890-1899        5      0.00503  0.00502  0.48   85368     428   85145  5286546  61.93
1890-1899        6      0.00423  0.00422  0.49   84939     358   84757  5201401  61.24
1890-1899        7      0.00371  0.00370  0.49   84581     313   84420  5116644  60.49
1890-1899        8      0.00336  0.00336  0.50   84268     283   84126  5032223  59.72
1890-1899        9      0.00328  0.00328  0.50   83985     275   83847  4948097  58.92
1890-1899       10      0.00328  0.00327  0.50   83710     274   83573  4864250  58.11
1890-1899       11      0.00315  0.00315  0.49   83436     263   83303  4780677  57.30
1890-1899       12      0.00311  0.00311  0.51   83174     258   83046  4697374  56.48
1890-1899       13      0.00334  0.00334  0.51   82915     277   82779  4614329  55.65
1890-1899       14      0.00366  0.00365  0.51   82639     302   82490  4531550  54.84
1890-1899       15      0.00415  0.00414  0.51   82337     341   82171  4449060  54.03
1890-1899       16      0.00481  0.00480  0.51   81996     393   81804  4366889  53.26
1890-1899       17      0.00558  0.00557  0.51   81603     454   81381  4285086  52.51
1890-1899       18      0.00651  0.00649  0.51   81148     527   80891  4203705  51.80
1890-1899       19      0.00742  0.00740  0.51   80622     596   80328  4122814  51.14
1890-1899       20      0.00799  0.00795  0.50   80025     637   79708  4042486  50.52
1890-1899       21      0.00828  0.00825  0.50   79389     655   79062  3962778  49.92
1890-1899       22      0.00841  0.00838  0.50   78734     660   78404  3883716  49.33
1890-1899       23      0.00831  0.00827  0.50   78075     646   77750  3805312  48.74
1890-1899       24      0.00798  0.00795  0.49   77429     615   77118  3727562  48.14
1890-1899       25      0.00756  0.00754  0.49   76813     579   76521  3650445  47.52
1890-1899       26      0.00740  0.00738  0.50   76235     562   75953  3573923  46.88
1890-1899       27      0.00733  0.00730  0.50   75672     552   75394  3497970  46.23
1890-1899       28      0.00654  0.00652  0.48   75120     489   74866  3422576  45.56
1890-1899       29      0.00564  0.00563  0.49   74630     420   74417  3347710  44.86
1890-1899       30      0.00525  0.00523  0.49   74210     388   74014  3273292  44.11
1890-1899       31      0.00495  0.00494  0.50   73822     365   73638  3199279  43.34
1890-1899       32      0.00476  0.00475  0.50   73457     349   73282  3125641  42.55
1890-1899       33      0.00467  0.00466  0.50   73108     341   72938  3052359  41.75
1890-1899       34      0.00465  0.00464  0.50   72768     337   72599  2979421  40.94
1890-1899       35      0.00462  0.00461  0.50   72430     334   72263  2906823  40.13
1890-1899       36      0.00451  0.00450  0.50   72096     325   71933  2834560  39.32
1890-1899       37      0.00439  0.00438  0.50   71772     314   71614  2762627  38.49
1890-1899       38      0.00445  0.00444  0.50   71458     317   71300  2691013  37.66
1890-1899       39      0.00456  0.00455  0.50   71141     324   70979  2619713  36.82
1890-1899       40      0.00447  0.00446  0.50   70817     316   70657  2548734  35.99
1890-1899       41      0.00453  0.00452  0.51   70501     319   70344  2478076  35.15
1890-1899       42      0.00475  0.00474  0.50   70182     333   70016  2407733  34.31
1890-1899       43      0.00481  0.00480  0.50   69849     335   69682  2337717  33.47
1890-1899       44      0.00513  0.00512  0.51   69514     356   69340  2268035  32.63
1890-1899       45      0.00539  0.00537  0.50   69158     372   68972  2198695  31.79
1890-1899       46      0.00548  0.00547  0.50   68787     376   68600  2129723  30.96
1890-1899       47      0.00556  0.00554  0.50   68411     379   68221  2061123  30.13
1890-1899       48      0.00571  0.00570  0.51   68032     387   67840  1992902  29.29
1890-1899       49      0.00591  0.00590  0.50   67644     399   67445  1925062  28.46
1890-1899       50      0.00625  0.00623  0.51   67245     419   67039  1857617  27.62
1890-1899       51      0.00653  0.00651  0.50   66827     435   66609  1790578  26.79
1890-1899       52      0.00655  0.00653  0.50   66392     434   66175  1723969  25.97
1890-1899       53      0.00683  0.00681  0.51   65958     449   65736  1657795  25.13
1890-1899       54      0.00723  0.00721  0.50   65509     472   65274  1592059  24.30
1890-1899       55      0.00760  0.00758  0.51   65037     493   64793  1526785  23.48
1890-1899       56      0.00822  0.00819  0.51   64544     528   64283  1461992  22.65
1890-1899       57      0.00882  0.00878  0.50   64016     562   63737  1397709  21.83
1890-1899       58      0.00944  0.00940  0.51   63454     597   63159  1333971  21.02
1890-1899       59      0.01052  0.01046  0.51   62857     658   62535  1270813  20.22
1890-1899       60      0.01163  0.01156  0.51   62199     719   61843  1208278  19.43
1890-1899       61      0.01260  0.01252  0.51   61480     770   61100  1146435  18.65
1890-1899       62      0.01392  0.01382  0.51   60710     839   60298  1085335  17.88
1890-1899       63      0.01553  0.01541  0.51   59871     923   59417  1025037  17.12
1890-1899       64      0.01744  0.01729  0.51   58948    1019   58448   965620  16.38
1890-1899       65      0.01934  0.01916  0.51   57929    1110   57380   907172  15.66
1890-1899       66      0.02133  0.02111  0.51   56819    1200   56229   849792  14.96
1890-1899       67      0.02348  0.02321  0.51   55620    1291   54981   793564  14.27
1890-1899       68      0.02606  0.02573  0.51   54329    1398   53641   738583  13.59
1890-1899       69      0.02930  0.02888  0.51   52931    1529   52177   684942  12.94
1890-1899       70      0.03280  0.03228  0.51   51402    1659   50583   632765  12.31
1890-1899       71      0.03662  0.03597  0.51   49743    1789   48859   582182  11.70
1890-1899       72      0.04009  0.03931  0.50   47954    1885   47017   533323  11.12
1890-1899       73      0.04417  0.04323  0.51   46068    1991   45085   486307  10.56
1890-1899       74      0.04884  0.04768  0.50   44077    2102   43032   441221  10.01
1890-1899       75      0.05369  0.05230  0.50   41975    2195   40888   398189   9.49
1890-1899       76      0.05916  0.05747  0.50   39780    2286   38642   357301   8.98
1890-1899       77      0.06421  0.06222  0.50   37494    2333   36330   318659   8.50
1890-1899       78      0.07071  0.06831  0.50   35161    2402   33969   282329   8.03
1890-1899       79      0.07778  0.07487  0.50   32759    2453   31533   248360   7.58
1890-1899       80      0.08491  0.08146  0.50   30307    2469   29075   216827   7.15
1890-1899       81      0.09346  0.08928  0.50   27838    2485   26594   187752   6.74
1890-1899       82      0.10115  0.09627  0.50   25352    2441   24128   161158   6.36
1890-1899       83      0.11057  0.10475  0.50   22912    2400   21707   137030   5.98
1890-1899       84      0.11987  0.11304  0.50   20512    2319   19343   115323   5.62
1890-1899       85      0.13099  0.12291  0.50   18193    2236   17071    95980   5.28
1890-1899       86      0.14346  0.13383  0.50   15957    2136   14886    78909   4.95
1890-1899       87      0.15667  0.14529  0.50   13821    2008   12817    64023   4.63
1890-1899       88      0.16795  0.15491  0.50   11813    1830   10896    51206   4.33
1890-1899       89      0.18929  0.17279  0.50    9983    1725    9113    40310   4.04
1890-1899       90      0.20810  0.18846  0.50    8258    1556    7479    31197   3.78
1890-1899       91      0.22306  0.20063  0.50    6702    1345    6028    23718   3.54
1890-1899       92      0.24526  0.21837  0.50    5357    1170    4770    17690   3.30
1890-1899       93      0.26342  0.23245  0.49    4187     973    3695    12920   3.09
1890-1899       94      0.29474  0.25647  0.49    3214     824    2797     9225   2.87
1890-1899       95      0.32305  0.27776  0.50    2390     664    2055     6428   2.69
1890-1899       96      0.34587  0.29469  0.50    1726     509    1471     4374   2.53
1890-1899       97      0.36894  0.31141  0.50    1217     379    1028     2903   2.38
1890-1899       98      0.39837  0.33148  0.49     838     278     698     1875   2.24
1890-1899       99      0.41102  0.34015  0.49     560     191     464     1178   2.10
1890-1899      100      0.48585  0.39099  0.50     370     145     298      714   1.93
1890-1899      101      0.53067  0.41527  0.48     225      94     176      417   1.85
1890-1899      102      0.50687  0.40136  0.48     132      53     104      240   1.83
1890-1899      103      0.52788  0.41591  0.49      79      33      62      136   1.73
1890-1899      104      0.63322  0.47471  0.47      46      22      35       74   1.61
1890-1899      105      0.50316  0.39259  0.44      24       9      19       39   1.63
1890-1899      106      0.61290  0.46341  0.47      15       7      11       21   1.40
1890-1899      107      0.89011  0.61364  0.49       8       5       5        9   1.20
1890-1899      108      0.64865  0.47059  0.42       3       1       2        4   1.33
1890-1899      109      0.54545  0.44444  0.58       2       1       1        2   1.15
1890-1899      110+     1.66667  1.00000  0.60       1       1       1        1   0.60
1900-1909        0      0.07313  0.06954  0.30  100000    6954   95099  6231556  62.32
1900-1909        1      0.02372  0.02340  0.42   93046    2177   91777  6136458  65.95
1900-1909        2      0.00962  0.00957  0.46   90868     870   90395  6044680  66.52
1900-1909        3      0.00621  0.00619  0.48   89998     557   89706  5954286  66.16
1900-1909        4      0.00487  0.00486  0.48   89441     434   89217  5864579  65.57
1900-1909        5      0.00411  0.00410  0.49   89007     365   88819  5775363  64.89
1900-1909        6      0.00351  0.00350  0.49   88641     310   88481  5686543  64.15
1900-1909        7      0.00311  0.00311  0.50   88331     275   88192  5598062  63.38
1900-1909        8      0.00298  0.00298  0.50   88056     262   87924  5509870  62.57
1900-1909        9      0.00293  0.00293  0.50   87794     257   87665  5421945  61.76
1900-1909       10      0.00284  0.00284  0.49   87537     248   87411  5334280  60.94
1900-1909       11      0.00270  0.00269  0.50   87288     235   87170  5246869  60.11
1900-1909       12      0.00272  0.00271  0.50   87053     236   86936  5159699  59.27
1900-1909       13      0.00294  0.00294  0.51   86817     255   86692  5072763  58.43
1900-1909       14      0.00338  0.00337  0.51   86562     292   86420  4986071  57.60
1900-1909       15      0.00403  0.00403  0.51   86270     347   86102  4899650  56.79
1900-1909       16      0.00472  0.00471  0.51   85923     404   85725  4813549  56.02
1900-1909       17      0.00537  0.00535  0.51   85518     458   85294  4727824  55.28
1900-1909       18      0.00553  0.00551  0.49   85061     469   84823  4642530  54.58
1900-1909       19      0.00540  0.00539  0.50   84592     456   84364  4557707  53.88
1900-1909       20      0.00550  0.00549  0.50   84136     462   83905  4473343  53.17
1900-1909       21      0.00550  0.00548  0.50   83674     459   83444  4389438  52.46
1900-1909       22      0.00541  0.00539  0.50   83216     449   82990  4305994  51.74
1900-1909       23      0.00523  0.00521  0.49   82767     431   82549  4223004  51.02
1900-1909       24      0.00500  0.00499  0.50   82336     411   82129  4140455  50.29
1900-1909       25      0.00481  0.00480  0.50   81925     393   81727  4058326  49.54
1900-1909       26      0.00458  0.00457  0.50   81532     372   81344  3976599  48.77
1900-1909       27      0.00439  0.00438  0.50   81160     356   80981  3895255  47.99
1900-1909       28      0.00412  0.00411  0.49   80804     332   80635  3814275  47.20
1900-1909       29      0.00391  0.00391  0.50   80472     314   80314  3733639  46.40
1900-1909       30      0.00386  0.00385  0.50   80157     309   80002  3653325  45.58
1900-1909       31      0.00377  0.00376  0.50   79849     300   79698  3573323  44.75
1900-1909       32      0.00375  0.00375  0.50   79549     298   79400  3493624  43.92
1900-1909       33      0.00368  0.00368  0.50   79251     291   79104  3414225  43.08
1900-1909       34      0.00367  0.00366  0.50   78959     289   78815  3335121  42.24
1900-1909       35      0.00378  0.00377  0.50   78670     296   78522  3256306  41.39
1900-1909       36      0.00383  0.00382  0.50   78373     299   78224  3177784  40.55
1900-1909       37      0.00380  0.00379  0.50   78074     296   77925  3099560  39.70
1900-1909       38      0.00374  0.00373  0.50   77778     290   77632  3021634  38.85
1900-1909       39      0.00363  0.00363  0.50   77487     281   77346  2944003  37.99
1900-1909       40      0.00357  0.00356  0.50   77206     275   77069  2866657  37.13
1900-1909       41      0.00354  0.00353  0.50   76931     272   76795  2789588  36.26
1900-1909       42      0.00345  0.00344  0.50   76659     264   76526  2712793  35.39
1900-1909       43      0.00342  0.00341  0.50   76395     261   76265  2636267  34.51
1900-1909       44      0.00341  0.00341  0.50   76134     259   76004  2560002  33.62
1900-1909       45      0.00340  0.00339  0.50   75875     257   75747  2483998  32.74
1900-1909       46      0.00354  0.00353  0.51   75618     267   75485  2408251  31.85
1900-1909       47      0.00370  0.00370  0.50   75351     279   75212  2332766  30.96
1900-1909       48      0.00396  0.00395  0.51   75072     297   74926  2257554  30.07
1900-1909       49      0.00435  0.00434  0.51   74775     325   74615  2182628  29.19
1900-1909       50      0.00453  0.00452  0.50   74450     337   74282  2108013  28.31
1900-1909       51      0.00479  0.00478  0.51   74114     354   73940  2033731  27.44
1900-1909       52      0.00535  0.00533  0.51   73760     393   73566  1959791  26.57
1900-1909       53      0.00599  0.00597  0.51   73366     438   73151  1886225  25.71
1900-1909       54      0.00654  0.00652  0.50   72928     476   72693  1813074  24.86
1900-1909       55      0.00718  0.00716  0.51   72452     519   72198  1740381  24.02
1900-1909       56      0.00797  0.00794  0.51   71934     571   71652  1668183  23.19
1900-1909       57      0.00862  0.00858  0.50   71362     613   71059  1596531  22.37
1900-1909       58      0.00948  0.00944  0.51   70750     668   70422  1525472  21.56
1900-1909       59      0.01061  0.01056  0.51   70082     740   69718  1455050  20.76
1900-1909       60      0.01172  0.01165  0.51   69342     808   68944  1385332  19.98
1900-1909       61      0.01297  0.01288  0.51   68534     883   68099  1316389  19.21
1900-1909       62      0.01438  0.01428  0.51   67651     966   67175  1248289  18.45
1900-1909       63      0.01594  0.01581  0.51   66685    1055   66165  1181114  17.71
1900-1909       64      0.01751  0.01736  0.51   65630    1139   65067  1114949  16.99
1900-1909       65      0.01920  0.01902  0.51   64491    1227   63886  1049882  16.28
1900-1909       66      0.02107  0.02085  0.51   63264    1319   62612   985996  15.59
1900-1909       67      0.02299  0.02273  0.51   61945    1408   61248   923384  14.91
1900-1909       68      0.02513  0.02482  0.51   60537    1503   59793   862136  14.24
1900-1909       69      0.02753  0.02716  0.51   59034    1604   58241   802343  13.59
1900-1909       70      0.03023  0.02978  0.51   57430    1710   56584   744102  12.96
1900-1909       71      0.03316  0.03262  0.50   55720    1818   54815   687517  12.34
1900-1909       72      0.03573  0.03511  0.50   53902    1892   52962   632702  11.74
1900-1909       73      0.03917  0.03842  0.50   52010    1998   51015   579740  11.15
1900-1909       74      0.04294  0.04204  0.50   50011    2103   48969   528725  10.57
1900-1909       75      0.04723  0.04614  0.50   47909    2211   46807   479756  10.01
1900-1909       76      0.05163  0.05033  0.50   45698    2300   44547   432949   9.47
1900-1909       77      0.05721  0.05563  0.50   43399    2414   42194   388402   8.95
1900-1909       78      0.06277  0.06086  0.50   40985    2494   39737   346208   8.45
1900-1909       79      0.06932  0.06699  0.50   38490    2578   37198   306471   7.96
1900-1909       80      0.07529  0.07257  0.50   35912    2606   34616   269273   7.50
1900-1909       81      0.08182  0.07861  0.50   33306    2618   31999   234657   7.05
1900-1909       82      0.09223  0.08817  0.50   30687    2706   29334   202657   6.60
1900-1909       83      0.09917  0.09448  0.50   27982    2644   26661   173323   6.19
1900-1909       84      0.11159  0.10568  0.50   25338    2678   23996   146662   5.79
1900-1909       85      0.12122  0.11431  0.50   22660    2590   21368   122666   5.41
1900-1909       86      0.13349  0.12509  0.50   20070    2511   18807   101298   5.05
1900-1909       87      0.15066  0.14008  0.50   17559    2460   16326    82490   4.70
1900-1909       88      0.16536  0.15265  0.50   15100    2305   13939    66164   4.38
1900-1909       89      0.18454  0.16892  0.50   12795    2161   11711    52225   4.08
1900-1909       90      0.19951  0.18138  0.50   10633    1929    9667    40513   3.81
1900-1909       91      0.22011  0.19828  0.50    8705    1726    7841    30846   3.54
1900-1909       92      0.24390  0.21742  0.50    6979    1517    6221    23005   3.30
1900-1909       93      0.26770  0.23581  0.49    5461    1288    4811    16784   3.07
1900-1909       94      0.29429  0.25603  0.49    4174    1069    3631    11973   2.87
1900-1909       95      0.31917  0.27481  0.49    3105     853    2673     8342   2.69
1900-1909       96      0.34329  0.29243  0.49    2252     658    1918     5669   2.52
1900-1909       97      0.38434  0.32159  0.49    1593     512    1333     3750   2.35
1900-1909       98      0.40535  0.33636  0.49    1081     364     897     2417   2.24
1900-1909       99      0.41159  0.34111  0.50     717     245     594     1520   2.12
1900-1909      100      0.46093  0.37281  0.49     473     176     382      926   1.96
1900-1909      101      0.51022  0.40331  0.48     296     120     234      544   1.83
1900-1909      102      0.51319  0.40918  0.50     177      72     141      309   1.75
1900-1909      103      0.58146  0.44660  0.48     105      47      80      168   1.61
1900-1909      104      0.61765  0.47076  0.49      58      27      44       88   1.52
1900-1909      105      0.61017  0.46409  0.48      31      14      23       44   1.44
1900-1909      106      0.78947  0.56701  0.50      16       9      12       21   1.26
1900-1909      107      0.82759  0.57143  0.46       7       4       5        9   1.25
1900-1909      108      0.69231  0.50000  0.44       3       2       2        4   1.31
1900-1909      109      0.75000  0.55556  0.53       2       1       1        2   1.19
1900-1909      110+     1.00000  1.00000  1.00       1       1       1        1   1.00
1910-1919        0      0.06210  0.05936  0.26  100000    5936   95588  6654654  66.55
1910-1919        1      0.01950  0.01928  0.42   94064    1813   93006  6559066  69.73
1910-1919        2      0.00786  0.00783  0.46   92250     722   91859  6466060  70.09
1910-1919        3      0.00520  0.00518  0.48   91528     474   91280  6374201  69.64
1910-1919        4      0.00409  0.00408  0.48   91054     372   90862  6282921  69.00
1910-1919        5      0.00334  0.00334  0.48   90682     303   90525  6192059  68.28
1910-1919        6      0.00286  0.00285  0.49   90379     258   90249  6101534  67.51
1910-1919        7      0.00253  0.00253  0.49   90122     228   90005  6011286  66.70
1910-1919        8      0.00215  0.00214  0.49   89894     193   89795  5921281  65.87
1910-1919        9      0.00184  0.00184  0.49   89701     165   89617  5831486  65.01
1910-1919       10      0.00166  0.00166  0.49   89536     148   89461  5741869  64.13
1910-1919       11      0.00158  0.00158  0.50   89388     141   89317  5652408  63.23
1910-1919       12      0.00160  0.00160  0.50   89247     143   89176  5563090  62.33
1910-1919       13      0.00171  0.00171  0.51   89104     152   89029  5473914  61.43
1910-1919       14      0.00194  0.00194  0.51   88952     172   88868  5384885  60.54
1910-1919       15      0.00221  0.00220  0.51   88780     196   88684  5296017  59.65
1910-1919       16      0.00251  0.00251  0.51   88584     222   88475  5207334  58.78
1910-1919       17      0.00284  0.00284  0.51   88361     251   88238  5118858  57.93
1910-1919       18      0.00303  0.00302  0.50   88110     266   87978  5030621  57.09
1910-1919       19      0.00309  0.00308  0.50   87844     271   87709  4942643  56.27
1910-1919       20      0.00321  0.00320  0.50   87573     280   87434  4854934  55.44
1910-1919       21      0.00339  0.00339  0.50   87293     296   87146  4767500  54.62
1910-1919       22      0.00348  0.00347  0.50   86997     302   86846  4680353  53.80
1910-1919       23      0.00358  0.00357  0.50   86695     310   86542  4593507  52.98
1910-1919       24      0.00361  0.00361  0.50   86386     311   86229  4506966  52.17
1910-1919       25      0.00357  0.00357  0.50   86074     307   85921  4420737  51.36
1910-1919       26      0.00358  0.00358  0.50   85767     307   85613  4334816  50.54
1910-1919       27      0.00343  0.00342  0.49   85460     292   85312  4249203  49.72
1910-1919       28      0.00322  0.00322  0.50   85168     274   85030  4163891  48.89
1910-1919       29      0.00309  0.00308  0.50   84894     262   84762  4078861  48.05
1910-1919       30      0.00291  0.00291  0.49   84633     246   84508  3994099  47.19
1910-1919       31      0.00268  0.00267  0.49   84386     226   84271  3909591  46.33
1910-1919       32      0.00242  0.00242  0.49   84161     203   84057  3825319  45.45
1910-1919       33      0.00219  0.00219  0.49   83957     184   83864  3741262  44.56
1910-1919       34      0.00200  0.00199  0.49   83774     167   83689  3657398  43.66
1910-1919       35      0.00187  0.00187  0.50   83607     156   83528  3573709  42.74
1910-1919       36      0.00175  0.00175  0.49   83450     146   83376  3490181  41.82
1910-1919       37      0.00177  0.00177  0.51   83304     147   83232  3406805  40.90
1910-1919       38      0.00176  0.00176  0.49   83157     146   83082  3323573  39.97
1910-1919       39      0.00175  0.00175  0.51   83011     145   82939  3240491  39.04
1910-1919       40      0.00184  0.00183  0.50   82865     152   82789  3157551  38.10
1910-1919       41      0.00201  0.00201  0.52   82713     166   82633  3074762  37.17
1910-1919       42      0.00223  0.00223  0.50   82547     184   82456  2992129  36.25
1910-1919       43      0.00239  0.00239  0.51   82363     197   82267  2909673  35.33
1910-1919       44      0.00257  0.00257  0.50   82167     211   82062  2827407  34.41
1910-1919       45      0.00277  0.00277  0.51   81955     227   81844  2745345  33.50
1910-1919       46      0.00300  0.00299  0.50   81729     245   81608  2663501  32.59
1910-1919       47      0.00324  0.00324  0.51   81484     264   81354  2581894  31.69
1910-1919       48      0.00366  0.00365  0.51   81220     297   81075  2500540  30.79
1910-1919       49      0.00404  0.00403  0.50   80924     326   80762  2419464  29.90
1910-1919       50      0.00447  0.00446  0.51   80598     360   80422  2338702  29.02
1910-1919       51      0.00496  0.00495  0.51   80238     397   80042  2258280  28.14
1910-1919       52      0.00538  0.00537  0.51   79841     429   79630  2178239  27.28
1910-1919       53      0.00589  0.00587  0.51   79412     466   79182  2098609  26.43
1910-1919       54      0.00657  0.00655  0.51   78946     517   78693  2019427  25.58
1910-1919       55      0.00732  0.00729  0.51   78429     572   78147  1940734  24.75
1910-1919       56      0.00795  0.00791  0.51   77857     616   77552  1862587  23.92
1910-1919       57      0.00872  0.00868  0.51   77241     671   76911  1785035  23.11
1910-1919       58      0.00956  0.00952  0.51   76570     729   76210  1708124  22.31
1910-1919       59      0.01041  0.01036  0.51   75841     785   75454  1631914  21.52
1910-1919       60      0.01129  0.01123  0.51   75056     843   74639  1556460  20.74
1910-1919       61      0.01236  0.01228  0.51   74213     912   73764  1481821  19.97
1910-1919       62      0.01356  0.01347  0.50   73302     987   72811  1408057  19.21
1910-1919       63      0.01468  0.01457  0.50   72314    1054   71793  1335245  18.46
1910-1919       64      0.01624  0.01611  0.50   71261    1148   70687  1263453  17.73
1910-1919       65      0.01752  0.01737  0.50   70113    1218   69504  1192766  17.01
1910-1919       66      0.01923  0.01904  0.50   68895    1312   68240  1123262  16.30
1910-1919       67      0.02067  0.02045  0.50   67583    1382   66890  1055021  15.61
1910-1919       68      0.02297  0.02271  0.50   66201    1503   65451   988132  14.93
1910-1919       69      0.02441  0.02411  0.50   64698    1560   63914   922680  14.26
1910-1919       70      0.02762  0.02724  0.50   63138    1720   62272   858767  13.60
1910-1919       71      0.03049  0.03003  0.50   61418    1845   60489   796495  12.97
1910-1919       72      0.03278  0.03225  0.50   59573    1921   58609   736006  12.35
1910-1919       73      0.03637  0.03572  0.50   57652    2059   56624   677397  11.75
1910-1919       74      0.03958  0.03881  0.50   55592    2158   54508   620773  11.17
1910-1919       75      0.04357  0.04264  0.50   53435    2279   52294   566265  10.60
1910-1919       76      0.04740  0.04630  0.50   51156    2369   49968   513971  10.05
1910-1919       77      0.05110  0.04984  0.50   48787    2431   47578   464003   9.51
1910-1919       78      0.05647  0.05492  0.50   46356    2546   45085   416425   8.98
1910-1919       79      0.06172  0.05988  0.50   43810    2623   42502   371339   8.48
1910-1919       80      0.06816  0.06591  0.50   41187    2715   39831   328838   7.98
1910-1919       81      0.07499  0.07228  0.50   38472    2781   37081   289007   7.51
1910-1919       82      0.08268  0.07939  0.50   35691    2834   34272   251925   7.06
1910-1919       83      0.09129  0.08731  0.50   32858    2869   31424   217653   6.62
1910-1919       84      0.10017  0.09538  0.50   29989    2860   28556   186229   6.21
1910-1919       85      0.11027  0.10450  0.50   27128    2835   25710   157673   5.81
1910-1919       86      0.12134  0.11439  0.50   24294    2779   22903   131963   5.43
1910-1919       87      0.13379  0.12540  0.50   21514    2698   20165   109060   5.07
1910-1919       88      0.14883  0.13849  0.50   18817    2606   17510    88895   4.72
1910-1919       89      0.16305  0.15079  0.50   16211    2444   14992    71385   4.40
1910-1919       90      0.18053  0.16550  0.50   13766    2278   12620    56393   4.10
1910-1919       91      0.19960  0.18141  0.50   11488    2084   10441    43773   3.81
1910-1919       92      0.22248  0.20007  0.50    9404    1881    8457    33332   3.54
1910-1919       93      0.23837  0.21292  0.50    7523    1602    6719    24876   3.31
1910-1919       94      0.26312  0.23224  0.49    5921    1375    5226    18156   3.07
1910-1919       95      0.29474  0.25666  0.50    4546    1167    3959    12930   2.84
1910-1919       96      0.32240  0.27729  0.50    3379     937    2906     8972   2.66
1910-1919       97      0.35136  0.29836  0.49    2442     729    2074     6065   2.48
1910-1919       98      0.37749  0.31648  0.49    1713     542    1437     3992   2.33
1910-1919       99      0.39837  0.33149  0.49    1171     388     975     2555   2.18
1910-1919      100      0.46202  0.37402  0.49     783     293     634     1581   2.02
1910-1919      101      0.46160  0.37445  0.50     490     184     398      947   1.93
1910-1919      102      0.50942  0.40411  0.49     307     124     243      549   1.79
1910-1919      103      0.51195  0.40798  0.50     183      75     146      306   1.67
1910-1919      104      0.54395  0.42462  0.48     108      46      84      160   1.48
1910-1919      105      0.77452  0.54532  0.46      62      34      44       76   1.22
1910-1919      106      0.83067  0.57994  0.48      28      16      20       32   1.14
1910-1919      107      0.93721  0.62195  0.46      12       7       8       12   1.04
1910-1919      108      0.93103  0.64286  0.52       4       3       3        5   1.01
1910-1919      109      0.84615  0.54098  0.33       2       1       1        1   0.89
1910-1919      110+     1.86000  1.00000  0.54       1       1       0        0   0.54
1920-1929        0      0.04836  0.04658  0.21  100000    4658   96314  7105510  71.06
1920-1929        1      0.01233  0.01225  0.41   95342    1167   94655  7009196  73.52
1920-1929        2      0.00461  0.00459  0.46   94175     433   93940  6914542  73.42
1920-1929        3      0.00290  0.00289  0.47   93742     271   93598  6820602  72.76
1920-1929        4      0.00216  0.00216  0.48   93471     202   93367  6727003  71.97
1920-1929        5      0.00178  0.00178  0.48   93269     166   93183  6633636  71.12
1920-1929        6      0.00154  0.00154  0.49   93103     143   93031  6540453  70.25
1920-1929        7      0.00139  0.00139  0.49   92960     129   92894  6447422  69.36
1920-1929        8      0.00128  0.00128  0.50   92831     119   92771  6354529  68.45
1920-1929        9      0.00121  0.00121  0.49   92712     112   92655  6261757  67.54
1920-1929       10      0.00118  0.00118  0.50   92600     109   92546  6169102  66.62
1920-1929       11      0.00116  0.00116  0.49   92491     107   92437  6076557  65.70
1920-1929       12      0.00115  0.00115  0.51   92384     106   92332  5984120  64.77
1920-1929       13      0.00125  0.00125  0.51   92278     116   92221  5891789  63.85
1920-1929       14      0.00146  0.00145  0.51   92162     134   92097  5799567  62.93
1920-1929       15      0.00169  0.00169  0.51   92028     156   91952  5707470  62.02
1920-1929       16      0.00188  0.00188  0.51   91873     172   91788  5615517  61.12
1920-1929       17      0.00214  0.00214  0.51   91700     196   91605  5523730  60.24
1920-1929       18      0.00247  0.00246  0.51   91504     225   91393  5432125  59.36
1920-1929       19      0.00269  0.00269  0.51   91279     245   91157  5340731  58.51
1920-1929       20      0.00275  0.00274  0.50   91033     250   90908  5249574  57.67
1920-1929       21      0.00265  0.00265  0.50   90783     241   90662  5158666  56.82
1920-1929       22      0.00250  0.00249  0.49   90543     226   90428  5068004  55.97
1920-1929       23      0.00225  0.00224  0.49   90317     203   90214  4977576  55.11
1920-1929       24      0.00189  0.00189  0.48   90114     171   90026  4887362  54.24
1920-1929       25      0.00156  0.00156  0.49   89944     140   89872  4797336  53.34
1920-1929       26      0.00140  0.00140  0.49   89804     126   89740  4707464  52.42
1920-1929       27      0.00128  0.00128  0.49   89678     114   89620  4617724  51.49
1920-1929       28      0.00119  0.00119  0.50   89564     106   89511  4528104  50.56
1920-1929       29      0.00113  0.00113  0.49   89458     101   89406  4438593  49.62
1920-1929       30      0.00110  0.00110  0.50   89357      98   89308  4349187  48.67
1920-1929       31      0.00112  0.00112  0.50   89258     100   89208  4259879  47.73
1920-1929       32      0.00114  0.00114  0.50   89158     101   89108  4170671  46.78
1920-1929       33      0.00118  0.00118  0.50   89057     105   89005  4081563  45.83
1920-1929       34      0.00121  0.00121  0.50   88952     108   88898  3992558  44.88
1920-1929       35      0.00126  0.00126  0.50   88844     112   88789  3903660  43.94
1920-1929       36      0.00135  0.00135  0.51   88732     120   88673  3814871  42.99
1920-1929       37      0.00146  0.00146  0.51   88613     129   88549  3726197  42.05
1920-1929       38      0.00159  0.00159  0.51   88483     141   88414  3637649  41.11
1920-1929       39      0.00170  0.00170  0.50   88343     150   88268  3549234  40.18
1920-1929       40      0.00181  0.00180  0.51   88193     159   88114  3460966  39.24
1920-1929       41      0.00193  0.00193  0.50   88034     170   87949  3372852  38.31
1920-1929       42      0.00213  0.00212  0.51   87863     187   87772  3284903  37.39
1920-1929       43      0.00241  0.00241  0.51   87677     211   87573  3197131  36.46
1920-1929       44      0.00270  0.00269  0.51   87465     235   87350  3109558  35.55
1920-1929       45      0.00289  0.00289  0.50   87230     252   87105  3022208  34.65
1920-1929       46      0.00308  0.00308  0.51   86978     268   86846  2935103  33.75
1920-1929       47      0.00335  0.00334  0.51   86710     290   86567  2848257  32.85
1920-1929       48      0.00379  0.00378  0.51   86420     327   86261  2761690  31.96
1920-1929       49      0.00426  0.00425  0.51   86094     366   85913  2675429  31.08
1920-1929       50      0.00453  0.00452  0.50   85728     388   85536  2589516  30.21
1920-1929       51      0.00490  0.00489  0.51   85340     417   85136  2503980  29.34
1920-1929       52      0.00535  0.00533  0.51   84923     453   84700  2418844  28.48
1920-1929       53      0.00584  0.00582  0.50   84470     492   84222  2334145  27.63
1920-1929       54      0.00641  0.00639  0.50   83978     537   83712  2249922  26.79
1920-1929       55      0.00703  0.00701  0.50   83441     585   83148  2166210  25.96
1920-1929       56      0.00750  0.00747  0.50   82857     619   82545  2083062  25.14
1920-1929       57      0.00817  0.00814  0.50   82238     669   81904  2000517  24.33
1920-1929       58      0.00904  0.00900  0.50   81568     734   81200  1918613  23.52
1920-1929       59      0.00966  0.00961  0.50   80834     777   80444  1837413  22.73
1920-1929       60      0.01058  0.01052  0.50   80057     842   79634  1756969  21.95
1920-1929       61      0.01186  0.01179  0.50   79215     934   78745  1677335  21.17
1920-1929       62      0.01253  0.01245  0.49   78281     974   77787  1598590  20.42
1920-1929       63      0.01389  0.01379  0.50   77306    1066   76772  1520803  19.67
1920-1929       64      0.01498  0.01487  0.50   76240    1133   75671  1444031  18.94
1920-1929       65      0.01583  0.01570  0.49   75107    1179   74511  1368359  18.22
1920-1929       66      0.01706  0.01691  0.50   73928    1250   73298  1293848  17.50
1920-1929       67      0.01865  0.01847  0.49   72677    1342   71997  1220550  16.79
1920-1929       68      0.02053  0.02032  0.50   71335    1449   70605  1148553  16.10
1920-1929       69      0.02220  0.02195  0.50   69886    1534   69111  1077948  15.42
1920-1929       70      0.02388  0.02359  0.50   68351    1613   67540  1008836  14.76
1920-1929       71      0.02599  0.02565  0.49   66739    1712   65873   941297  14.10
1920-1929       72      0.02825  0.02785  0.50   65027    1811   64113   875424  13.46
1920-1929       73      0.03040  0.02994  0.49   63216    1893   62257   811310  12.83
1920-1929       74      0.03275  0.03222  0.50   61323    1976   60331   749053  12.21
1920-1929       75      0.03561  0.03499  0.50   59347    2076   58303   688722  11.60
1920-1929       76      0.03872  0.03798  0.50   57271    2175   56173   630419  11.01
1920-1929       77      0.04236  0.04148  0.50   55095    2285   53949   574246  10.42
1920-1929       78      0.04634  0.04529  0.50   52810    2392   51609   520297   9.85
1920-1929       79      0.05088  0.04960  0.50   50419    2501   49157   468688   9.30
1920-1929       80      0.05566  0.05415  0.50   47918    2595   46615   419531   8.76
1920-1929       81      0.06153  0.05968  0.49   45323    2705   43956   372916   8.23
1920-1929       82      0.06805  0.06581  0.50   42618    2805   41215   328960   7.72
1920-1929       83      0.07547  0.07271  0.50   39813    2895   38360   287746   7.23
1920-1929       84      0.08316  0.07983  0.50   36918    2947   35440   249385   6.76
1920-1929       85      0.09387  0.08965  0.50   33971    3045   32443   213946   6.30
1920-1929       86      0.10335  0.09827  0.50   30926    3039   29404   181503   5.87
1920-1929       87      0.11459  0.10834  0.50   27887    3021   26365   152099   5.45
1920-1929       88      0.12717  0.11952  0.50   24866    2972   23370   125734   5.06
1920-1929       89      0.14312  0.13356  0.50   21894    2924   20430   102364   4.68
1920-1929       90      0.16218  0.14995  0.50   18970    2845   17540    81934   4.32
1920-1929       91      0.17874  0.16398  0.50   16125    2644   14793    64394   3.99
1920-1929       92      0.20266  0.18391  0.50   13481    2479   12234    49601   3.68
1920-1929       93      0.22374  0.20116  0.50   11002    2213    9892    37367   3.40
1920-1929       94      0.25084  0.22250  0.49    8789    1955    7796    27475   3.13
1920-1929       95      0.28225  0.24691  0.49    6833    1687    5978    19680   2.88
1920-1929       96      0.31671  0.27305  0.50    5146    1405    4437    13702   2.66
1920-1929       97      0.34971  0.29678  0.49    3741    1110    3175     9265   2.48
1920-1929       98      0.37419  0.31386  0.49    2631     826    2206     6091   2.32
1920-1929       99      0.41150  0.33919  0.48    1805     612    1488     3884   2.15
1920-1929      100      0.47163  0.37953  0.49    1193     453     960     2396   2.01
1920-1929      101      0.47040  0.38030  0.50     740     281     598     1437   1.94
1920-1929      102      0.50065  0.39824  0.49     459     183     365      838   1.83
1920-1929      103      0.48030  0.38591  0.49     276     107     222      473   1.72
1920-1929      104      0.49669  0.39474  0.48     169      67     135      252   1.49
1920-1929      105      0.84564  0.57931  0.46     103      59      70      117   1.14
1920-1929      106      0.87755  0.60563  0.49      43      26      30       47   1.08
1920-1929      107      1.01613  0.65625  0.46      17      11      11       17   1.00
1920-1929      108      0.93103  0.64286  0.52       6       4       4        6   1.03
1920-1929      109      0.75000  0.50000  0.33       2       1       1        2   0.94
1920-1929      110+     1.80000  1.00000  0.56       1       1       1        1   0.56
1930-1932        0      0.04407  0.04255  0.19  100000    4255   96568  7362076  73.62
1930-1932        1      0.00967  0.00962  0.41   95745     921   95201  7265509  75.88
1930-1932        2      0.00343  0.00342  0.47   94824     324   94651  7170308  75.62
1930-1932        3      0.00242  0.00241  0.49   94500     228   94383  7075658  74.88
1930-1932        4      0.00186  0.00186  0.47   94272     176   94179  6981275  74.05
1930-1932        5      0.00144  0.00144  0.49   94096     135   94027  6887095  73.19
1930-1932        6      0.00132  0.00131  0.50   93961     124   93899  6793068  72.30
1930-1932        7      0.00113  0.00113  0.48   93837     106   93782  6699169  71.39
1930-1932        8      0.00104  0.00104  0.52   93731      97   93684  6605387  70.47
1930-1932        9      0.00128  0.00128  0.53   93634     119   93578  6511703  69.54
1930-1932       10      0.00144  0.00144  0.50   93515     134   93448  6418125  68.63
1930-1932       11      0.00153  0.00153  0.52   93380     143   93311  6324677  67.73
1930-1932       12      0.00155  0.00155  0.50   93238     144   93165  6231366  66.83
1930-1932       13      0.00144  0.00144  0.50   93093     134   93026  6138201  65.94
1930-1932       14      0.00121  0.00120  0.48   92959     112   92901  6045175  65.03
1930-1932       15      0.00104  0.00104  0.51   92847      96   92800  5952274  64.11
1930-1932       16      0.00110  0.00110  0.51   92751     102   92701  5859474  63.17
1930-1932       17      0.00117  0.00117  0.51   92649     108   92595  5766773  62.24
1930-1932       18      0.00108  0.00108  0.49   92540     100   92489  5674178  61.32
1930-1932       19      0.00104  0.00104  0.52   92441      96   92394  5581689  60.38
1930-1932       20      0.00114  0.00114  0.51   92344     105   92292  5489295  59.44
1930-1932       21      0.00108  0.00108  0.49   92239      99   92189  5397002  58.51
1930-1932       22      0.00089  0.00089  0.49   92140      82   92098  5304813  57.57
1930-1932       23      0.00089  0.00089  0.53   92058      82   92019  5212716  56.62
1930-1932       24      0.00091  0.00091  0.49   91976      84   91933  5120696  55.67
1930-1932       25      0.00083  0.00083  0.50   91892      76   91855  5028763  54.72
1930-1932       26      0.00086  0.00086  0.51   91816      79   91778  4936908  53.77
1930-1932       27      0.00091  0.00091  0.51   91737      83   91696  4845131  52.82
1930-1932       28      0.00094  0.00094  0.51   91654      86   91612  4753435  51.86
1930-1932       29      0.00095  0.00095  0.50   91568      87   91525  4661823  50.91
1930-1932       30      0.00095  0.00095  0.51   91481      87   91438  4570298  49.96
1930-1932       31      0.00091  0.00091  0.49   91394      83   91352  4478860  49.01
1930-1932       32      0.00093  0.00093  0.52   91311      85   91270  4387508  48.05
1930-1932       33      0.00103  0.00103  0.51   91226      94   91180  4296238  47.09
1930-1932       34      0.00099  0.00099  0.49   91132      90   91086  4205058  46.14
1930-1932       35      0.00106  0.00106  0.53   91041      97   90996  4113972  45.19
1930-1932       36      0.00123  0.00123  0.51   90945     112   90889  4022976  44.24
1930-1932       37      0.00129  0.00129  0.51   90833     117   90775  3932087  43.29
1930-1932       38      0.00146  0.00146  0.52   90715     133   90651  3841311  42.34
1930-1932       39      0.00161  0.00161  0.51   90583     145   90511  3750660  41.41
1930-1932       40      0.00166  0.00166  0.51   90437     150   90363  3660149  40.47
1930-1932       41      0.00187  0.00186  0.52   90287     168   90206  3569786  39.54
1930-1932       42      0.00209  0.00209  0.51   90119     188   90026  3479580  38.61
1930-1932       43      0.00216  0.00215  0.50   89930     194   89834  3389554  37.69
1930-1932       44      0.00236  0.00235  0.52   89737     211   89635  3299719  36.77
1930-1932       45      0.00270  0.00270  0.51   89525     241   89408  3210085  35.86
1930-1932       46      0.00291  0.00291  0.51   89284     260   89156  3120677  34.95
1930-1932       47      0.00320  0.00320  0.52   89024     285   88886  3031520  34.05
1930-1932       48      0.00359  0.00359  0.50   88740     318   88581  2942634  33.16
1930-1932       49      0.00391  0.00391  0.50   88421     345   88250  2854052  32.28
1930-1932       50      0.00429  0.00428  0.50   88076     377   87887  2765802  31.40
1930-1932       51      0.00455  0.00454  0.49   87699     398   87498  2677915  30.54
1930-1932       52      0.00494  0.00492  0.51   87301     430   87091  2590418  29.67
1930-1932       53      0.00533  0.00531  0.51   86871     461   86644  2503327  28.82
1930-1932       54      0.00622  0.00620  0.50   86409     536   86139  2416683  27.97
1930-1932       55      0.00674  0.00672  0.50   85874     577   85586  2330544  27.14
1930-1932       56      0.00721  0.00719  0.50   85296     613   84992  2244957  26.32
1930-1932       57      0.00758  0.00755  0.50   84683     640   84363  2159965  25.51
1930-1932       58      0.00815  0.00811  0.49   84044     682   83698  2075602  24.70
1930-1932       59      0.00894  0.00890  0.50   83362     742   82994  1991903  23.89
1930-1932       60      0.00959  0.00954  0.50   82620     788   82226  1908909  23.10
1930-1932       61      0.01046  0.01041  0.50   81832     852   81404  1826682  22.32
1930-1932       62      0.01129  0.01122  0.50   80980     909   80523  1745278  21.55
1930-1932       63      0.01202  0.01195  0.50   80071     957   79594  1664755  20.79
1930-1932       64      0.01279  0.01271  0.50   79115    1005   78615  1585161  20.04
1930-1932       65      0.01403  0.01393  0.49   78109    1088   77557  1506546  19.29
1930-1932       66      0.01446  0.01436  0.50   77021    1106   76473  1428989  18.55
1930-1932       67      0.01586  0.01574  0.50   75915    1195   75319  1352515  17.82
1930-1932       68      0.01757  0.01742  0.50   74721    1301   74072  1277197  17.09
1930-1932       69      0.01844  0.01827  0.51   73419    1342   72756  1203125  16.39
1930-1932       70      0.02003  0.01983  0.50   72078    1429   71362  1130369  15.68
1930-1932       71      0.02172  0.02149  0.50   70648    1518   69886  1059006  14.99
1930-1932       72      0.02304  0.02278  0.50   69130    1575   68335   989121  14.31
1930-1932       73      0.02469  0.02438  0.50   67556    1647   66724   920786  13.63
1930-1932       74      0.02701  0.02665  0.50   65908    1757   65036   854062  12.96
1930-1932       75      0.02962  0.02918  0.50   64151    1872   63207   789026  12.30
1930-1932       76      0.03207  0.03156  0.50   62279    1965   61296   725819  11.65
1930-1932       77      0.03665  0.03599  0.50   60314    2171   59230   664524  11.02
1930-1932       78      0.03920  0.03845  0.50   58143    2235   57031   605293  10.41
1930-1932       79      0.04323  0.04232  0.50   55908    2366   54728   548263   9.81
1930-1932       80      0.04799  0.04687  0.50   53542    2510   52292   493535   9.22
1930-1932       81      0.05539  0.05390  0.50   51032    2751   49659   441243   8.65
1930-1932       82      0.06009  0.05835  0.50   48282    2817   46880   391584   8.11
1930-1932       83      0.06640  0.06428  0.50   45464    2922   44013   344704   7.58
1930-1932       84      0.07254  0.07002  0.50   42542    2979   41066   300691   7.07
1930-1932       85      0.08069  0.07758  0.50   39563    3069   38034   259625   6.56
1930-1932       86      0.09204  0.08800  0.50   36494    3212   34892   221591   6.07
1930-1932       87      0.10309  0.09804  0.50   33282    3263   31651   186699   5.61
1930-1932       88      0.11609  0.10979  0.51   30019    3296   28392   155048   5.16
1930-1932       89      0.13520  0.12671  0.50   26723    3386   25045   126656   4.74
1930-1932       90      0.15515  0.14390  0.50   23337    3358   21645   101611   4.35
1930-1932       91      0.17622  0.16195  0.50   19979    3236   18361    79966   4.00
1930-1932       92      0.20738  0.18761  0.49   16743    3141   15147    61605   3.68
1930-1932       93      0.22144  0.19932  0.50   13602    2711   12243    46458   3.42
1930-1932       94      0.25053  0.22206  0.49   10891    2419    9654    34214   3.14
1930-1932       95      0.27692  0.24267  0.49    8473    2056    7425    24561   2.90
1930-1932       96      0.31530  0.27201  0.50    6417    1745    5535    17136   2.67
1930-1932       97      0.35089  0.29755  0.49    4671    1390    3961    11601   2.48
1930-1932       98      0.37419  0.31386  0.49    3281    1030    2752     7640   2.33
1930-1932       99      0.40952  0.33788  0.48    2251     761    1858     4888   2.17
1930-1932      100      0.46891  0.37784  0.49    1491     563    1201     3030   2.03
1930-1932      101      0.45513  0.37056  0.50     927     344     755     1829   1.97
1930-1932      102      0.49252  0.39336  0.49     584     230     466     1074   1.84
1930-1932      103      0.48030  0.38591  0.49     354     137     285      608   1.72
1930-1932      104      0.49669  0.39474  0.48     217      86     173      323   1.49
1930-1932      105      0.84564  0.57931  0.46     132      76      90      150   1.14
1930-1932      106      0.87755  0.60563  0.49      55      34      38       60   1.08
1930-1932      107      1.01613  0.65625  0.46      22      14      14       22   1.00
1930-1932      108      0.93103  0.64286  0.52       8       5       5        8   1.03
1930-1932      109      0.75000  0.50000  0.33       3       1       2        3   0.94
1930-1932      110+     1.80000  1.00000  0.56       1       1       1        1   0.56
