Belgium, Life tables (period 5x5), Females	Last modified: 14 Nov 2023;  Methods Protocol: v6 (2017)

  Year          Age         mx       qx    ax      lx      dx      Lx       Tx     ex
1841-1844        0      0.14937  0.13549  0.31  100000   13549   90707  4022015  40.22
1841-1844      1-4      0.04100  0.14816  1.39   86451   12808  312362  3931308  45.47
1841-1844      5-9      0.01121  0.05440  2.26   73643    4006  357221  3618946  49.14
1841-1844     10-14     0.00750  0.03679  2.43   69637    2562  341605  3261724  46.84
1841-1844     15-19     0.00906  0.04431  2.54   67075    2972  328049  2920120  43.54
1841-1844     20-24     0.00953  0.04654  2.52   64103    2983  313119  2592071  40.44
1841-1844     25-29     0.01021  0.04978  2.51   61120    3042  298010  2278951  37.29
1841-1844     30-34     0.01086  0.05287  2.51   58077    3070  282731  1980941  34.11
1841-1844     35-39     0.01245  0.06043  2.58   55007    3324  266998  1698211  30.87
1841-1844     40-44     0.01389  0.06708  2.45   51683    3467  249591  1431213  27.69
1841-1844     45-49     0.01344  0.06508  2.56   48216    3138  233413  1181622  24.51
1841-1844     50-54     0.01745  0.08370  2.56   45078    3773  216197   948209  21.03
1841-1844     55-59     0.02201  0.10454  2.62   41305    4318  196228   732011  17.72
1841-1844     60-64     0.03205  0.14872  2.58   36987    5501  171633   535784  14.49
1841-1844     65-69     0.04789  0.21480  2.60   31486    6763  141231   364151  11.57
1841-1844     70-74     0.07306  0.30887  2.50   24723    7636  104522   222920   9.02
1841-1844     75-79     0.10637  0.41893  2.47   17087    7158   67298   118398   6.93
1841-1844     80-84     0.16497  0.57278  2.33    9928    5687   34472    51100   5.15
1841-1844     85-89     0.23371  0.70144  2.15    4242    2975   12731    16628   3.92
1841-1844     90-94     0.30743  0.79870  1.99    1266    1011    3290     3897   3.08
1841-1844     95-99     0.40985  0.88540  1.79     255     226     551      607   2.38
1841-1844    100-104    0.51327  0.93520  1.60      29      27      53       56   1.93
1841-1844    105-109    0.61603  0.96339  1.43       2       2       3        3   1.62
1841-1844    110+       0.69633  1.00000  1.44       0       0       0        0   1.44
1845-1849        0      0.15650  0.14133  0.31  100000   14133   90306  3738687  37.39
1845-1849      1-4      0.04281  0.15412  1.41   85867   13234  309166  3648380  42.49
1845-1849      5-9      0.01265  0.06116  2.31   72633    4442  351196  3339215  45.97
1845-1849     10-14     0.00939  0.04584  2.41   68191    3126  332847  2988019  43.82
1845-1849     15-19     0.01061  0.05173  2.55   65065    3366  317090  2655172  40.81
1845-1849     20-24     0.01088  0.05295  2.45   61699    3267  300155  2338082  37.89
1845-1849     25-29     0.01114  0.05423  2.53   58432    3169  284349  2037926  34.88
1845-1849     30-34     0.01288  0.06242  2.53   55263    3449  267781  1753578  31.73
1845-1849     35-39     0.01444  0.06972  2.51   51814    3612  250082  1485796  28.68
1845-1849     40-44     0.01643  0.07893  2.51   48202    3804  231545  1235714  25.64
1845-1849     45-49     0.01703  0.08167  2.49   44397    3626  212891  1004169  22.62
1845-1849     50-54     0.02120  0.10080  2.57   40771    4110  193883   791278  19.41
1845-1849     55-59     0.02692  0.12630  2.56   36661    4631  171997   597396  16.29
1845-1849     60-64     0.03936  0.17971  2.58   32031    5756  146232   425398  13.28
1845-1849     65-69     0.05481  0.24143  2.53   26275    6344  115729   279166  10.62
1845-1849     70-74     0.08595  0.35405  2.51   19931    7057   82101   163437   8.20
1845-1849     75-79     0.12138  0.46043  2.38   12874    5928   48834    81336   6.32
1845-1849     80-84     0.18766  0.62129  2.28    6947    4316   22998    32502   4.68
1845-1849     85-89     0.25650  0.73344  2.08    2631    1930    7523     9504   3.61
1845-1849     90-94     0.33894  0.83461  1.96     701     585    1727     1981   2.83
1845-1849     95-99     0.44754  0.90689  1.72     116     105     235      254   2.19
1845-1849    100-104    0.55221  0.94781  1.54      11      10      19       19   1.80
1845-1849    105-109    0.65299  0.97024  1.38       1       1       1        1   1.53
1845-1849    110+       0.73022  1.00000  1.37       0       0       0        0   1.37
1850-1854        0      0.14547  0.13227  0.31  100000   13227   90928  4139665  41.40
1850-1854      1-4      0.03643  0.13325  1.43   86773   11562  317372  4048737  46.66
1850-1854      5-9      0.01069  0.05191  2.25   75211    3904  365333  3731365  49.61
1850-1854     10-14     0.00747  0.03665  2.44   71307    2613  349843  3366032  47.21
1850-1854     15-19     0.00886  0.04336  2.55   68693    2978  336168  3016189  43.91
1850-1854     20-24     0.00926  0.04525  2.49   65715    2973  321125  2680021  40.78
1850-1854     25-29     0.00974  0.04752  2.49   62742    2982  306231  2358896  37.60
1850-1854     30-34     0.01047  0.05104  2.54   59760    3050  291283  2052665  34.35
1850-1854     35-39     0.01194  0.05800  2.51   56710    3289  275358  1761382  31.06
1850-1854     40-44     0.01218  0.05906  2.46   53421    3155  259095  1486024  27.82
1850-1854     45-49     0.01286  0.06236  2.56   50266    3135  243682  1226929  24.41
1850-1854     50-54     0.01651  0.07932  2.55   47131    3739  226510   983247  20.86
1850-1854     55-59     0.02176  0.10342  2.62   43393    4488  206274   756737  17.44
1850-1854     60-64     0.03326  0.15396  2.59   38905    5990  180080   550463  14.15
1850-1854     65-69     0.04951  0.22097  2.57   32915    7273  146901   370383  11.25
1850-1854     70-74     0.07401  0.31256  2.51   25642    8015  108285   223482   8.72
1850-1854     75-79     0.11644  0.44867  2.44   17627    7909   67922   115197   6.54
1850-1854     80-84     0.17535  0.59541  2.31    9718    5786   32998    47275   4.86
1850-1854     85-89     0.25438  0.73530  2.13    3932    2891   11365    14276   3.63
1850-1854     90-94     0.34196  0.83205  1.92    1041     866    2532     2911   2.80
1850-1854     95-99     0.45336  0.91056  1.71     175     159     351      378   2.17
1850-1854    100-104    0.56603  0.95214  1.52      16      15      26       27   1.75
1850-1854    105-109    0.67298  0.97365  1.35       1       1       1        1   1.48
1850-1854    110+       0.75347  1.00000  1.33       0       0       0        0   1.33
1855-1859        0      0.16349  0.14701  0.31  100000   14701   89917  3993288  39.93
1855-1859      1-4      0.04197  0.15099  1.34   85299   12879  306884  3903371  45.76
1855-1859      5-9      0.01059  0.05141  2.13   72420    3723  351431  3596488  49.66
1855-1859     10-14     0.00683  0.03356  2.46   68697    2305  337642  3245057  47.24
1855-1859     15-19     0.00837  0.04104  2.58   66392    2724  325369  2907415  43.79
1855-1859     20-24     0.00924  0.04516  2.49   63668    2875  311115  2582046  40.56
1855-1859     25-29     0.00969  0.04730  2.51   60792    2876  296808  2270931  37.36
1855-1859     30-34     0.01060  0.05164  2.51   57917    2991  282146  1974123  34.09
1855-1859     35-39     0.01162  0.05649  2.52   54926    3103  266920  1691977  30.80
1855-1859     40-44     0.01237  0.05999  2.48   51823    3109  251282  1425057  27.50
1855-1859     45-49     0.01272  0.06167  2.51   48714    3004  236100  1173775  24.10
1855-1859     50-54     0.01635  0.07867  2.60   45710    3596  219937   937674  20.51
1855-1859     55-59     0.02284  0.10824  2.59   42114    4558  199606   717737  17.04
1855-1859     60-64     0.03429  0.15843  2.61   37556    5950  173540   518131  13.80
1855-1859     65-69     0.05238  0.23226  2.56   31606    7341  140154   344591  10.90
1855-1859     70-74     0.08176  0.33958  2.51   24265    8240  100778   204436   8.43
1855-1859     75-79     0.11732  0.44938  2.40   16025    7201   61380   103659   6.47
1855-1859     80-84     0.17792  0.60092  2.30    8824    5302   29803    42279   4.79
1855-1859     85-89     0.26064  0.74484  2.12    3521    2623   10063    12476   3.54
1855-1859     90-94     0.35744  0.84630  1.89     899     760    2127     2413   2.68
1855-1859     95-99     0.47658  0.92189  1.67     138     127     267      285   2.06
1855-1859    100-104    0.59525  0.95965  1.47      11      10      17       18   1.67
1855-1859    105-109    0.70460  0.97809  1.31       0       0       1        1   1.42
1855-1859    110+       0.78462  1.00000  1.27       0       0       0        0   1.27
1860-1864        0      0.15505  0.14015  0.31  100000   14015   90388  4256744  42.57
1860-1864      1-4      0.03598  0.13157  1.39   85985   11313  314403  4166356  48.45
1860-1864      5-9      0.00993  0.04827  2.16   74672    3605  363114  3851954  51.59
1860-1864     10-14     0.00553  0.02724  2.40   71067    1936  350302  3488840  49.09
1860-1864     15-19     0.00699  0.03436  2.58   69132    2376  339908  3138539  45.40
1860-1864     20-24     0.00801  0.03926  2.54   66756    2621  327321  2798631  41.92
1860-1864     25-29     0.00897  0.04388  2.52   64135    2814  313686  2471310  38.53
1860-1864     30-34     0.00980  0.04786  2.53   61321    2935  299356  2157624  35.19
1860-1864     35-39     0.01121  0.05455  2.51   58387    3185  284000  1858267  31.83
1860-1864     40-44     0.01133  0.05508  2.47   55202    3041  268315  1574267  28.52
1860-1864     45-49     0.01146  0.05570  2.52   52161    2905  253590  1305952  25.04
1860-1864     50-54     0.01428  0.06900  2.58   49256    3399  238057  1052362  21.37
1860-1864     55-59     0.02006  0.09572  2.62   45857    4389  218824   814305  17.76
1860-1864     60-64     0.03024  0.14101  2.62   41468    5848  193401   595481  14.36
1860-1864     65-69     0.04811  0.21561  2.59   35620    7680  159623   402080  11.29
1860-1864     70-74     0.07641  0.32134  2.53   27940    8978  117501   242457   8.68
1860-1864     75-79     0.11864  0.45414  2.42   18962    8611   72581   124956   6.59
1860-1864     80-84     0.16812  0.57963  2.32   10351    5999   35685    52375   5.06
1860-1864     85-89     0.23955  0.71141  2.15    4351    3095   12922    16689   3.84
1860-1864     90-94     0.31619  0.80707  1.97    1256    1013    3205     3767   3.00
1860-1864     95-99     0.42119  0.89252  1.77     242     216     513      562   2.32
1860-1864    100-104    0.52695  0.94007  1.58      26      24      46       49   1.88
1860-1864    105-109    0.63087  0.96638  1.41       2       2       2        2   1.58
1860-1864    110+       0.71139  1.00000  1.41       0       0       0        0   1.41
1865-1869        0      0.15687  0.14163  0.31  100000   14163   90286  4022624  40.23
1865-1869      1-4      0.04260  0.15389  1.48   85837   13209  310073  3932338  45.81
1865-1869      5-9      0.01049  0.05085  2.01   72628    3693  352085  3622265  49.87
1865-1869     10-14     0.00597  0.02940  2.49   68935    2027  339587  3270180  47.44
1865-1869     15-19     0.00733  0.03601  2.62   66908    2409  328807  2930593  43.80
1865-1869     20-24     0.00926  0.04525  2.52   64499    2918  315248  2601786  40.34
1865-1869     25-29     0.01017  0.04958  2.52   61580    3053  300345  2286538  37.13
1865-1869     30-34     0.01136  0.05526  2.53   58527    3234  284634  1986193  33.94
1865-1869     35-39     0.01272  0.06165  2.51   55293    3409  267971  1701559  30.77
1865-1869     40-44     0.01357  0.06563  2.48   51884    3405  250850  1433588  27.63
1865-1869     45-49     0.01391  0.06723  2.50   48479    3259  234253  1182737  24.40
1865-1869     50-54     0.01612  0.07757  2.56   45220    3508  217541   948484  20.97
1865-1869     55-59     0.02189  0.10399  2.59   41712    4338  198126   730943  17.52
1865-1869     60-64     0.03191  0.14810  2.58   37375    5535  173486   532817  14.26
1865-1869     65-69     0.04750  0.21316  2.60   31839    6787  142888   359331  11.29
1865-1869     70-74     0.07736  0.32466  2.53   25052    8134  105144   216443   8.64
1865-1869     75-79     0.11775  0.45227  2.44   16919    7652   64985   111299   6.58
1865-1869     80-84     0.16784  0.57991  2.34    9267    5374   32019    46313   5.00
1865-1869     85-89     0.25064  0.72997  2.14    3893    2842   11338    14294   3.67
1865-1869     90-94     0.33928  0.83049  1.93    1051     873    2573     2956   2.81
1865-1869     95-99     0.45642  0.91253  1.71     178     163     356      383   2.15
1865-1869    100-104    0.57425  0.95457  1.50      16      15      26       27   1.73
1865-1869    105-109    0.68502  0.97552  1.33       1       1       1        1   1.46
1865-1869    110+       0.76734  1.00000  1.30       0       0       0        0   1.30
1870-1874        0      0.14788  0.13426  0.31  100000   13426   90791  4154211  41.54
1870-1874      1-4      0.04327  0.15627  1.51   86574   13529  312635  4063420  46.94
1870-1874      5-9      0.00878  0.04272  1.87   73045    3121  355450  3750784  51.35
1870-1874     10-14     0.00542  0.02676  2.59   69924    1871  345102  3395334  48.56
1870-1874     15-19     0.00714  0.03512  2.60   68053    2390  334537  3050232  44.82
1870-1874     20-24     0.00906  0.04431  2.56   65663    2909  321203  2715695  41.36
1870-1874     25-29     0.00974  0.04753  2.48   62754    2982  306243  2394492  38.16
1870-1874     30-34     0.01050  0.05119  2.53   59771    3060  291308  2088249  34.94
1870-1874     35-39     0.01170  0.05683  2.50   56711    3223  275501  1796940  31.69
1870-1874     40-44     0.01189  0.05773  2.47   53488    3088  259640  1521440  28.44
1870-1874     45-49     0.01245  0.06040  2.51   50400    3044  244429  1261799  25.04
1870-1874     50-54     0.01478  0.07132  2.57   47356    3377  228558  1017371  21.48
1870-1874     55-59     0.01965  0.09385  2.60   43979    4127  210002   788812  17.94
1870-1874     60-64     0.02967  0.13852  2.61   39851    5520  186049   578811  14.52
1870-1874     65-69     0.04605  0.20721  2.59   34331    7114  154494   392762  11.44
1870-1874     70-74     0.07363  0.31188  2.55   27217    8488  115289   238268   8.75
1870-1874     75-79     0.11781  0.45275  2.44   18729    8479   71975   122978   6.57
1870-1874     80-84     0.17117  0.58577  2.31   10249    6004   35075    51004   4.98
1870-1874     85-89     0.24020  0.71440  2.16    4246    3033   12628    15929   3.75
1870-1874     90-94     0.35410  0.84897  1.93    1213    1029    2907     3302   2.72
1870-1874     95-99     0.45561  0.91204  1.71     183     167     367      395   2.15
1870-1874    100-104    0.57230  0.95401  1.51      16      15      27       28   1.73
1870-1874    105-109    0.68225  0.97510  1.34       1       1       1        1   1.46
1870-1874    110+       0.76420  1.00000  1.31       0       0       0        0   1.31
1875-1879        0      0.14242  0.12975  0.31  100000   12975   91101  4498790  44.99
1875-1879      1-4      0.03392  0.12439  1.32   87025   10825  319097  4407689  50.65
1875-1879      5-9      0.00637  0.03129  2.10   76200    2384  374093  4088592  53.66
1875-1879     10-14     0.00413  0.02046  2.56   73816    1510  365401  3714499  50.32
1875-1879     15-19     0.00602  0.02966  2.62   72306    2145  356420  3349098  46.32
1875-1879     20-24     0.00759  0.03723  2.53   70161    2612  344354  2992679  42.65
1875-1879     25-29     0.00848  0.04152  2.52   67549    2805  330791  2648324  39.21
1875-1879     30-34     0.00912  0.04456  2.50   64744    2885  316498  2317533  35.80
1875-1879     35-39     0.01003  0.04894  2.52   61859    3027  301774  2001035  32.35
1875-1879     40-44     0.01037  0.05051  2.49   58832    2972  286695  1699260  28.88
1875-1879     45-49     0.01122  0.05460  2.55   55860    3050  271820  1412566  25.29
1875-1879     50-54     0.01449  0.06997  2.57   52810    3695  255081  1140746  21.60
1875-1879     55-59     0.01954  0.09333  2.61   49115    4584  234624   885665  18.03
1875-1879     60-64     0.02878  0.13459  2.60   44531    5994  208248   651041  14.62
1875-1879     65-69     0.04456  0.20133  2.60   38538    7759  174105   442793  11.49
1875-1879     70-74     0.07298  0.30920  2.53   30779    9517  130409   268688   8.73
1875-1879     75-79     0.11664  0.45051  2.47   21262    9579   82120   138280   6.50
1875-1879     80-84     0.17480  0.59594  2.33   11683    6963   39831    56160   4.81
1875-1879     85-89     0.26615  0.75210  2.11    4721    3550   13340    16329   3.46
1875-1879     90-94     0.37725  0.86925  1.90    1170    1017    2697     2989   2.55
1875-1879     95-99     0.51600  0.93835  1.61     153     144     278      293   1.91
1875-1879    100-104    0.64710  0.97035  1.39       9       9      14       15   1.54
1875-1879    105-109    0.76042  0.98424  1.24       0       0       0        0   1.31
1875-1879    110+       0.83797  1.00000  1.19       0       0       0        0   1.19
1880-1884        0      0.16516  0.14836  0.31  100000   14836   89824  4583557  45.84
1880-1884      1-4      0.02708  0.10108  1.35   85164    8608  317867  4493733  52.77
1880-1884      5-9      0.00574  0.02823  2.11   76556    2161  376524  4175866  54.55
1880-1884     10-14     0.00365  0.01810  2.55   74395    1347  368667  3799342  51.07
1880-1884     15-19     0.00554  0.02733  2.63   73048    1996  360514  3430675  46.96
1880-1884     20-24     0.00724  0.03555  2.55   71052    2526  349059  3070161  43.21
1880-1884     25-29     0.00763  0.03742  2.48   68526    2564  336175  2721101  39.71
1880-1884     30-34     0.00890  0.04354  2.57   65962    2872  322817  2384926  36.16
1880-1884     35-39     0.00963  0.04699  2.48   63090    2964  307984  2062109  32.69
1880-1884     40-44     0.01031  0.05026  2.50   60125    3022  293079  1754125  29.17
1880-1884     45-49     0.01072  0.05221  2.53   57104    2981  278165  1461046  25.59
1880-1884     50-54     0.01383  0.06693  2.59   54122    3623  261891  1182881  21.86
1880-1884     55-59     0.01890  0.09040  2.60   50499    4565  241537   920990  18.24
1880-1884     60-64     0.02866  0.13419  2.63   45934    6164  215044   679453  14.79
1880-1884     65-69     0.04427  0.20004  2.59   39770    7956  179694   464409  11.68
1880-1884     70-74     0.07219  0.30653  2.54   31815    9752  135094   284715   8.95
1880-1884     75-79     0.10980  0.42870  2.44   22062    9458   86138   149621   6.78
1880-1884     80-84     0.16657  0.57792  2.35   12604    7284   43732    63483   5.04
1880-1884     85-89     0.24311  0.71743  2.14    5320    3817   15700    19752   3.71
1880-1884     90-94     0.35663  0.85095  1.93    1503    1279    3587     4052   2.70
1880-1884     95-99     0.47351  0.92107  1.68     224     206     436      465   2.08
1880-1884    100-104    0.59826  0.96062  1.47      18      17      28       29   1.66
1880-1884    105-109    0.71245  0.97919  1.30       1       1       1        1   1.40
1880-1884    110+       0.79495  1.00000  1.26       0       0       0        0   1.26
1885-1889        0      0.16699  0.14983  0.31  100000   14983   89723  4664829  46.65
1885-1889      1-4      0.02586  0.09682  1.36   85017    8231  318302  4575106  53.81
1885-1889      5-9      0.00521  0.02565  2.06   76786    1970  378133  4256803  55.44
1885-1889     10-14     0.00337  0.01672  2.59   74816    1251  371062  3878670  51.84
1885-1889     15-19     0.00501  0.02476  2.63   73565    1821  363516  3507608  47.68
1885-1889     20-24     0.00671  0.03299  2.58   71744    2367  352995  3144092  43.82
1885-1889     25-29     0.00711  0.03493  2.47   69377    2423  340742  2791097  40.23
1885-1889     30-34     0.00788  0.03867  2.54   66954    2589  328399  2450356  36.60
1885-1889     35-39     0.00882  0.04319  2.55   64364    2780  315016  2121957  32.97
1885-1889     40-44     0.00986  0.04811  2.48   61584    2963  300452  1806940  29.34
1885-1889     45-49     0.01048  0.05108  2.55   58621    2994  285786  1506488  25.70
1885-1889     50-54     0.01372  0.06641  2.58   55627    3694  269214  1220702  21.94
1885-1889     55-59     0.01849  0.08856  2.62   51933    4599  248713   951488  18.32
1885-1889     60-64     0.02840  0.13295  2.60   47334    6293  221574   702775  14.85
1885-1889     65-69     0.04349  0.19699  2.61   41041    8085  185895   481201  11.72
1885-1889     70-74     0.07072  0.30123  2.54   32956    9927  140367   295306   8.96
1885-1889     75-79     0.11149  0.43427  2.46   23028   10001   89699   154939   6.73
1885-1889     80-84     0.16760  0.57952  2.34   13028    7550   45047    65239   5.01
1885-1889     85-89     0.24769  0.72645  2.15    5478    3979   16066    20193   3.69
1885-1889     90-94     0.34659  0.83872  1.92    1498    1257    3626     4126   2.75
1885-1889     95-99     0.47509  0.92174  1.68     242     223     469      500   2.07
1885-1889    100-104    0.59951  0.96088  1.46      19      18      30       31   1.66
1885-1889    105-109    0.71329  0.97928  1.30       1       1       1        1   1.40
1885-1889    110+       0.79545  1.00000  1.26       0       0       0        0   1.26
1890-1894        0      0.17137  0.15335  0.31  100000   15335   89482  4629363  46.29
1890-1894      1-4      0.02605  0.09747  1.35   84665    8252  316804  4539881  53.62
1890-1894      5-9      0.00510  0.02512  2.04   76413    1919  376387  4223077  55.27
1890-1894     10-14     0.00307  0.01522  2.56   74493    1134  369704  3846690  51.64
1890-1894     15-19     0.00494  0.02442  2.64   73360    1792  362575  3476986  47.40
1890-1894     20-24     0.00630  0.03104  2.57   71568    2222  352439  3114411  43.52
1890-1894     25-29     0.00698  0.03429  2.46   69346    2378  340704  2761972  39.83
1890-1894     30-34     0.00775  0.03802  2.56   66969    2546  328619  2421268  36.16
1890-1894     35-39     0.00873  0.04272  2.49   64422    2752  315211  2092649  32.48
1890-1894     40-44     0.00991  0.04838  2.52   61670    2984  300954  1777438  28.82
1890-1894     45-49     0.01080  0.05260  2.54   58686    3087  285827  1476484  25.16
1890-1894     50-54     0.01391  0.06728  2.59   55599    3741  268963  1190658  21.41
1890-1894     55-59     0.02000  0.09548  2.63   51858    4952  247569   921694  17.77
1890-1894     60-64     0.02990  0.13949  2.60   46907    6543  218806   674125  14.37
1890-1894     65-69     0.04750  0.21301  2.58   40364    8598  181003   455319  11.28
1890-1894     70-74     0.07503  0.31635  2.52   31766   10049  133927   274316   8.64
1890-1894     75-79     0.11743  0.45182  2.45   21716    9812   83553   140388   6.46
1890-1894     80-84     0.17700  0.59871  2.30   11905    7127   40267    56835   4.77
1890-1894     85-89     0.26330  0.74723  2.11    4777    3570   13557    16569   3.47
1890-1894     90-94     0.38894  0.87395  1.85    1208    1055    2713     3012   2.49
1890-1894     95-99     0.50330  0.93338  1.63     152     142     282      298   1.96
1890-1894    100-104    0.62990  0.96713  1.42      10      10      16       16   1.58
1890-1894    105-109    0.74191  0.98241  1.26       0       0       0        0   1.35
1890-1894    110+       0.82053  1.00000  1.22       0       0       0        0   1.22
1895-1899        0      0.16606  0.14908  0.31  100000   14908   89775  4915781  49.16
1895-1899      1-4      0.01992  0.07565  1.33   85092    6438  323189  4826006  56.72
1895-1899      5-9      0.00430  0.02123  2.07   78655    1670  388383  4502818  57.25
1895-1899     10-14     0.00264  0.01310  2.64   76985    1008  382546  4114434  53.44
1895-1899     15-19     0.00428  0.02120  2.62   75977    1610  376055  3731888  49.12
1895-1899     20-24     0.00561  0.02765  2.56   74366    2056  366806  3355834  45.13
1895-1899     25-29     0.00608  0.02994  2.50   72310    2165  356140  2989027  41.34
1895-1899     30-34     0.00673  0.03309  2.51   70145    2321  344952  2632888  37.54
1895-1899     35-39     0.00751  0.03688  2.50   67824    2501  332864  2287936  33.73
1895-1899     40-44     0.00848  0.04151  2.51   65323    2712  319854  1955072  29.93
1895-1899     45-49     0.00970  0.04737  2.52   62611    2966  305696  1635218  26.12
1895-1899     50-54     0.01266  0.06141  2.58   59645    3663  289367  1329523  22.29
1895-1899     55-59     0.01774  0.08512  2.62   55982    4765  268564  1040156  18.58
1895-1899     60-64     0.02735  0.12833  2.60   51217    6573  240325   771592  15.07
1895-1899     65-69     0.04237  0.19211  2.58   44644    8577  202441   531266  11.90
1895-1899     70-74     0.06905  0.29530  2.55   36068   10651  154254   328825   9.12
1895-1899     75-79     0.10643  0.41811  2.44   25417   10627   99853   174572   6.87
1895-1899     80-84     0.16432  0.57066  2.32   14790    8440   51364    74719   5.05
1895-1899     85-89     0.24714  0.72708  2.17    6350    4617   18682    23354   3.68
1895-1899     90-94     0.35603  0.84844  1.92    1733    1470    4130     4673   2.70
1895-1899     95-99     0.47568  0.92213  1.68     263     242     509      543   2.07
1895-1899    100-104    0.60170  0.96144  1.46      20      20      33       34   1.65
1895-1899    105-109    0.71657  0.97969  1.29       1       1       1        1   1.39
1895-1899    110+       0.79914  1.00000  1.25       0       0       0        0   1.25
1900-1904        0      0.15879  0.14320  0.31  100000   14320   90178  5047323  50.47
1900-1904      1-4      0.01733  0.06622  1.31   85680    5674  327465  4957144  57.86
1900-1904      5-9      0.00374  0.01851  2.13   80007    1481  395785  4629680  57.87
1900-1904     10-14     0.00234  0.01162  2.61   78526     912  390455  4233894  53.92
1900-1904     15-19     0.00397  0.01968  2.65   77614    1527  384477  3843440  49.52
1900-1904     20-24     0.00538  0.02655  2.54   76086    2020  375466  3458962  45.46
1900-1904     25-29     0.00585  0.02884  2.51   74066    2136  365012  3083496  41.63
1900-1904     30-34     0.00639  0.03143  2.52   71930    2261  354052  2718484  37.79
1900-1904     35-39     0.00710  0.03487  2.54   69669    2430  342374  2364432  33.94
1900-1904     40-44     0.00796  0.03904  2.52   67240    2625  329698  2022058  30.07
1900-1904     45-49     0.00946  0.04623  2.58   64615    2987  315833  1692360  26.19
1900-1904     50-54     0.01262  0.06124  2.62   61627    3774  299144  1376527  22.34
1900-1904     55-59     0.01754  0.08418  2.60   57853    4870  277580  1077383  18.62
1900-1904     60-64     0.02722  0.12786  2.63   52984    6774  248859   799803  15.10
1900-1904     65-69     0.04189  0.19030  2.60   46209    8794  209927   550944  11.92
1900-1904     70-74     0.06798  0.29148  2.56   37416   10906  160439   341017   9.11
1900-1904     75-79     0.10823  0.42441  2.46   26510   11251  103958   180578   6.81
1900-1904     80-84     0.16555  0.57520  2.35   15259    8777   53015    76620   5.02
1900-1904     85-89     0.25110  0.73069  2.14    6482    4736   18862    23605   3.64
1900-1904     90-94     0.35177  0.84553  1.93    1746    1476    4196     4743   2.72
1900-1904     95-99     0.48508  0.92632  1.66     270     250     515      547   2.03
1900-1904    100-104    0.61324  0.96396  1.44      20      19      31       32   1.62
1900-1904    105-109    0.72851  0.98106  1.28       1       1       1        1   1.37
1900-1904    110+       0.81028  1.00000  1.23       0       0       0        0   1.23
1905-1909        0      0.14717  0.13367  0.31  100000   13367   90831  5191514  51.92
1905-1909      1-4      0.01601  0.06140  1.29   86633    5319  332141  5100682  58.88
1905-1909      5-9      0.00334  0.01654  2.08   81314    1345  402637  4768542  58.64
1905-1909     10-14     0.00216  0.01076  2.64   79968     860  397816  4365905  54.60
1905-1909     15-19     0.00362  0.01793  2.64   79108    1419  392195  3968089  50.16
1905-1909     20-24     0.00483  0.02389  2.55   77690    1856  383908  3575894  46.03
1905-1909     25-29     0.00509  0.02514  2.50   75834    1906  374395  3191986  42.09
1905-1909     30-34     0.00581  0.02866  2.55   73928    2119  364449  2817591  38.11
1905-1909     35-39     0.00648  0.03189  2.53   71809    2290  353377  2453142  34.16
1905-1909     40-44     0.00746  0.03661  2.56   69519    2545  341379  2099765  30.20
1905-1909     45-49     0.00892  0.04367  2.57   66974    2925  327756  1758386  26.25
1905-1909     50-54     0.01218  0.05918  2.61   64049    3790  311186  1430630  22.34
1905-1909     55-59     0.01742  0.08366  2.65   60259    5041  289429  1119444  18.58
1905-1909     60-64     0.02675  0.12570  2.60   55218    6941  259440   830015  15.03
1905-1909     65-69     0.04243  0.19265  2.61   48277    9301  219195   570575  11.82
1905-1909     70-74     0.06823  0.29234  2.55   38976   11394  167001   351381   9.02
1905-1909     75-79     0.10927  0.42782  2.46   27582   11800  107991   184380   6.68
1905-1909     80-84     0.17464  0.59501  2.32   15782    9390   53768    76389   4.84
1905-1909     85-89     0.25821  0.74228  2.14    6391    4744   18374    22620   3.54
1905-1909     90-94     0.37421  0.85913  1.85    1647    1415    3782     4246   2.58
1905-1909     95-99     0.49181  0.92880  1.65     232     216     438      465   2.00
1905-1909    100-104    0.61690  0.96456  1.44      17      16      26       27   1.61
1905-1909    105-109    0.72923  0.98107  1.27       1       1       1        1   1.37
1905-1909    110+       0.80916  1.00000  1.24       0       0       0        0   1.24
1910-1914        0      0.14214  0.12951  0.31  100000   12951   91117  5311497  53.11
1910-1914      1-4      0.01478  0.05684  1.28   87049    4948  334745  5220380  59.97
1910-1914      5-9      0.00302  0.01499  2.12   82100    1231  406955  4885636  59.51
1910-1914     10-14     0.00215  0.01067  2.59   80869     863  402269  4478681  55.38
1910-1914     15-19     0.00333  0.01653  2.66   80006    1323  396934  4076411  50.95
1910-1914     20-24     0.00432  0.02139  2.54   78683    1683  389273  3679478  46.76
1910-1914     25-29     0.00475  0.02346  2.52   77000    1807  380516  3290205  42.73
1910-1914     30-34     0.00526  0.02596  2.53   75194    1952  371141  2909689  38.70
1910-1914     35-39     0.00613  0.03022  2.54   73242    2213  360774  2538548  34.66
1910-1914     40-44     0.00688  0.03385  2.54   71029    2404  349236  2177773  30.66
1910-1914     45-49     0.00849  0.04161  2.58   68625    2855  336204  1828537  26.65
1910-1914     50-54     0.01178  0.05731  2.61   65769    3769  319856  1492333  22.69
1910-1914     55-59     0.01646  0.07917  2.60   62000    4908  298232  1172478  18.91
1910-1914     60-64     0.02589  0.12196  2.63   57092    6963  268956   874245  15.31
1910-1914     65-69     0.04000  0.18244  2.59   50129    9146  228611   605289  12.07
1910-1914     70-74     0.06571  0.28275  2.53   40983   11588  176348   376679   9.19
1910-1914     75-79     0.10364  0.41090  2.48   29395   12079  116548   200331   6.82
1910-1914     80-84     0.17164  0.58797  2.32   17317   10182   59319    83783   4.84
1910-1914     85-89     0.26848  0.75601  2.11    7135    5394   20091    24463   3.43
1910-1914     90-94     0.38415  0.86876  1.85    1741    1512    3937     4372   2.51
1910-1914     95-99     0.51868  0.93941  1.61     228     215     414      435   1.90
1910-1914    100-104    0.65148  0.97114  1.39      14      13      21       21   1.53
1910-1914    105-109    0.76550  0.98471  1.23       0       0       1        1   1.30
1910-1914    110+       0.84289  1.00000  1.19       0       0       0        0   1.19
1915-1919        0            .        .     .       .       .       .        .      .
1915-1919      1-4            .        .     .       .       .       .        .      .
1915-1919      5-9            .        .     .       .       .       .        .      .
1915-1919     10-14           .        .     .       .       .       .        .      .
1915-1919     15-19           .        .     .       .       .       .        .      .
1915-1919     20-24           .        .     .       .       .       .        .      .
1915-1919     25-29           .        .     .       .       .       .        .      .
1915-1919     30-34           .        .     .       .       .       .        .      .
1915-1919     35-39           .        .     .       .       .       .        .      .
1915-1919     40-44           .        .     .       .       .       .        .      .
1915-1919     45-49           .        .     .       .       .       .        .      .
1915-1919     50-54           .        .     .       .       .       .        .      .
1915-1919     55-59           .        .     .       .       .       .        .      .
1915-1919     60-64           .        .     .       .       .       .        .      .
1915-1919     65-69           .        .     .       .       .       .        .      .
1915-1919     70-74           .        .     .       .       .       .        .      .
1915-1919     75-79           .        .     .       .       .       .        .      .
1915-1919     80-84           .        .     .       .       .       .        .      .
1915-1919     85-89           .        .     .       .       .       .        .      .
1915-1919     90-94           .        .     .       .       .       .        .      .
1915-1919     95-99           .        .     .       .       .       .        .      .
1915-1919    100-104          .        .     .       .       .       .        .      .
1915-1919    105-109          .        .     .       .       .       .        .      .
1915-1919    110+             .        .     .       .       .       .        .      .
1920-1924        0      0.10200  0.09533  0.31  100000    9533   93461  5741200  57.41
1920-1924      1-4      0.00923  0.03604  1.33   90467    3260  353166  5647739  62.43
1920-1924      5-9      0.00230  0.01142  2.17   87207     996  433214  5294573  60.71
1920-1924     10-14     0.00190  0.00945  2.66   86211     814  429144  4861359  56.39
1920-1924     15-19     0.00318  0.01580  2.67   85396    1350  423843  4432215  51.90
1920-1924     20-24     0.00438  0.02168  2.55   84047    1822  415772  4008372  47.69
1920-1924     25-29     0.00459  0.02268  2.52   82225    1865  406494  3592600  43.69
1920-1924     30-34     0.00488  0.02412  2.52   80360    1938  396986  3186106  39.65
1920-1924     35-39     0.00544  0.02684  2.52   78422    2105  386885  2789120  35.57
1920-1924     40-44     0.00608  0.02995  2.53   76317    2285  375932  2402235  31.48
1920-1924     45-49     0.00763  0.03745  2.60   74032    2773  363493  2026303  27.37
1920-1924     50-54     0.01063  0.05182  2.62   71259    3692  347508  1662810  23.33
1920-1924     55-59     0.01516  0.07319  2.64   67566    4945  326147  1315302  19.47
1920-1924     60-64     0.02370  0.11225  2.64   62621    7029  296538   989155  15.80
1920-1924     65-69     0.03828  0.17536  2.61   55592    9749  254658   692616  12.46
1920-1924     70-74     0.06241  0.27092  2.57   45843   12420  199017   437958   9.55
1920-1924     75-79     0.10088  0.40193  2.47   33423   13434  133168   238941   7.15
1920-1924     80-84     0.15491  0.54907  2.35   19990   10976   70852   105773   5.29
1920-1924     85-89     0.23332  0.70173  2.16    9014    6325   27110    34920   3.87
1920-1924     90-94     0.32687  0.82106  1.97    2689    2207    6753     7810   2.90
1920-1924     95-99     0.44603  0.90776  1.73     481     437     979     1057   2.20
1920-1924    100-104    0.56821  0.95326  1.51      44      42      74       77   1.75
1920-1924    105-109    0.68352  0.97545  1.34       2       2       3        3   1.46
1920-1924    110+       0.76896  1.00000  1.30       0       0       0        0   1.30
1925-1929        0      0.09310  0.08751  0.31  100000    8751   93998  5854457  58.54
1925-1929      1-4      0.00825  0.03227  1.28   91249    2945  356999  5760459  63.13
1925-1929      5-9      0.00203  0.01011  2.20   88304     892  439024  5403460  61.19
1925-1929     10-14     0.00172  0.00854  2.73   87412     747  435362  4964436  56.79
1925-1929     15-19     0.00328  0.01630  2.69   86665    1413  430064  4529074  52.26
1925-1929     20-24     0.00418  0.02069  2.54   85253    1764  421923  4099011  48.08
1925-1929     25-29     0.00432  0.02137  2.48   83489    1784  412950  3677087  44.04
1925-1929     30-34     0.00446  0.02206  2.52   81705    1802  404055  3264138  39.95
1925-1929     35-39     0.00494  0.02442  2.54   79903    1951  394712  2860083  35.79
1925-1929     40-44     0.00571  0.02816  2.53   77951    2195  384343  2465371  31.63
1925-1929     45-49     0.00741  0.03638  2.60   75757    2756  372160  2081028  27.47
1925-1929     50-54     0.01039  0.05066  2.60   73000    3699  356120  1708868  23.41
1925-1929     55-59     0.01502  0.07253  2.64   69302    5027  334664  1352748  19.52
1925-1929     60-64     0.02350  0.11136  2.64   64275    7157  304511  1018083  15.84
1925-1929     65-69     0.03755  0.17237  2.62   57118    9846  262187   713572  12.49
1925-1929     70-74     0.06216  0.26995  2.57   47272   12761  205300   451386   9.55
1925-1929     75-79     0.09948  0.39817  2.49   34511   13741  138131   246085   7.13
1925-1929     80-84     0.15750  0.55630  2.36   20770   11554   73362   107954   5.20
1925-1929     85-89     0.24146  0.71476  2.15    9216    6587   27279    34592   3.75
1925-1929     90-94     0.34318  0.84349  1.99    2629    2217    6461     7313   2.78
1925-1929     95-99     0.47453  0.92196  1.68     411     379     799      852   2.07
1925-1929    100-104    0.60426  0.96216  1.46      32      31      51       53   1.64
1925-1929    105-109    0.72192  0.98038  1.29       1       1       2        2   1.38
1925-1929    110+       0.80573  1.00000  1.24       0       0       0        0   1.24
1930-1934        0      0.08328  0.07878  0.31  100000    7878   94597  6059439  60.59
1930-1934      1-4      0.00635  0.02499  1.34   92122    2302  362369  5964843  64.75
1930-1934      5-9      0.00201  0.00999  2.27   89820     897  446653  5602474  62.37
1930-1934     10-14     0.00144  0.00718  2.62   88923     639  443097  5155821  57.98
1930-1934     15-19     0.00270  0.01341  2.71   88284    1184  438705  4712724  53.38
1930-1934     20-24     0.00355  0.01758  2.54   87100    1531  431728  4274019  49.07
1930-1934     25-29     0.00372  0.01844  2.49   85569    1578  423880  3842291  44.90
1930-1934     30-34     0.00391  0.01934  2.52   83991    1624  415919  3418411  40.70
1930-1934     35-39     0.00451  0.02232  2.51   82367    1839  407246  3002492  36.45
1930-1934     40-44     0.00548  0.02704  2.61   80528    2178  397436  2595246  32.23
1930-1934     45-49     0.00709  0.03486  2.58   78350    2731  385145  2197810  28.05
1930-1934     50-54     0.00951  0.04649  2.62   75619    3515  369744  1812665  23.97
1930-1934     55-59     0.01417  0.06855  2.64   72104    4942  348873  1442921  20.01
1930-1934     60-64     0.02218  0.10537  2.64   67161    7077  319088  1094048  16.29
1930-1934     65-69     0.03559  0.16411  2.63   60085    9860  277073   774960  12.90
1930-1934     70-74     0.05783  0.25356  2.57   50224   12735  220210   497887   9.91
1930-1934     75-79     0.09563  0.38587  2.50   37489   14466  151268   277676   7.41
1930-1934     80-84     0.14690  0.53072  2.39   23023   12219   83176   126408   5.49
1930-1934     85-89     0.22426  0.68924  2.20   10804    7447   33206    43232   4.00
1930-1934     90-94     0.31607  0.80823  1.98    3357    2714    8586    10026   2.99
1930-1934     95-99     0.43722  0.90336  1.75     644     582    1330     1440   2.24
1930-1934    100-104    0.56166  0.95166  1.53      62      59     105      110   1.77
1930-1934    105-109    0.67974  0.97499  1.34       3       3       4        4   1.47
1930-1934    110+       0.76731  1.00000  1.30       0       0       0        0   1.30
1935-1939        0      0.07573  0.07199  0.31  100000    7199   95062  6222724  62.23
1935-1939      1-4      0.00517  0.02039  1.41   92801    1892  366293  6127661  66.03
1935-1939      5-9      0.00167  0.00830  2.22   90909     754  452447  5761368  63.38
1935-1939     10-14     0.00130  0.00647  2.64   90154     583  449395  5308921  58.89
1935-1939     15-19     0.00213  0.01059  2.68   89572     948  445657  4859526  54.25
1935-1939     20-24     0.00286  0.01422  2.52   88623    1260  439992  4413869  49.80
1935-1939     25-29     0.00314  0.01557  2.52   87363    1360  433435  3973878  45.49
1935-1939     30-34     0.00339  0.01682  2.54   86003    1446  426458  3540442  41.17
1935-1939     35-39     0.00410  0.02027  2.55   84556    1714  418579  3113984  36.83
1935-1939     40-44     0.00500  0.02469  2.60   82842    2045  409293  2695405  32.54
1935-1939     45-49     0.00676  0.03325  2.62   80797    2687  397601  2286112  28.29
1935-1939     50-54     0.00952  0.04656  2.61   78111    3637  381865  1888511  24.18
1935-1939     55-59     0.01367  0.06622  2.64   74474    4932  360732  1506646  20.23
1935-1939     60-64     0.02138  0.10175  2.64   69543    7076  331028  1145915  16.48
1935-1939     65-69     0.03429  0.15850  2.62   62466    9901  288785   814886  13.05
1935-1939     70-74     0.05642  0.24850  2.60   52565   13063  231521   526101  10.01
1935-1939     75-79     0.09356  0.37904  2.50   39503   14973  160042   294580   7.46
1935-1939     80-84     0.14561  0.52747  2.39   24530   12939   88855   134537   5.48
1935-1939     85-89     0.22601  0.69494  2.23   11591    8055   35640    45682   3.94
1935-1939     90-94     0.33417  0.82505  1.93    3536    2917    8730    10042   2.84
1935-1939     95-99     0.46258  0.91692  1.71     619     567    1226     1312   2.12
1935-1939    100-104    0.59632  0.96064  1.47      51      49      83       86   1.67
1935-1939    105-109    0.71834  0.98007  1.29       2       2       3        3   1.39
1935-1939    110+       0.80513  1.00000  1.24       0       0       0        0   1.24
1940-1944        0      0.07733  0.07343  0.31  100000    7343   94963  6162357  61.62
1940-1944      1-4      0.00499  0.01973  1.55   92657    1828  366143  6067393  65.48
1940-1944      5-9      0.00202  0.01005  2.27   90829     913  451653  5701250  62.77
1940-1944     10-14     0.00175  0.00869  2.61   89916     782  447711  5249597  58.38
1940-1944     15-19     0.00250  0.01240  2.67   89134    1106  443098  4801886  53.87
1940-1944     20-24     0.00333  0.01654  2.54   88028    1456  436566  4358788  49.52
1940-1944     25-29     0.00359  0.01776  2.45   86573    1538  428942  3922222  45.31
1940-1944     30-34     0.00364  0.01805  2.52   85035    1535  421362  3493280  41.08
1940-1944     35-39     0.00405  0.02006  2.55   83500    1675  413394  3071918  36.79
1940-1944     40-44     0.00513  0.02533  2.58   81825    2073  404101  2658523  32.49
1940-1944     45-49     0.00702  0.03454  2.61   79753    2754  392180  2254422  28.27
1940-1944     50-54     0.00939  0.04590  2.61   76998    3534  376544  1862242  24.19
1940-1944     55-59     0.01364  0.06607  2.64   73464    4854  355859  1485698  20.22
1940-1944     60-64     0.02081  0.09912  2.62   68610    6801  326865  1129839  16.47
1940-1944     65-69     0.03360  0.15566  2.64   61809    9621  286322   802974  12.99
1940-1944     70-74     0.05582  0.24589  2.58   52188   12833  229896   516653   9.90
1940-1944     75-79     0.09389  0.38107  2.53   39355   14997  159735   286757   7.29
1940-1944     80-84     0.15456  0.55102  2.40   24358   13422   86841   127022   5.21
1940-1944     85-89     0.24482  0.72306  2.17   10936    7908   32300    40181   3.67
1940-1944     90-94     0.36913  0.86097  1.90    3029    2608    7064     7880   2.60
1940-1944     95-99     0.50863  0.93648  1.63     421     394     775      816   1.94
1940-1944    100-104    0.64934  0.97107  1.39      27      26      40       41   1.53
1940-1944    105-109    0.76954  0.98518  1.22       1       1       1        1   1.30
1940-1944    110+       0.84978  1.00000  1.18       0       0       0        0   1.18
1945-1949        0      0.06566  0.06278  0.30  100000    6278   95615  6561957  65.62
1945-1949      1-4      0.00313  0.01241  1.56   93722    1163  372047  6466343  69.00
1945-1949      5-9      0.00111  0.00554  2.23   92559     512  461374  6094295  65.84
1945-1949     10-14     0.00090  0.00448  2.64   92046     412  459258  5632921  61.20
1945-1949     15-19     0.00148  0.00739  2.71   91634     677  456621  5173664  56.46
1945-1949     20-24     0.00204  0.01014  2.57   90957     922  452546  4717043  51.86
1945-1949     25-29     0.00231  0.01147  2.55   90035    1033  447642  4264497  47.37
1945-1949     30-34     0.00268  0.01333  2.49   89002    1186  442032  3816855  42.89
1945-1949     35-39     0.00289  0.01437  2.61   87816    1261  436062  3374823  38.43
1945-1949     40-44     0.00386  0.01914  2.63   86554    1656  428840  2938762  33.95
1945-1949     45-49     0.00537  0.02652  2.64   84898    2251  419176  2509922  29.56
1945-1949     50-54     0.00786  0.03859  2.63   82647    3189  405680  2090746  25.30
1945-1949     55-59     0.01172  0.05703  2.66   79458    4531  386668  1685066  21.21
1945-1949     60-64     0.01846  0.08842  2.64   74926    6625  358983  1298398  17.33
1945-1949     65-69     0.02976  0.13904  2.64   68301    9496  319096   939415  13.75
1945-1949     70-74     0.05047  0.22530  2.62   58805   13248  262505   620319  10.55
1945-1949     75-79     0.08440  0.34939  2.54   45556   15917  188592   357814   7.85
1945-1949     80-84     0.13818  0.50871  2.41   29639   15078  109114   169222   5.71
1945-1949     85-89     0.21274  0.67010  2.24   14561    9758   45867    60108   4.13
1945-1949     90-94     0.31918  0.81253  1.98    4804    3903   12229    14241   2.96
1945-1949     95-99     0.43730  0.90400  1.76     901     814    1862     2013   2.23
1945-1949    100-104    0.56783  0.95365  1.52      86      82     145      151   1.75
1945-1949    105-109    0.69067  0.97665  1.33       4       4       6        6   1.44
1945-1949    110+       0.78047  1.00000  1.28       0       0       0        0   1.28
1950-1954        0      0.04185  0.04051  0.21  100000    4051   96796  7012611  70.13
1950-1954      1-4      0.00153  0.00608  1.46   95949     583  382316  6915815  72.08
1950-1954      5-9      0.00050  0.00248  2.36   95366     236  476206  6533499  68.51
1950-1954     10-14     0.00041  0.00203  2.54   95130     193  475174  6057294  63.67
1950-1954     15-19     0.00056  0.00280  2.70   94937     266  474070  5582119  58.80
1950-1954     20-24     0.00092  0.00459  2.69   94670     435  472346  5108050  53.96
1950-1954     25-29     0.00115  0.00572  2.57   94236     539  469868  4635703  49.19
1950-1954     30-34     0.00147  0.00732  2.63   93696     686  466854  4165835  44.46
1950-1954     35-39     0.00196  0.00974  2.62   93010     906  462901  3698981  39.77
1950-1954     40-44     0.00277  0.01374  2.63   92105    1265  457528  3236080  35.13
1950-1954     45-49     0.00420  0.02077  2.64   90839    1887  449751  2778552  30.59
1950-1954     50-54     0.00635  0.03131  2.67   88952    2785  438274  2328801  26.18
1950-1954     55-59     0.00988  0.04827  2.65   86167    4159  421064  1890527  21.94
1950-1954     60-64     0.01592  0.07676  2.67   82008    6295  395389  1469463  17.92
1950-1954     65-69     0.02701  0.12700  2.65   75713    9615  355951  1074074  14.19
1950-1954     70-74     0.04654  0.20951  2.62   66098   13848  297588   718123  10.86
1950-1954     75-79     0.08025  0.33531  2.55   52250   17520  218304   420535   8.05
1950-1954     80-84     0.13278  0.49495  2.43   34730   17190  129460   202231   5.82
1950-1954     85-89     0.21084  0.66695  2.25   17540   11698   55486    72771   4.15
1950-1954     90-94     0.31945  0.81616  2.00    5842    4768   14925    17285   2.96
1950-1954     95-99     0.44491  0.90856  1.74    1074     976    2193     2361   2.20
1950-1954    100-104    0.58149  0.95738  1.50      98      94     162      168   1.71
1950-1954    105-109    0.70791  0.97895  1.31       4       4       6        6   1.41
1950-1954    110+       0.79839  1.00000  1.25       0       0       0        0   1.25
1955-1959        0      0.03135  0.03055  0.17  100000    3055   97459  7208651  72.09
1955-1959      1-4      0.00120  0.00478  1.49   96945     463  386616  7111191  73.35
1955-1959      5-9      0.00047  0.00234  2.09   96482     226  481752  6724575  69.70
1955-1959     10-14     0.00035  0.00177  2.58   96256     170  480867  6242823  64.86
1955-1959     15-19     0.00049  0.00245  2.63   96086     236  479868  5761955  59.97
1955-1959     20-24     0.00061  0.00306  2.62   95850     293  478552  5282087  55.11
1955-1959     25-29     0.00079  0.00394  2.54   95556     376  476858  4803535  50.27
1955-1959     30-34     0.00108  0.00537  2.67   95180     511  474709  4326678  45.46
1955-1959     35-39     0.00163  0.00813  2.61   94669     770  471507  3851968  40.69
1955-1959     40-44     0.00231  0.01149  2.64   93899    1079  466952  3380461  36.00
1955-1959     45-49     0.00358  0.01774  2.69   92821    1646  460293  2913509  31.39
1955-1959     50-54     0.00557  0.02751  2.67   91175    2508  450040  2453216  26.91
1955-1959     55-59     0.00886  0.04343  2.67   88666    3850  434379  2003176  22.59
1955-1959     60-64     0.01425  0.06895  2.68   84816    5848  410520  1568797  18.50
1955-1959     65-69     0.02417  0.11445  2.68   78968    9037  373849  1158276  14.67
1955-1959     70-74     0.04325  0.19615  2.63   69930   13717  317118   784427  11.22
1955-1959     75-79     0.07497  0.31727  2.58   56213   17835  237900   467309   8.31
1955-1959     80-84     0.12748  0.48083  2.45   38379   18454  144760   229409   5.98
1955-1959     85-89     0.20552  0.65712  2.26   19925   13093   63707    84648   4.25
1955-1959     90-94     0.30588  0.80373  2.05    6832    5491   17952    20941   3.07
1955-1959     95-99     0.43811  0.90516  1.76    1341    1214    2770     2989   2.23
1955-1959    100-104    0.57616  0.95617  1.51     127     122     211      219   1.72
1955-1959    105-109    0.70458  0.97859  1.31       6       5       8        8   1.42
1955-1959    110+       0.79663  1.00000  1.26       0       0       0        0   1.26
1960-1964        0      0.02467  0.02416  0.14  100000    2416   97928  7323092  73.23
1960-1964      1-4      0.00089  0.00357  1.50   97584     349  389466  7225164  74.04
1960-1964      5-9      0.00040  0.00198  2.21   97235     192  485641  6835698  70.30
1960-1964     10-14     0.00030  0.00147  2.39   97043     143  484842  6350057  65.44
1960-1964     15-19     0.00041  0.00204  2.77   96900     197  484059  5865215  60.53
1960-1964     20-24     0.00059  0.00297  2.49   96703     287  482793  5381156  55.65
1960-1964     25-29     0.00069  0.00346  2.61   96416     334  481284  4898363  50.80
1960-1964     30-34     0.00094  0.00470  2.70   96082     451  479372  4417079  45.97
1960-1964     35-39     0.00143  0.00711  2.64   95631     680  476552  3937707  41.18
1960-1964     40-44     0.00213  0.01057  2.65   94951    1004  472401  3461155  36.45
1960-1964     45-49     0.00339  0.01683  2.67   93947    1581  466058  2988754  31.81
1960-1964     50-54     0.00513  0.02537  2.65   92366    2343  456329  2522696  27.31
1960-1964     55-59     0.00807  0.03961  2.67   90023    3566  441797  2066367  22.95
1960-1964     60-64     0.01348  0.06538  2.69   86457    5652  419231  1624570  18.79
1960-1964     65-69     0.02341  0.11101  2.68   80805    8970  383179  1205339  14.92
1960-1964     70-74     0.04110  0.18739  2.65   71834   13461  327557   822160  11.45
1960-1964     75-79     0.07296  0.31002  2.58   58373   18097  248039   494604   8.47
1960-1964     80-84     0.12226  0.46627  2.46   40277   18780  153607   246565   6.12
1960-1964     85-89     0.20009  0.64719  2.27   21497   13913   69531    92958   4.32
1960-1964     90-94     0.30300  0.79885  2.04    7584    6059   19996    23426   3.09
1960-1964     95-99     0.43392  0.90314  1.77    1526    1378    3175     3431   2.25
1960-1964    100-104    0.57419  0.95581  1.51     148     141     246      255   1.73
1960-1964    105-109    0.70484  0.97868  1.31       7       6       9        9   1.42
1960-1964    110+       0.79822  1.00000  1.25       0       0       0        0   1.25
1965-1969        0      0.01984  0.01950  0.12  100000    1950   98291  7382586  73.83
1965-1969      1-4      0.00083  0.00333  1.58   98050     326  391408  7284295  74.29
1965-1969      5-9      0.00037  0.00184  2.31   97723     180  488132  6892887  70.53
1965-1969     10-14     0.00032  0.00160  2.67   97543     156  487354  6404754  65.66
1965-1969     15-19     0.00045  0.00224  2.76   97388     218  486449  5917401  60.76
1965-1969     20-24     0.00058  0.00288  2.56   97170     280  485167  5430952  55.89
1965-1969     25-29     0.00068  0.00339  2.52   96890     328  483635  4945785  51.05
1965-1969     30-34     0.00087  0.00436  2.67   96562     421  481826  4462150  46.21
1965-1969     35-39     0.00129  0.00645  2.71   96140     620  479282  3980324  41.40
1965-1969     40-44     0.00208  0.01034  2.74   95520     987  475367  3501042  36.65
1965-1969     45-49     0.00342  0.01694  2.70   94533    1602  468977  3025674  32.01
1965-1969     50-54     0.00521  0.02575  2.63   92931    2393  458992  2556697  27.51
1965-1969     55-59     0.00798  0.03915  2.68   90538    3545  444484  2097705  23.17
1965-1969     60-64     0.01304  0.06329  2.66   86993    5506  422106  1653221  19.00
1965-1969     65-69     0.02252  0.10697  2.67   81487    8717  387142  1231115  15.11
1965-1969     70-74     0.03998  0.18270  2.65   72770   13295  332546   843973  11.60
1965-1969     75-79     0.07023  0.30022  2.58   59475   17856  254241   511427   8.60
1965-1969     80-84     0.12106  0.46320  2.47   41620   19279  159253   257187   6.18
1965-1969     85-89     0.19576  0.63966  2.29   22341   14291   73002    97933   4.38
1965-1969     90-94     0.30240  0.79757  2.04    8050    6421   21233    24932   3.10
1965-1969     95-99     0.42953  0.90071  1.78    1630    1468    3417     3699   2.27
1965-1969    100-104    0.56956  0.95464  1.52     162     154     271      282   1.74
1965-1969    105-109    0.70065  0.97817  1.32       7       7      10       10   1.42
1965-1969    110+       0.79474  1.00000  1.26       0       0       0        0   1.26
1970-1974        0      0.01650  0.01626  0.12  100000    1626   98561  7467119  74.67
1970-1974      1-4      0.00074  0.00296  1.57   98374     291  392788  7368558  74.90
1970-1974      5-9      0.00033  0.00166  2.44   98083     163  489997  6975770  71.12
1970-1974     10-14     0.00026  0.00131  2.54   97920     129  489283  6485774  66.24
1970-1974     15-19     0.00048  0.00241  2.68   97791     236  488409  5996491  61.32
1970-1974     20-24     0.00056  0.00280  2.41   97556     273  487071  5508082  56.46
1970-1974     25-29     0.00063  0.00312  2.58   97282     304  485677  5021011  51.61
1970-1974     30-34     0.00081  0.00407  2.59   96979     394  483942  4535334  46.77
1970-1974     35-39     0.00125  0.00621  2.70   96584     600  481541  4051392  41.95
1970-1974     40-44     0.00198  0.00984  2.72   95985     945  477766  3569852  37.19
1970-1974     45-49     0.00317  0.01572  2.70   95040    1494  471764  3092085  32.53
1970-1974     50-54     0.00508  0.02509  2.65   93547    2347  462227  2620322  28.01
1970-1974     55-59     0.00763  0.03748  2.68   91200    3418  448077  2158095  23.66
1970-1974     60-64     0.01236  0.06010  2.68   87782    5276  426672  1710018  19.48
1970-1974     65-69     0.02091  0.09969  2.68   82506    8225  393415  1283346  15.55
1970-1974     70-74     0.03694  0.16999  2.66   74281   12627  341826   889931  11.98
1970-1974     75-79     0.06613  0.28557  2.61   61654   17607  266237   548105   8.89
1970-1974     80-84     0.11444  0.44417  2.48   44047   19565  170958   281867   6.40
1970-1974     85-89     0.18782  0.62365  2.31   24483   15268   81295   110909   4.53
1970-1974     90-94     0.28885  0.78458  2.09    9214    7229   25028    29614   3.21
1970-1974     95-99     0.42111  0.89616  1.80    1985    1779    4224     4587   2.31
1970-1974    100-104    0.56332  0.95316  1.53     206     196     349      363   1.76
1970-1974    105-109    0.69725  0.97781  1.32      10       9      14       14   1.43
1970-1974    110+       0.79345  1.00000  1.26       0       0       0        0   1.26
1975-1979        0      0.01227  0.01214  0.12  100000    1214   98936  7585010  75.85
1975-1979      1-4      0.00062  0.00249  1.59   98786     246  394549  7486074  75.78
1975-1979      5-9      0.00029  0.00144  2.38   98539     142  492325  7091525  71.97
1975-1979     10-14     0.00025  0.00123  2.74   98397     121  491712  6599200  67.07
1975-1979     15-19     0.00046  0.00230  2.73   98276     226  490866  6107489  62.15
1975-1979     20-24     0.00054  0.00268  2.50   98050     262  489594  5616623  57.28
1975-1979     25-29     0.00063  0.00312  2.55   97787     305  488188  5127029  52.43
1975-1979     30-34     0.00083  0.00414  2.61   97482     403  486449  4638840  47.59
1975-1979     35-39     0.00123  0.00613  2.67   97079     595  484012  4152391  42.77
1975-1979     40-44     0.00191  0.00950  2.69   96484     917  480308  3668379  38.02
1975-1979     45-49     0.00300  0.01489  2.70   95567    1423  474561  3188072  33.36
1975-1979     50-54     0.00465  0.02299  2.63   94145    2164  465605  2713511  28.82
1975-1979     55-59     0.00715  0.03516  2.67   91981    3234  452376  2247906  24.44
1975-1979     60-64     0.01095  0.05338  2.64   88747    4737  432547  1795530  20.23
1975-1979     65-69     0.01835  0.08807  2.71   84010    7399  403137  1362983  16.22
1975-1979     70-74     0.03319  0.15408  2.68   76612   11804  355686   959845  12.53
1975-1979     75-79     0.06004  0.26254  2.61   64807   17015  283399   604159   9.32
1975-1979     80-84     0.10594  0.41907  2.51   47792   20028  189057   320760   6.71
1975-1979     85-89     0.17622  0.59988  2.34   27764   16655   94511   131703   4.74
1975-1979     90-94     0.27486  0.76597  2.11   11109    8509   30959    37192   3.35
1975-1979     95-99     0.40431  0.88606  1.83    2600    2304    5698     6233   2.40
1975-1979    100-104    0.54725  0.94883  1.56     296     281     514      536   1.81
1975-1979    105-109    0.68421  0.97618  1.34      15      15      22       22   1.46
1975-1979    110+       0.78369  1.00000  1.28       0       0       0        0   1.28
1980-1984        0      0.00941  0.00934  0.13  100000     934   99188  7715449  77.15
1980-1984      1-4      0.00052  0.00206  1.61   99066     204  395776  7616262  76.88
1980-1984      5-9      0.00023  0.00117  2.37   98862     115  494007  7220485  73.04
1980-1984     10-14     0.00023  0.00113  2.51   98747     112  493455  6726479  68.12
1980-1984     15-19     0.00038  0.00192  2.72   98635     189  492743  6233023  63.19
1980-1984     20-24     0.00048  0.00238  2.51   98446     235  491645  5740280  58.31
1980-1984     25-29     0.00055  0.00273  2.60   98211     269  490411  5248635  53.44
1980-1984     30-34     0.00078  0.00387  2.63   97943     379  488816  4758224  48.58
1980-1984     35-39     0.00114  0.00566  2.66   97563     553  486525  4269408  43.76
1980-1984     40-44     0.00178  0.00889  2.70   97011     862  483073  3782883  38.99
1980-1984     45-49     0.00268  0.01331  2.67   96149    1280  477761  3299810  34.32
1980-1984     50-54     0.00418  0.02072  2.64   94869    1965  469710  2822049  29.75
1980-1984     55-59     0.00643  0.03169  2.65   92903    2944  457592  2352339  25.32
1980-1984     60-64     0.01005  0.04911  2.69   89959    4417  439607  1894747  21.06
1980-1984     65-69     0.01659  0.07986  2.67   85541    6831  411820  1455140  17.01
1980-1984     70-74     0.02860  0.13411  2.69   78710   10556  369139  1043320  13.26
1980-1984     75-79     0.05288  0.23498  2.63   68154   16015  302865   674181   9.89
1980-1984     80-84     0.09572  0.38707  2.53   52139   20181  210833   371315   7.12
1980-1984     85-89     0.16377  0.57216  2.37   31958   18285  111652   160482   5.02
1980-1984     90-94     0.25341  0.73602  2.15   13673   10063   39711    48830   3.57
1980-1984     95-99     0.38144  0.87060  1.88    3609    3142    8238     9118   2.53
1980-1984    100-104    0.52385  0.94171  1.60     467     440     840      880   1.89
1980-1984    105-109    0.66382  0.97334  1.37      27      26      40       41   1.50
1980-1984    110+       0.76737  1.00000  1.30       1       1       1        1   1.30
1985-1989        0      0.00788  0.00782  0.13  100000     782   99322  7845668  78.46
1985-1989      1-4      0.00036  0.00146  1.60   99218     145  396524  7746347  78.07
1985-1989      5-9      0.00018  0.00092  2.56   99073      92  495142  7349823  74.19
1985-1989     10-14     0.00018  0.00090  2.70   98981      89  494702  6854681  69.25
1985-1989     15-19     0.00034  0.00168  2.73   98892     166  494085  6359979  64.31
1985-1989     20-24     0.00045  0.00224  2.58   98726     221  493097  5865893  59.42
1985-1989     25-29     0.00052  0.00257  2.57   98505     253  491912  5372796  54.54
1985-1989     30-34     0.00069  0.00346  2.71   98252     340  490482  4880884  49.68
1985-1989     35-39     0.00104  0.00520  2.70   97912     509  488385  4390401  44.84
1985-1989     40-44     0.00169  0.00840  2.64   97402     818  485078  3902016  40.06
1985-1989     45-49     0.00253  0.01256  2.67   96585    1213  480094  3416938  35.38
1985-1989     50-54     0.00362  0.01795  2.63   95371    1712  472807  2936844  30.79
1985-1989     55-59     0.00561  0.02771  2.66   93660    2595  462237  2464037  26.31
1985-1989     60-64     0.00878  0.04302  2.66   91064    3918  446163  2001800  21.98
1985-1989     65-69     0.01445  0.06992  2.68   87147    6094  421584  1555636  17.85
1985-1989     70-74     0.02536  0.11972  2.67   81053    9703  382608  1134053  13.99
1985-1989     75-79     0.04602  0.20773  2.66   71350   14822  322072   751444  10.53
1985-1989     80-84     0.08554  0.35404  2.57   56528   20013  233970   429373   7.60
1985-1989     85-89     0.14777  0.53448  2.41   36515   19516  132070   195403   5.35
1985-1989     90-94     0.24110  0.71842  2.19   16998   12212   50650    63333   3.73
1985-1989     95-99     0.36129  0.85553  1.92    4786    4095   11334    12683   2.65
1985-1989    100-104    0.50508  0.93547  1.63     691     647    1281     1349   1.95
1985-1989    105-109    0.64935  0.97120  1.39      45      43      67       68   1.53
1985-1989    110+       0.75729  1.00000  1.32       1       1       2        2   1.32
1990-1994        0      0.00684  0.00680  0.13  100000     680   99412  7964662  79.65
1990-1994      1-4      0.00029  0.00116  1.57   99320     116  397000  7865250  79.19
1990-1994      5-9      0.00016  0.00081  2.45   99205      81  495818  7468250  75.28
1990-1994     10-14     0.00016  0.00080  2.72   99124      79  495440  6972432  70.34
1990-1994     15-19     0.00034  0.00169  2.78   99045     167  494853  6476993  65.39
1990-1994     20-24     0.00044  0.00218  2.57   98878     216  493864  5982139  60.50
1990-1994     25-29     0.00045  0.00223  2.58   98662     220  492778  5488276  55.63
1990-1994     30-34     0.00063  0.00314  2.62   98442     309  491475  4995498  50.75
1990-1994     35-39     0.00098  0.00489  2.70   98133     480  489561  4504023  45.90
1990-1994     40-44     0.00163  0.00810  2.63   97653     791  486389  4014462  41.11
1990-1994     45-49     0.00235  0.01169  2.69   96862    1132  481693  3528073  36.42
1990-1994     50-54     0.00337  0.01673  2.64   95730    1601  474865  3046380  31.82
1990-1994     55-59     0.00500  0.02471  2.66   94128    2326  465190  2571515  27.32
1990-1994     60-64     0.00767  0.03768  2.68   91802    3459  450977  2106326  22.94
1990-1994     65-69     0.01262  0.06128  2.68   88343    5414  429130  1655348  18.74
1990-1994     70-74     0.02221  0.10566  2.70   82930    8762  394464  1226218  14.79
1990-1994     75-79     0.03998  0.18273  2.65   74167   13553  339008   831755  11.21
1990-1994     80-84     0.07474  0.31672  2.59   60614   19198  256864   492747   8.13
1990-1994     85-89     0.13363  0.49865  2.46   41417   20652  154555   235883   5.70
1990-1994     90-94     0.22505  0.69400  2.24   20764   14410   64031    81328   3.92
1990-1994     95-99     0.34982  0.84690  1.95    6354    5381   15382    17297   2.72
1990-1994    100-104    0.50014  0.93424  1.65     973     909    1817     1915   1.97
1990-1994    105-109    0.65192  0.97188  1.39      64      62      95       98   1.53
1990-1994    110+       0.76471  1.00000  1.31       2       2       2        2   1.31
1995-1999        0      0.00464  0.00462  0.14  100000     462   99602  8053041  80.53
1995-1999      1-4      0.00026  0.00103  1.53   99538     103  397896  7953439  79.90
1995-1999      5-9      0.00013  0.00067  2.39   99435      67  496999  7555543  75.99
1995-1999     10-14     0.00016  0.00082  2.54   99368      82  496639  7058544  71.03
1995-1999     15-19     0.00031  0.00156  2.80   99286     155  496091  6561904  66.09
1995-1999     20-24     0.00038  0.00190  2.62   99131     188  495209  6065813  61.19
1995-1999     25-29     0.00041  0.00203  2.62   98943     201  494236  5570605  56.30
1995-1999     30-34     0.00057  0.00283  2.73   98742     280  493073  5076368  51.41
1995-1999     35-39     0.00090  0.00447  2.69   98462     441  491292  4583295  46.55
1995-1999     40-44     0.00151  0.00752  2.73   98022     737  488436  4092002  41.75
1995-1999     45-49     0.00233  0.01159  2.64   97284    1127  483760  3603566  37.04
1995-1999     50-54     0.00340  0.01686  2.57   96157    1621  476845  3119806  32.44
1995-1999     55-59     0.00476  0.02353  2.64   94536    2225  467429  2642961  27.96
1995-1999     60-64     0.00703  0.03459  2.66   92312    3193  454079  2175533  23.57
1995-1999     65-69     0.01150  0.05602  2.69   89118    4993  434070  1721454  19.32
1995-1999     70-74     0.01974  0.09441  2.70   84126    7942  402332  1287384  15.30
1995-1999     75-79     0.03665  0.16889  2.68   76184   12867  351102   885051  11.62
1995-1999     80-84     0.06941  0.29790  2.62   63317   18862  271732   533950   8.43
1995-1999     85-89     0.12650  0.47974  2.48   44455   21327  168591   262218   5.90
1995-1999     90-94     0.21523  0.67733  2.26   23128   15665   72785    93626   4.05
1995-1999     95-99     0.33951  0.83809  1.98    7463    6254   18422    20842   2.79
1995-1999    100-104    0.49099  0.93095  1.67    1208    1125    2291     2420   2.00
1995-1999    105-109    0.64562  0.97097  1.40      83      81     125      129   1.54
1995-1999    110+       0.76109  1.00000  1.31       2       2       3        3   1.31
2000-2004        0      0.00386  0.00385  0.14  100000     385   99669  8125966  81.26
2000-2004      1-4      0.00025  0.00099  1.55   99615      99  398219  8026296  80.57
2000-2004      5-9      0.00011  0.00053  2.37   99516      52  497444  7628078  76.65
2000-2004     10-14     0.00013  0.00065  2.84   99464      65  497180  7130634  71.69
2000-2004     15-19     0.00027  0.00136  2.85   99399     135  496705  6633454  66.74
2000-2004     20-24     0.00035  0.00173  2.62   99264     171  495910  6136749  61.82
2000-2004     25-29     0.00040  0.00198  2.52   99092     196  494976  5640838  56.93
2000-2004     30-34     0.00050  0.00250  2.66   98897     247  493906  5145863  52.03
2000-2004     35-39     0.00079  0.00394  2.67   98650     389  492343  4651957  47.16
2000-2004     40-44     0.00127  0.00635  2.71   98261     624  489873  4159614  42.33
2000-2004     45-49     0.00210  0.01046  2.69   97637    1022  485826  3669741  37.59
2000-2004     50-54     0.00331  0.01642  2.63   96615    1586  479317  3183914  32.95
2000-2004     55-59     0.00472  0.02332  2.61   95029    2216  469845  2704597  28.46
2000-2004     60-64     0.00673  0.03314  2.61   92813    3075  456713  2234752  24.08
2000-2004     65-69     0.01030  0.05032  2.68   89738    4516  438227  1778039  19.81
2000-2004     70-74     0.01776  0.08533  2.70   85222    7272  409413  1339811  15.72
2000-2004     75-79     0.03311  0.15379  2.69   77950   11988  362013   930398  11.94
2000-2004     80-84     0.06513  0.28238  2.65   65963   18626  285975   568385   8.62
2000-2004     85-89     0.12281  0.46959  2.50   47336   22229  180999   282410   5.97
2000-2004     90-94     0.21499  0.67686  2.26   25108   16994   79045   101411   4.04
2000-2004     95-99     0.34417  0.84312  1.98    8113    6840   19875    22365   2.76
2000-2004    100-104    0.50318  0.93606  1.65    1273    1191    2368     2490   1.96
2000-2004    105-109    0.66336  0.97393  1.37      81      79     119      122   1.50
2000-2004    110+       0.78031  1.00000  1.28       2       2       3        3   1.28
2005-2009        0      0.00341  0.00340  0.14  100000     340   99708  8219603  82.20
2005-2009      1-4      0.00020  0.00078  1.47   99660      78  398441  8119895  81.48
2005-2009      5-9      0.00010  0.00050  2.41   99582      50  497779  7721454  77.54
2005-2009     10-14     0.00010  0.00051  2.78   99531      51  497544  7223676  72.58
2005-2009     15-19     0.00024  0.00119  2.89   99480     119  497151  6726132  67.61
2005-2009     20-24     0.00025  0.00127  2.59   99362     126  496505  6228981  62.69
2005-2009     25-29     0.00034  0.00170  2.71   99236     168  495795  5732477  57.77
2005-2009     30-34     0.00045  0.00226  2.59   99068     224  494799  5236682  52.86
2005-2009     35-39     0.00070  0.00351  2.78   98844     347  493448  4741884  47.97
2005-2009     40-44     0.00116  0.00577  2.71   98497     569  491183  4248435  43.13
2005-2009     45-49     0.00194  0.00966  2.72   97928     946  487481  3757252  38.37
2005-2009     50-54     0.00317  0.01572  2.66   96983    1525  481337  3269771  33.72
2005-2009     55-59     0.00450  0.02227  2.61   95458    2126  472214  2788434  29.21
2005-2009     60-64     0.00653  0.03216  2.63   93332    3001  459554  2316220  24.82
2005-2009     65-69     0.00965  0.04718  2.65   90330    4262  441625  1856666  20.55
2005-2009     70-74     0.01574  0.07593  2.67   86068    6536  415140  1415041  16.44
2005-2009     75-79     0.02901  0.13600  2.71   79533   10816  372853   999901  12.57
2005-2009     80-84     0.05722  0.25230  2.66   68716   17337  302966   627048   9.13
2005-2009     85-89     0.11218  0.43935  2.53   51379   22573  201228   324083   6.31
2005-2009     90-94     0.19911  0.64843  2.31   28806   18679   93808   122854   4.26
2005-2009     95-99     0.32830  0.82903  2.01   10127    8396   25574    29046   2.87
2005-2009    100-104    0.48984  0.93143  1.67    1731    1613    3292     3473   2.01
2005-2009    105-109    0.65536  0.97290  1.39     119     116     176      180   1.52
2005-2009    110+       0.77694  1.00000  1.29       3       3       4        4   1.29
2010-2014        0      0.00305  0.00305  0.14  100000     305   99739  8295126  82.95
2010-2014      1-4      0.00016  0.00066  1.54   99695      65  398620  8195387  82.20
2010-2014      5-9      0.00008  0.00041  2.42   99630      41  498044  7796766  78.26
2010-2014     10-14     0.00008  0.00041  2.57   99589      41  497844  7298723  73.29
2010-2014     15-19     0.00019  0.00094  2.78   99548      94  497530  6800879  68.32
2010-2014     20-24     0.00024  0.00120  2.51   99454     120  496972  6303349  63.38
2010-2014     25-29     0.00030  0.00152  2.58   99334     151  496304  5806378  58.45
2010-2014     30-34     0.00039  0.00196  2.59   99183     194  495446  5310074  53.54
2010-2014     35-39     0.00065  0.00326  2.71   98989     323  494206  4814627  48.64
2010-2014     40-44     0.00103  0.00515  2.72   98666     508  492170  4320421  43.79
2010-2014     45-49     0.00173  0.00863  2.69   98158     847  488833  3828251  39.00
2010-2014     50-54     0.00286  0.01422  2.66   97311    1384  483317  3339418  34.32
2010-2014     55-59     0.00439  0.02171  2.65   95927    2082  474748  2856100  29.77
2010-2014     60-64     0.00639  0.03149  2.64   93844    2955  462243  2381352  25.38
2010-2014     65-69     0.00949  0.04641  2.63   90889    4218  444457  1919110  21.11
2010-2014     70-74     0.01480  0.07150  2.65   86671    6197  418808  1474653  17.01
2010-2014     75-79     0.02563  0.12108  2.71   80474    9744  380098  1055844  13.12
2010-2014     80-84     0.05144  0.22972  2.68   70731   16248  315890   675747   9.55
2010-2014     85-89     0.10295  0.41181  2.57   54482   22437  217947   359857   6.61
2010-2014     90-94     0.18840  0.62779  2.34   32046   20118  106783   141910   4.43
2010-2014     95-99     0.31784  0.81929  2.04   11928    9772   30746    35127   2.94
2010-2014    100-104    0.48274  0.92903  1.69    2155    2002    4148     4381   2.03
2010-2014    105-109    0.65341  0.97277  1.39     153     149     228      233   1.52
2010-2014    110+       0.77868  1.00000  1.28       4       4       5        5   1.28
2015-2019        0      0.00298  0.00297  0.14  100000     297   99745  8363567  83.64
2015-2019      1-4      0.00015  0.00062  1.57   99703      61  398661  8263822  82.88
2015-2019      5-9      0.00007  0.00036  2.39   99641      36  498111  7865161  78.93
2015-2019     10-14     0.00007  0.00035  2.83   99605      35  497948  7367050  73.96
2015-2019     15-19     0.00016  0.00081  2.81   99570      81  497671  6869102  68.99
2015-2019     20-24     0.00021  0.00104  2.68   99489     104  497203  6371431  64.04
2015-2019     25-29     0.00025  0.00125  2.66   99385     125  496633  5874229  59.11
2015-2019     30-34     0.00038  0.00192  2.63   99260     191  495850  5377595  54.18
2015-2019     35-39     0.00056  0.00279  2.61   99070     276  494688  4881745  49.28
2015-2019     40-44     0.00090  0.00447  2.69   98794     441  492950  4387058  44.41
2015-2019     45-49     0.00155  0.00774  2.70   98352     761  490012  3894108  39.59
2015-2019     50-54     0.00244  0.01215  2.71   97591    1186  485238  3404095  34.88
2015-2019     55-59     0.00383  0.01901  2.69   96405    1832  477785  2918858  30.28
2015-2019     60-64     0.00631  0.03111  2.67   94573    2942  466007  2441073  25.81
2015-2019     65-69     0.00904  0.04426  2.63   91631    4056  448523  1975065  21.55
2015-2019     70-74     0.01437  0.06952  2.68   87575    6088  423730  1526543  17.43
2015-2019     75-79     0.02412  0.11425  2.70   81487    9310  385981  1102813  13.53
2015-2019     80-84     0.04645  0.20977  2.69   72177   15140  325969   716832   9.93
2015-2019     85-89     0.09493  0.38640  2.59   57037   22039  232172   390863   6.85
2015-2019     90-94     0.18167  0.61518  2.38   34997   21530  118513   158690   4.53
2015-2019     95-99     0.31250  0.81461  2.06   13468   10971   35107    40177   2.98
2015-2019    100-104    0.48309  0.92972  1.69    2497    2321    4805     5070   2.03
2015-2019    105-109    0.65987  0.97395  1.38     175     171     259      265   1.51
2015-2019    110+       0.78816  1.00000  1.27       5       5       6        6   1.27
2020-2022        0      0.00273  0.00273  0.14  100000     273   99767  8361676  83.62
2020-2022      1-4      0.00015  0.00061  1.66   99727      61  398767  8261910  82.84
2020-2022      5-9      0.00007  0.00036  2.45   99666      36  498240  7863143  78.89
2020-2022     10-14     0.00008  0.00042  2.68   99630      41  498055  7364903  73.92
2020-2022     15-19     0.00015  0.00075  2.57   99589      75  497763  6866848  68.95
2020-2022     20-24     0.00020  0.00102  2.63   99514     102  497329  6369085  64.00
2020-2022     25-29     0.00021  0.00107  2.68   99412     106  496815  5871756  59.06
2020-2022     30-34     0.00035  0.00174  2.65   99306     173  496124  5374942  54.13
2020-2022     35-39     0.00057  0.00283  2.76   99133     280  495038  4878817  49.21
2020-2022     40-44     0.00088  0.00437  2.64   98853     432  493243  4383780  44.35
2020-2022     45-49     0.00146  0.00726  2.75   98421     714  490497  3890537  39.53
2020-2022     50-54     0.00231  0.01149  2.66   97706    1123  485904  3400040  34.80
2020-2022     55-59     0.00356  0.01767  2.65   96584    1706  478900  2914136  30.17
2020-2022     60-64     0.00586  0.02893  2.72   94877    2744  468127  2435236  25.67
2020-2022     65-69     0.00952  0.04654  2.66   92133    4288  450633  1967109  21.35
2020-2022     70-74     0.01505  0.07267  2.66   87845    6383  424269  1516476  17.26
2020-2022     75-79     0.02544  0.12008  2.66   81462    9782  384444  1092207  13.41
2020-2022     80-84     0.04782  0.21500  2.66   71680   15411  322284   707763   9.87
2020-2022     85-89     0.09456  0.38521  2.60   56269   21675  229232   385479   6.85
2020-2022     90-94     0.18300  0.61720  2.36   34593   21351  116671   156247   4.52
2020-2022     95-99     0.31195  0.81380  2.06   13242   10777   34546    39576   2.99
2020-2022    100-104    0.48070  0.92861  1.70    2466    2290    4763     5030   2.04
2020-2022    105-109    0.65604  0.97333  1.39     176     171     261      267   1.52
2020-2022    110+       0.78400  1.00000  1.28       5       5       6        6   1.28
