France, Total Population, Life tables (period 5x5), Females	Last modified: 23 Aug 2024;  Methods Protocol: v6 (2017)

  Year          Age         mx       qx    ax      lx      dx      Lx       Tx     ex
1816-1819        0      0.18781  0.16638  0.31  100000   16638   88588  3957702  39.58
1816-1819      1-4      0.03640  0.13352  1.52   83362   11131  305831  3869114  46.41
1816-1819      5-9      0.01192  0.05764  2.15   72231    4163  349298  3563283  49.33
1816-1819     10-14     0.00586  0.02887  2.38   68068    1965  335185  3213985  47.22
1816-1819     15-19     0.00727  0.03575  2.62   66103    2363  324894  2878800  43.55
1816-1819     20-24     0.00886  0.04334  2.51   63740    2762  311819  2553906  40.07
1816-1819     25-29     0.00922  0.04507  2.49   60978    2748  297989  2242086  36.77
1816-1819     30-34     0.01014  0.04944  2.54   58230    2879  284067  1944098  33.39
1816-1819     35-39     0.01153  0.05608  2.54   55351    3104  269108  1660031  29.99
1816-1819     40-44     0.01333  0.06453  2.52   52247    3371  252863  1390924  26.62
1816-1819     45-49     0.01535  0.07396  2.55   48875    3615  235514  1138061  23.29
1816-1819     50-54     0.01957  0.09338  2.55   45260    4226  215942   902548  19.94
1816-1819     55-59     0.02478  0.11698  2.62   41034    4800  193736   686605  16.73
1816-1819     60-64     0.03983  0.18155  2.57   36234    6578  165151   492869  13.60
1816-1819     65-69     0.05156  0.22868  2.53   29655    6782  131538   327719  11.05
1816-1819     70-74     0.08136  0.33835  2.51   22874    7739   95119   196181   8.58
1816-1819     75-79     0.11482  0.44226  2.40   15134    6693   58297   101061   6.68
1816-1819     80-84     0.18059  0.60698  2.30    8441    5124   28371    42764   5.07
1816-1819     85-89     0.21281  0.65489  2.06    3317    2173   10209    14393   4.34
1816-1819     90-94     0.25494  0.73721  2.14    1145     844    3311     4184   3.65
1816-1819     95-99     0.33369  0.82227  1.92     301     247     741      873   2.90
1816-1819    100-104    0.39860  0.87450  1.79      53      47     117      132   2.46
1816-1819    105-109    0.46728  0.91348  1.67       7       6      13       14   2.12
1816-1819    110+       0.52290  1.00000  1.91       1       1       1        1   1.91
1820-1824        0      0.19194  0.16961  0.31  100000   16961   88367  4005053  40.05
1820-1824      1-4      0.03689  0.13514  1.51   83039   11222  304215  3916687  47.17
1820-1824      5-9      0.01207  0.05837  2.17   71818    4192  347208  3612472  50.30
1820-1824     10-14     0.00570  0.02807  2.33   67626    1898  333063  3265263  48.28
1820-1824     15-19     0.00690  0.03394  2.64   65727    2230  323371  2932201  44.61
1820-1824     20-24     0.00860  0.04209  2.52   63497    2673  310846  2608830  41.09
1820-1824     25-29     0.00878  0.04296  2.50   60824    2613  297587  2297984  37.78
1820-1824     30-34     0.00957  0.04675  2.51   58211    2721  284272  2000397  34.36
1820-1824     35-39     0.01064  0.05184  2.54   55490    2877  270367  1716126  30.93
1820-1824     40-44     0.01222  0.05931  2.52   52614    3120  255344  1445758  27.48
1820-1824     45-49     0.01392  0.06731  2.56   49493    3331  239334  1190414  24.05
1820-1824     50-54     0.01814  0.08680  2.54   46162    4007  220950   951080  20.60
1820-1824     55-59     0.02268  0.10756  2.61   42155    4534  199952   730130  17.32
1820-1824     60-64     0.03609  0.16600  2.59   37621    6245  173029   530178  14.09
1820-1824     65-69     0.04930  0.21982  2.54   31376    6897  139898   357149  11.38
1820-1824     70-74     0.07575  0.31888  2.52   24479    7806  103042   217251   8.88
1820-1824     75-79     0.10817  0.42335  2.43   16673    7059   65253   114209   6.85
1820-1824     80-84     0.17768  0.60193  2.32    9614    5787   32571    48955   5.09
1820-1824     85-89     0.21761  0.66338  2.06    3827    2539   11667    16384   4.28
1820-1824     90-94     0.25386  0.73543  2.14    1288     947    3732     4717   3.66
1820-1824     95-99     0.33496  0.82364  1.91     341     281     838      985   2.89
1820-1824    100-104    0.40145  0.87658  1.79      60      53     131      147   2.44
1820-1824    105-109    0.47179  0.91570  1.66       7       7      14       16   2.10
1820-1824    110+       0.52878  1.00000  1.89       1       1       1        1   1.89
1825-1829        0      0.18868  0.16706  0.31  100000   16706   88542  3921080  39.21
1825-1829      1-4      0.03888  0.14182  1.51   83294   11813  303811  3832538  46.01
1825-1829      5-9      0.01235  0.05963  2.14   71482    4262  345233  3528728  49.37
1825-1829     10-14     0.00619  0.03048  2.38   67219    2049  330738  3183495  47.36
1825-1829     15-19     0.00762  0.03740  2.60   65170    2437  320014  2852757  43.77
1825-1829     20-24     0.00891  0.04360  2.52   62733    2735  306878  2532742  40.37
1825-1829     25-29     0.00958  0.04677  2.50   59998    2806  292986  2225865  37.10
1825-1829     30-34     0.01015  0.04950  2.52   57192    2831  278942  1932879  33.80
1825-1829     35-39     0.01142  0.05552  2.50   54361    3018  264270  1653936  30.43
1825-1829     40-44     0.01242  0.06024  2.52   51343    3093  249041  1389666  27.07
1825-1829     45-49     0.01442  0.06966  2.56   48250    3361  233059  1140625  23.64
1825-1829     50-54     0.01853  0.08864  2.56   44889    3979  214718   907566  20.22
1825-1829     55-59     0.02417  0.11421  2.60   40910    4672  193318   692849  16.94
1825-1829     60-64     0.03725  0.17087  2.58   36238    6192  166221   499531  13.78
1825-1829     65-69     0.05218  0.23136  2.55   30046    6951  133212   333310  11.09
1825-1829     70-74     0.07853  0.32808  2.49   23094    7577   96479   200098   8.66
1825-1829     75-79     0.11323  0.43857  2.43   15518    6806   60106   103619   6.68
1825-1829     80-84     0.18117  0.60865  2.30    8712    5303   29268    43513   4.99
1825-1829     85-89     0.22336  0.67397  2.06    3409    2298   10288    14246   4.18
1825-1829     90-94     0.26244  0.74580  2.11    1112     829    3159     3958   3.56
1825-1829     95-99     0.34302  0.83118  1.90     283     235     685      799   2.83
1825-1829    100-104    0.41097  0.88285  1.77      48      42     102      114   2.39
1825-1829    105-109    0.48252  0.92057  1.64       6       5      11       11   2.05
1825-1829    110+       0.54047  1.00000  1.85       0       0       1        1   1.85
1830-1834        0      0.18389  0.16330  0.31  100000   16330   88800  3850300  38.50
1830-1834      1-4      0.03942  0.14358  1.51   83670   12014  304753  3761500  44.96
1830-1834      5-9      0.01283  0.06189  2.16   71657    4435  345686  3456747  48.24
1830-1834     10-14     0.00636  0.03130  2.37   67222    2104  330570  3111061  46.28
1830-1834     15-19     0.00787  0.03864  2.62   65118    2516  319615  2780490  42.70
1830-1834     20-24     0.00965  0.04714  2.52   62602    2951  305686  2460875  39.31
1830-1834     25-29     0.01021  0.04980  2.51   59651    2971  290853  2155190  36.13
1830-1834     30-34     0.01124  0.05467  2.52   56680    3099  275703  1864337  32.89
1830-1834     35-39     0.01227  0.05955  2.52   53581    3191  260008  1588634  29.65
1830-1834     40-44     0.01380  0.06667  2.49   50391    3360  243514  1328626  26.37
1830-1834     45-49     0.01518  0.07319  2.55   47031    3442  226734  1085112  23.07
1830-1834     50-54     0.01961  0.09356  2.56   43589    4078  207990   858378  19.69
1830-1834     55-59     0.02539  0.11966  2.60   39510    4728  186219   650389  16.46
1830-1834     60-64     0.03953  0.18028  2.56   34783    6271  158627   464169  13.34
1830-1834     65-69     0.05469  0.24114  2.55   28512    6875  125708   305542  10.72
1830-1834     70-74     0.08505  0.35053  2.49   21637    7584   89178   179833   8.31
1830-1834     75-79     0.12077  0.45946  2.40   14053    6457   53463    90656   6.45
1830-1834     80-84     0.18441  0.61604  2.31    7596    4679   25375    37192   4.90
1830-1834     85-89     0.23221  0.68773  2.04    2917    2006    8638    11817   4.05
1830-1834     90-94     0.26781  0.75279  2.09     911     686    2560     3179   3.49
1830-1834     95-99     0.35326  0.84037  1.88     225     189     536      619   2.75
1830-1834    100-104    0.42351  0.89069  1.75      36      32      76       83   2.32
1830-1834    105-109    0.49703  0.92675  1.62       4       4       7        8   2.00
1830-1834    110+       0.55653  1.00000  1.80       0       0       1        1   1.80
1835-1839        0      0.16968  0.15199  0.31  100000   15199   89575  4093269  40.93
1835-1839      1-4      0.03499  0.12873  1.51   84801   10917  312023  4003694  47.21
1835-1839      5-9      0.01039  0.05043  2.13   73884    3726  358727  3691670  49.97
1835-1839     10-14     0.00580  0.02860  2.44   70158    2006  345655  3332944  47.51
1835-1839     15-19     0.00720  0.03540  2.61   68152    2412  335006  2987289  43.83
1835-1839     20-24     0.00915  0.04476  2.54   65740    2943  321446  2652284  40.35
1835-1839     25-29     0.00964  0.04709  2.49   62797    2957  306575  2330838  37.12
1835-1839     30-34     0.01031  0.05025  2.52   59840    3007  291745  2024263  33.83
1835-1839     35-39     0.01145  0.05566  2.52   56833    3163  276324  1732518  30.48
1835-1839     40-44     0.01261  0.06114  2.51   53670    3281  260194  1456194  27.13
1835-1839     45-49     0.01395  0.06741  2.53   50389    3397  243539  1196000  23.74
1835-1839     50-54     0.01779  0.08528  2.57   46992    4007  225210   952461  20.27
1835-1839     55-59     0.02333  0.11051  2.62   42985    4750  203599   727251  16.92
1835-1839     60-64     0.03665  0.16837  2.59   38235    6437  175638   523652  13.70
1835-1839     65-69     0.05231  0.23181  2.55   31797    7371  140900   348014  10.94
1835-1839     70-74     0.08200  0.34041  2.51   24426    8315  101407   207114   8.48
1835-1839     75-79     0.11673  0.44818  2.41   16111    7221   61860   105707   6.56
1835-1839     80-84     0.18284  0.61223  2.30    8891    5443   29769    43847   4.93
1835-1839     85-89     0.22893  0.68444  2.06    3447    2360   10307    14077   4.08
1835-1839     90-94     0.26970  0.75291  2.07    1088     819    3037     3771   3.47
1835-1839     95-99     0.35589  0.84282  1.88     269     227     637      734   2.73
1835-1839    100-104    0.42816  0.89359  1.74      42      38      88       97   2.30
1835-1839    105-109    0.50370  0.92952  1.61       4       4       8        9   1.97
1835-1839    110+       0.56482  1.00000  1.77       0       0       1        1   1.77
1840-1844        0      0.15902  0.14338  0.31  100000   14338   90166  4164453  41.64
1840-1844      1-4      0.03423  0.12619  1.51   85662   10810  315778  4074287  47.56
1840-1844      5-9      0.01060  0.05143  2.15   74852    3850  363281  3758509  50.21
1840-1844     10-14     0.00598  0.02945  2.45   71003    2091  349677  3395228  47.82
1840-1844     15-19     0.00761  0.03739  2.61   68912    2577  338397  3045551  44.19
1840-1844     20-24     0.00921  0.04501  2.52   66335    2986  324268  2707154  40.81
1840-1844     25-29     0.00976  0.04765  2.50   63349    3019  309203  2382886  37.62
1840-1844     30-34     0.01023  0.04988  2.49   60331    3009  294112  2073682  34.37
1840-1844     35-39     0.01078  0.05249  2.52   57321    3009  279155  1779570  31.05
1840-1844     40-44     0.01224  0.05940  2.51   54313    3226  263537  1500415  27.63
1840-1844     45-49     0.01333  0.06455  2.55   51087    3298  247345  1236878  24.21
1840-1844     50-54     0.01702  0.08167  2.54   47789    3903  229343   989533  20.71
1840-1844     55-59     0.02180  0.10361  2.62   43886    4547  208599   760190  17.32
1840-1844     60-64     0.03437  0.15870  2.59   39339    6243  181661   551591  14.02
1840-1844     65-69     0.04887  0.21846  2.58   33096    7230  147954   369930  11.18
1840-1844     70-74     0.08008  0.33365  2.50   25865    8630  107772   221976   8.58
1840-1844     75-79     0.11318  0.43809  2.42   17235    7551   66715   114204   6.63
1840-1844     80-84     0.18227  0.61148  2.31    9685    5922   32491    47489   4.90
1840-1844     85-89     0.23594  0.69720  2.07    3763    2623   11118    14998   3.99
1840-1844     90-94     0.27399  0.75704  2.05    1139     863    3148     3880   3.41
1840-1844     95-99     0.36793  0.85315  1.86     277     236     642      732   2.64
1840-1844    100-104    0.44525  0.90342  1.71      41      37      82       90   2.21
1840-1844    105-109    0.52541  0.93774  1.57       4       4       7        7   1.89
1840-1844    110+       0.59013  1.00000  1.69       0       0       0        0   1.69
1845-1849        0      0.16163  0.14550  0.31  100000   14550   90020  4081931  40.82
1845-1849      1-4      0.03496  0.12860  1.50   85450   10989  314334  3991910  46.72
1845-1849      5-9      0.01024  0.04972  2.14   74461    3702  361710  3677576  49.39
1845-1849     10-14     0.00619  0.03045  2.47   70759    2155  348344  3315866  46.86
1845-1849     15-19     0.00776  0.03812  2.62   68604    2615  336786  2967522  43.26
1845-1849     20-24     0.00988  0.04824  2.53   65989    3183  322078  2630736  39.87
1845-1849     25-29     0.01024  0.04993  2.49   62806    3136  306158  2308658  36.76
1845-1849     30-34     0.01098  0.05342  2.51   59670    3188  290417  2002500  33.56
1845-1849     35-39     0.01172  0.05691  2.50   56483    3215  274392  1712083  30.31
1845-1849     40-44     0.01281  0.06207  2.52   53268    3306  258127  1437691  26.99
1845-1849     45-49     0.01448  0.06992  2.54   49962    3494  241218  1179563  23.61
1845-1849     50-54     0.01800  0.08620  2.56   46468    4005  222584   938346  20.19
1845-1849     55-59     0.02385  0.11275  2.59   42463    4788  200768   715762  16.86
1845-1849     60-64     0.03619  0.16640  2.58   37675    6269  173218   514994  13.67
1845-1849     65-69     0.05146  0.22870  2.57   31406    7183  139561   341776  10.88
1845-1849     70-74     0.08255  0.34240  2.51   24223    8294  100478   202215   8.35
1845-1849     75-79     0.11964  0.45603  2.39   15929    7264   60720   101737   6.39
1845-1849     80-84     0.18859  0.62532  2.31    8665    5418   28731    41017   4.73
1845-1849     85-89     0.24952  0.71720  2.04    3247    2328    9332    12286   3.78
1845-1849     90-94     0.29174  0.78093  2.03     918     717    2458     2954   3.22
1845-1849     95-99     0.39537  0.87403  1.81     201     176     445      497   2.47
1845-1849    100-104    0.48028  0.92075  1.65      25      23      49       52   2.06
1845-1849    105-109    0.56655  0.95074  1.51       2       2       3        4   1.76
1845-1849    110+       0.63554  1.00000  1.57       0       0       0        0   1.57
1850-1854        0      0.15930  0.14361  0.31  100000   14361   90150  4160967  41.61
1850-1854      1-4      0.03333  0.12310  1.51   85639   10542  316261  4070817  47.53
1850-1854      5-9      0.00957  0.04658  2.13   75097    3498  365464  3754556  50.00
1850-1854     10-14     0.00595  0.02934  2.49   71599    2100  352726  3389092  47.33
1850-1854     15-19     0.00764  0.03750  2.61   69499    2607  341266  3036366  43.69
1850-1854     20-24     0.00955  0.04664  2.53   66892    3120  326751  2695100  40.29
1850-1854     25-29     0.00997  0.04862  2.49   63772    3100  311075  2368348  37.14
1850-1854     30-34     0.01036  0.05051  2.51   60672    3065  295715  2057274  33.91
1850-1854     35-39     0.01138  0.05535  2.52   57607    3188  280124  1761559  30.58
1850-1854     40-44     0.01231  0.05970  2.50   54419    3249  263965  1481435  27.22
1850-1854     45-49     0.01352  0.06545  2.56   51170    3349  247686  1217470  23.79
1850-1854     50-54     0.01798  0.08615  2.56   47821    4120  229070   969784  20.28
1850-1854     55-59     0.02313  0.10958  2.61   43701    4789  207053   740714  16.95
1850-1854     60-64     0.03579  0.16462  2.57   38913    6406  179002   533661  13.71
1850-1854     65-69     0.05123  0.22780  2.57   32507    7405  144534   354659  10.91
1850-1854     70-74     0.08182  0.33990  2.51   25102    8532  104280   210125   8.37
1850-1854     75-79     0.11855  0.45386  2.42   16569    7520   63433   105845   6.39
1850-1854     80-84     0.18881  0.62530  2.30    9049    5658   29970    42412   4.69
1850-1854     85-89     0.25616  0.73058  2.06    3391    2477    9671    12442   3.67
1850-1854     90-94     0.31178  0.79903  1.95     914     730    2341     2772   3.03
1850-1854     95-99     0.41759  0.88910  1.77     184     163     391      430   2.34
1850-1854    100-104    0.51064  0.93347  1.60      20      19      37       39   1.94
1850-1854    105-109    0.60329  0.96018  1.45       1       1       2        2   1.65
1850-1854    110+       0.67636  1.00000  1.48       0       0       0        0   1.48
1855-1859        0      0.18564  0.16467  0.31  100000   16467   88705  3934260  39.34
1855-1859      1-4      0.03778  0.13808  1.50   83533   11534  305298  3845555  46.04
1855-1859      5-9      0.01073  0.05206  2.13   71998    3748  349225  3540257  49.17
1855-1859     10-14     0.00666  0.03277  2.50   68250    2237  335652  3191032  46.76
1855-1859     15-19     0.00857  0.04199  2.60   66013    2772  323402  2855380  43.25
1855-1859     20-24     0.01007  0.04911  2.51   63241    3106  308458  2531978  40.04
1855-1859     25-29     0.01016  0.04952  2.48   60135    2978  293174  2223521  36.98
1855-1859     30-34     0.01045  0.05093  2.49   57157    2911  278491  1930347  33.77
1855-1859     35-39     0.01094  0.05324  2.51   54246    2888  264045  1651856  30.45
1855-1859     40-44     0.01238  0.06006  2.53   51358    3085  249157  1387812  27.02
1855-1859     45-49     0.01389  0.06715  2.54   48273    3242  233388  1138655  23.59
1855-1859     50-54     0.01764  0.08457  2.58   45032    3808  215938   905267  20.10
1855-1859     55-59     0.02403  0.11358  2.60   41223    4682  194873   689329  16.72
1855-1859     60-64     0.03587  0.16509  2.60   36541    6033  168203   494456  13.53
1855-1859     65-69     0.05337  0.23602  2.55   30509    7201  134912   326253  10.69
1855-1859     70-74     0.08392  0.34692  2.50   23308    8086   96354   191341   8.21
1855-1859     75-79     0.12153  0.46197  2.41   15222    7032   57863    94987   6.24
1855-1859     80-84     0.19279  0.63384  2.30    8190    5191   26926    37124   4.53
1855-1859     85-89     0.27859  0.76404  2.05    2999    2291    8224    10198   3.40
1855-1859     90-94     0.34028  0.82409  1.87     708     583    1714     1974   2.79
1855-1859     95-99     0.47031  0.91823  1.68     124     114     243      260   2.09
1855-1859    100-104    0.57892  0.95524  1.49      10      10      17       17   1.72
1855-1859    105-109    0.68102  0.97469  1.34       0       0       1        1   1.46
1855-1859    110+       0.75775  1.00000  1.32       0       0       0        0   1.32
1860-1864        0      0.17113  0.15315  0.31  100000   15315   89495  4267499  42.67
1860-1864      1-4      0.03227  0.11951  1.51   84685   10120  313579  4178004  49.34
1860-1864      5-9      0.00799  0.03904  2.02   74564    2911  364152  3864425  51.83
1860-1864     10-14     0.00540  0.02663  2.59   71654    1908  353668  3500273  48.85
1860-1864     15-19     0.00715  0.03514  2.59   69745    2451  342825  3146605  45.12
1860-1864     20-24     0.00872  0.04270  2.53   67294    2873  329366  2803780  41.66
1860-1864     25-29     0.00909  0.04446  2.50   64421    2864  314935  2474414  38.41
1860-1864     30-34     0.00950  0.04637  2.49   61557    2855  300625  2159479  35.08
1860-1864     35-39     0.00971  0.04738  2.50   58702    2781  286572  1858854  31.67
1860-1864     40-44     0.01068  0.05203  2.52   55921    2910  272390  1572281  28.12
1860-1864     45-49     0.01210  0.05877  2.57   53011    3116  257476  1299891  24.52
1860-1864     50-54     0.01590  0.07650  2.56   49896    3817  240154  1042415  20.89
1860-1864     55-59     0.02081  0.09918  2.64   46079    4570  219611   802261  17.41
1860-1864     60-64     0.03434  0.15858  2.59   41508    6582  191693   582650  14.04
1860-1864     65-69     0.04857  0.21732  2.58   34926    7590  156267   390957  11.19
1860-1864     70-74     0.07901  0.32999  2.51   27336    9021  114174   234690   8.59
1860-1864     75-79     0.11416  0.44110  2.42   18315    8079   70767   120517   6.58
1860-1864     80-84     0.17758  0.60161  2.32   10236    6158   34679    49750   4.86
1860-1864     85-89     0.25179  0.72842  2.11    4078    2971   11798    15071   3.70
1860-1864     90-94     0.32046  0.80378  1.90    1108     890    2778     3274   2.96
1860-1864     95-99     0.42915  0.89685  1.76     217     195     454      496   2.28
1860-1864    100-104    0.53231  0.94163  1.57      22      21      40       42   1.86
1860-1864    105-109    0.63327  0.96672  1.41       1       1       2        2   1.57
1860-1864    110+       0.71151  1.00000  1.41       0       0       0        0   1.41
1865-1869        0      0.17825  0.15883  0.31  100000   15883   89106  4200046  42.00
1865-1869      1-4      0.03257  0.12046  1.50   84117   10133  311133  4110940  48.87
1865-1869      5-9      0.00761  0.03719  2.01   73985    2751  361700  3799807  51.36
1865-1869     10-14     0.00510  0.02519  2.60   71233    1795  351863  3438107  48.27
1865-1869     15-19     0.00734  0.03608  2.62   69439    2505  341240  3086244  44.45
1865-1869     20-24     0.00909  0.04445  2.52   66933    2975  327287  2745005  41.01
1865-1869     25-29     0.00948  0.04631  2.50   63958    2962  312380  2417718  37.80
1865-1869     30-34     0.01004  0.04896  2.50   60996    2986  297525  2105337  34.52
1865-1869     35-39     0.01040  0.05067  2.50   58010    2940  282711  1807812  31.16
1865-1869     40-44     0.01141  0.05547  2.51   55070    3055  267759  1525101  27.69
1865-1869     45-49     0.01254  0.06085  2.55   52016    3165  252324  1257342  24.17
1865-1869     50-54     0.01643  0.07903  2.58   48850    3861  234901  1005018  20.57
1865-1869     55-59     0.02180  0.10357  2.60   44990    4660  213752   770117  17.12
1865-1869     60-64     0.03378  0.15632  2.62   40330    6305  186618   556365  13.80
1865-1869     65-69     0.05203  0.23096  2.57   34026    7859  151024   369747  10.87
1865-1869     70-74     0.08099  0.33729  2.52   26167    8826  108969   218723   8.36
1865-1869     75-79     0.12201  0.46302  2.40   17341    8029   65811   109754   6.33
1865-1869     80-84     0.18419  0.61561  2.31    9312    5732   31123    43943   4.72
1865-1869     85-89     0.26183  0.74168  2.08    3579    2655   10139    12821   3.58
1865-1869     90-94     0.32654  0.81308  1.91     925     752    2302     2682   2.90
1865-1869     95-99     0.44743  0.90695  1.72     173     157     350      379   2.19
1865-1869    100-104    0.55339  0.94823  1.53      16      15      28       29   1.79
1865-1869    105-109    0.65527  0.97066  1.37       1       1       1        1   1.52
1865-1869    110+       0.73318  1.00000  1.36       0       0       0        0   1.36
1870-1874        0      0.18550  0.16456  0.31  100000   16456   88713  4013758  40.14
1870-1874      1-4      0.03343  0.12338  1.49   83544   10308  308309  3925045  46.98
1870-1874      5-9      0.00892  0.04348  2.11   73236    3184  356972  3616736  49.38
1870-1874     10-14     0.00587  0.02894  2.55   70052    2027  345292  3259764  46.53
1870-1874     15-19     0.00838  0.04107  2.63   68025    2794  333511  2914472  42.84
1870-1874     20-24     0.01089  0.05301  2.53   65231    3458  317627  2580961  39.57
1870-1874     25-29     0.01111  0.05405  2.47   61773    3339  300415  2263334  36.64
1870-1874     30-34     0.01130  0.05496  2.50   58434    3212  284125  1962919  33.59
1870-1874     35-39     0.01192  0.05790  2.51   55222    3197  268138  1678794  30.40
1870-1874     40-44     0.01291  0.06254  2.50   52025    3254  252004  1410656  27.12
1870-1874     45-49     0.01428  0.06897  2.54   48771    3364  235572  1158652  23.76
1870-1874     50-54     0.01767  0.08470  2.56   45407    3846  217639   923080  20.33
1870-1874     55-59     0.02356  0.11149  2.61   41562    4634  196712   705441  16.97
1870-1874     60-64     0.03493  0.16097  2.57   36928    5944  170183   508729  13.78
1870-1874     65-69     0.04957  0.22139  2.59   30983    6859  138374   338546  10.93
1870-1874     70-74     0.08315  0.34442  2.51   24124    8309   99931   200171   8.30
1870-1874     75-79     0.11962  0.45691  2.42   15815    7226   60407   100240   6.34
1870-1874     80-84     0.18771  0.62337  2.31    8589    5354   28524    39833   4.64
1870-1874     85-89     0.26869  0.75114  2.07    3235    2430    9043    11310   3.50
1870-1874     90-94     0.33702  0.82312  1.89     805     663    1966     2266   2.82
1870-1874     95-99     0.46680  0.91679  1.69     142     131     280      300   2.11
1870-1874    100-104    0.57734  0.95495  1.50      12      11      20       20   1.72
1870-1874    105-109    0.68133  0.97479  1.34       1       1       1        1   1.46
1870-1874    110+       0.75931  1.00000  1.32       0       0       0        0   1.32
1875-1879        0      0.16138  0.14530  0.31  100000   14530   90034  4473609  44.74
1875-1879      1-4      0.02635  0.09892  1.52   85470    8455  320902  4383575  51.29
1875-1879      5-9      0.00647  0.03172  2.01   77015    2443  377768  4062673  52.75
1875-1879     10-14     0.00436  0.02157  2.62   74572    1608  369031  3684905  49.41
1875-1879     15-19     0.00648  0.03193  2.64   72964    2330  359319  3315874  45.45
1875-1879     20-24     0.00849  0.04156  2.53   70634    2935  345933  2956555  41.86
1875-1879     25-29     0.00910  0.04448  2.51   67699    3011  330999  2610621  38.56
1875-1879     30-34     0.00957  0.04675  2.48   64687    3024  315828  2279623  35.24
1875-1879     35-39     0.00974  0.04754  2.50   61663    2931  300984  1963794  31.85
1875-1879     40-44     0.01045  0.05093  2.53   58732    2991  286263  1662810  28.31
1875-1879     45-49     0.01223  0.05937  2.56   55741    3310  270624  1376547  24.70
1875-1879     50-54     0.01551  0.07473  2.57   52431    3918  252621  1105923  21.09
1875-1879     55-59     0.02077  0.09894  2.62   48513    4800  231137   853302  17.59
1875-1879     60-64     0.03260  0.15117  2.60   43713    6608  202711   622165  14.23
1875-1879     65-69     0.04691  0.21047  2.56   37105    7809  166491   419454  11.30
1875-1879     70-74     0.07457  0.31515  2.55   29296    9233  123818   252963   8.63
1875-1879     75-79     0.11736  0.45092  2.43   20063    9047   77084   129145   6.44
1875-1879     80-84     0.18224  0.61235  2.32   11016    6746   37016    52061   4.73
1875-1879     85-89     0.26394  0.74520  2.08    4270    3182   12057    15046   3.52
1875-1879     90-94     0.34749  0.83682  1.90    1088     911    2620     2988   2.75
1875-1879     95-99     0.47468  0.92082  1.68     178     163     344      368   2.07
1875-1879    100-104    0.59065  0.95846  1.48      14      13      23       24   1.68
1875-1879    105-109    0.69815  0.97721  1.32       1       1       1        1   1.43
1875-1879    110+       0.77742  1.00000  1.29       0       0       0        0   1.29
1880-1884        0      0.16838  0.15094  0.31  100000   15094   89647  4424434  44.24
1880-1884      1-4      0.02758  0.10320  1.50   84906    8763  317726  4334787  51.05
1880-1884      5-9      0.00707  0.03463  2.09   76143    2637  373035  4017062  52.76
1880-1884     10-14     0.00461  0.02280  2.54   73506    1676  363417  3644026  49.57
1880-1884     15-19     0.00656  0.03228  2.63   71830    2319  353661  3280610  45.67
1880-1884     20-24     0.00830  0.04068  2.54   69512    2828  340606  2926949  42.11
1880-1884     25-29     0.00902  0.04412  2.50   66684    2942  326054  2586343  38.79
1880-1884     30-34     0.00957  0.04674  2.51   63742    2979  311293  2260288  35.46
1880-1884     35-39     0.00996  0.04858  2.48   60762    2952  296381  1948995  32.08
1880-1884     40-44     0.01057  0.05152  2.53   57810    2979  281684  1652614  28.59
1880-1884     45-49     0.01239  0.06015  2.56   54832    3298  266117  1370930  25.00
1880-1884     50-54     0.01561  0.07520  2.56   51534    3875  248198  1104813  21.44
1880-1884     55-59     0.02031  0.09684  2.61   47658    4615  227245   856615  17.97
1880-1884     60-64     0.03122  0.14522  2.60   43043    6250  200226   629370  14.62
1880-1884     65-69     0.04593  0.20663  2.58   36792    7602  165529   429145  11.66
1880-1884     70-74     0.07011  0.29863  2.52   29190    8717  124329   263615   9.03
1880-1884     75-79     0.10510  0.41505  2.47   20473    8497   80853   139287   6.80
1880-1884     80-84     0.17728  0.60118  2.32   11976    7200   40613    58434   4.88
1880-1884     85-89     0.24651  0.72015  2.11    4776    3440   13953    17821   3.73
1880-1884     90-94     0.32919  0.81933  1.94    1337    1095    3327     3868   2.89
1880-1884     95-99     0.43707  0.90157  1.74     241     218     498      541   2.24
1880-1884    100-104    0.54377  0.94545  1.55      24      22      41       43   1.82
1880-1884    105-109    0.64715  0.96933  1.39       1       1       2        2   1.54
1880-1884    110+       0.72652  1.00000  1.38       0       0       0        0   1.38
1885-1889        0      0.15893  0.14331  0.31  100000   14331   90171  4548334  45.48
1885-1889      1-4      0.02605  0.09777  1.47   85669    8376  321483  4458164  52.04
1885-1889      5-9      0.00609  0.02991  1.90   77293    2312  379302  4136680  53.52
1885-1889     10-14     0.00436  0.02158  2.70   74982    1618  371180  3757379  50.11
1885-1889     15-19     0.00648  0.03190  2.58   73363    2340  361151  3386199  46.16
1885-1889     20-24     0.00775  0.03803  2.54   71023    2701  348463  3025048  42.59
1885-1889     25-29     0.00841  0.04120  2.51   68323    2815  334616  2676585  39.18
1885-1889     30-34     0.00899  0.04395  2.49   65508    2879  320317  2341969  35.75
1885-1889     35-39     0.00951  0.04647  2.53   62629    2910  305956  2021652  32.28
1885-1889     40-44     0.01066  0.05191  2.50   59719    3100  290829  1715695  28.73
1885-1889     45-49     0.01157  0.05627  2.56   56619    3186  275306  1424866  25.17
1885-1889     50-54     0.01522  0.07338  2.58   53433    3921  257668  1149560  21.51
1885-1889     55-59     0.01999  0.09540  2.61   49512    4723  236264   891892  18.01
1885-1889     60-64     0.03103  0.14441  2.60   44788    6468  208415   655628  14.64
1885-1889     65-69     0.04563  0.20551  2.59   38320    7875  172605   447213  11.67
1885-1889     70-74     0.07220  0.30624  2.52   30445    9324  129129   274608   9.02
1885-1889     75-79     0.10479  0.41304  2.44   21122    8724   83252   145478   6.89
1885-1889     80-84     0.16749  0.58032  2.35   12398    7195   42955    62227   5.02
1885-1889     85-89     0.24898  0.72537  2.12    5203    3774   15158    19272   3.70
1885-1889     90-94     0.32878  0.82118  1.95    1429    1173    3569     4113   2.88
1885-1889     95-99     0.46111  0.91498  1.70     256     234     507      544   2.13
1885-1889    100-104    0.58105  0.95638  1.49      22      21      36       37   1.71
1885-1889    105-109    0.69299  0.97665  1.32       1       1       1        1   1.44
1885-1889    110+       0.77553  1.00000  1.29       0       0       0        0   1.29
1890-1894        0      0.16570  0.14879  0.31  100000   14879   89794  4554182  45.54
1890-1894      1-4      0.02470  0.09282  1.39   85121    7901  319899  4464388  52.45
1890-1894      5-9      0.00563  0.02767  1.97   77220    2137  379621  4144489  53.67
1890-1894     10-14     0.00388  0.01923  2.69   75083    1444  372081  3764867  50.14
1890-1894     15-19     0.00653  0.03215  2.63   73639    2367  362585  3392786  46.07
1890-1894     20-24     0.00747  0.03668  2.48   71272    2614  349767  3030201  42.52
1890-1894     25-29     0.00788  0.03865  2.53   68658    2653  336723  2680433  39.04
1890-1894     30-34     0.00853  0.04178  2.51   66004    2757  323143  2343710  35.51
1890-1894     35-39     0.00898  0.04394  2.51   63247    2779  309305  2020567  31.95
1890-1894     40-44     0.01021  0.04981  2.54   60468    3012  294923  1711262  28.30
1890-1894     45-49     0.01155  0.05613  2.53   57456    3225  279312  1416338  24.65
1890-1894     50-54     0.01453  0.07016  2.57   54231    3805  261910  1137026  20.97
1890-1894     55-59     0.01986  0.09489  2.65   50426    4785  240891   875116  17.35
1890-1894     60-64     0.03336  0.15450  2.61   45641    7052  211369   634226  13.90
1890-1894     65-69     0.04971  0.22178  2.57   38589    8559  172156   422857  10.96
1890-1894     70-74     0.07962  0.33270  2.53   30031    9991  125495   250701   8.35
1890-1894     75-79     0.12433  0.47021  2.41   20039    9423   75790   125206   6.25
1890-1894     80-84     0.18398  0.61444  2.30   10617    6523   35456    49416   4.65
1890-1894     85-89     0.27071  0.75859  2.10    4093    3105   11471    13960   3.41
1890-1894     90-94     0.38391  0.86625  1.83     988     856    2230     2490   2.52
1890-1894     95-99     0.50197  0.93256  1.63     132     123     246      260   1.97
1890-1894    100-104    0.62462  0.96597  1.42       9       9      14       14   1.59
1890-1894    105-109    0.73409  0.98154  1.27       0       0       0        0   1.36
1890-1894    110+       0.81189  1.00000  1.23       0       0       0        0   1.23
1895-1899        0      0.15968  0.14392  0.31  100000   14392   90129  4804621  48.05
1895-1899      1-4      0.01912  0.07286  1.40   85608    6237  326188  4714492  55.07
1895-1899      5-9      0.00464  0.02290  2.10   79371    1818  391591  4388304  55.29
1895-1899     10-14     0.00343  0.01700  2.63   77553    1318  384646  3996713  51.54
1895-1899     15-19     0.00550  0.02713  2.63   76235    2069  376267  3612067  47.38
1895-1899     20-24     0.00704  0.03458  2.55   74166    2565  364543  3235801  43.63
1895-1899     25-29     0.00736  0.03611  2.47   71602    2585  351480  2871258  40.10
1895-1899     30-34     0.00784  0.03842  2.49   69016    2652  338428  2519777  36.51
1895-1899     35-39     0.00836  0.04096  2.52   66365    2718  325084  2181349  32.87
1895-1899     40-44     0.00915  0.04473  2.51   63646    2847  311128  1856265  29.17
1895-1899     45-49     0.01089  0.05305  2.55   60799    3225  296098  1545137  25.41
1895-1899     50-54     0.01366  0.06608  2.56   57574    3805  278604  1249039  21.69
1895-1899     55-59     0.01877  0.08981  2.60   53769    4829  257266   970436  18.05
1895-1899     60-64     0.02899  0.13551  2.60   48940    6632  228794   713170  14.57
1895-1899     65-69     0.04507  0.20318  2.58   42308    8596  190730   484376  11.45
1895-1899     70-74     0.07375  0.31188  2.53   33712   10514  142566   293645   8.71
1895-1899     75-79     0.11586  0.44644  2.43   23198   10357   89389   151080   6.51
1895-1899     80-84     0.17764  0.60228  2.33   12842    7734   43540    61690   4.80
1895-1899     85-89     0.25923  0.74175  2.12    5107    3788   14614    18151   3.55
1895-1899     90-94     0.35760  0.84761  1.90    1319    1118    3126     3536   2.68
1895-1899     95-99     0.48278  0.92475  1.66     201     186     385      410   2.04
1895-1899    100-104    0.60382  0.96166  1.46      15      15      24       25   1.65
1895-1899    105-109    0.71427  0.97931  1.29       1       1       1        1   1.40
1895-1899    110+       0.79427  1.00000  1.26       0       0       0        0   1.26
1900-1904        0      0.14935  0.13548  0.31  100000   13548   90708  4908130  49.08
1900-1904      1-4      0.01672  0.06412  1.43   86452    5544  331569  4817422  55.72
1900-1904      5-9      0.00455  0.02245  2.20   80909    1817  399462  4485853  55.44
1900-1904     10-14     0.00344  0.01708  2.62   79092    1351  392246  4086391  51.67
1900-1904     15-19     0.00521  0.02575  2.61   77741    2002  383923  3694145  47.52
1900-1904     20-24     0.00681  0.03350  2.55   75739    2537  372467  3310221  43.71
1900-1904     25-29     0.00739  0.03626  2.49   73202    2654  359351  2937754  40.13
1900-1904     30-34     0.00777  0.03810  2.49   70548    2688  346005  2578404  36.55
1900-1904     35-39     0.00831  0.04071  2.53   67860    2763  332465  2232399  32.90
1900-1904     40-44     0.00924  0.04518  2.51   65097    2941  318155  1899934  29.19
1900-1904     45-49     0.01076  0.05244  2.55   62156    3260  302791  1581779  25.45
1900-1904     50-54     0.01379  0.06674  2.58   58897    3931  284967  1278988  21.72
1900-1904     55-59     0.01896  0.09067  2.60   54965    4984  262858   994021  18.08
1900-1904     60-64     0.02889  0.13504  2.59   49982    6749  233609   731163  14.63
1900-1904     65-69     0.04460  0.20129  2.58   43232    8702  195141   497553  11.51
1900-1904     70-74     0.07221  0.30642  2.53   34530   10581  146524   302413   8.76
1900-1904     75-79     0.11522  0.44481  2.44   23949   10653   92460   155888   6.51
1900-1904     80-84     0.17876  0.60363  2.31   13296    8026   44898    63429   4.77
1900-1904     85-89     0.26355  0.74913  2.12    5270    3948   14980    18530   3.52
1900-1904     90-94     0.35691  0.84515  1.89    1322    1117    3131     3550   2.68
1900-1904     95-99     0.48090  0.92382  1.67     205     189     393      419   2.05
1900-1904    100-104    0.60036  0.96083  1.46      16      15      25       26   1.66
1900-1904    105-109    0.70985  0.97875  1.30       1       1       1        1   1.41
1900-1904    110+       0.78958  1.00000  1.27       0       0       0        0   1.27
1905-1909        0      0.13382  0.12257  0.31  100000   12257   91593  5069306  50.69
1905-1909      1-4      0.01451  0.05590  1.38   87743    4905  338112  4977713  56.73
1905-1909      5-9      0.00384  0.01897  2.20   82838    1572  409787  4639601  56.01
1905-1909     10-14     0.00305  0.01514  2.64   81266    1230  403431  4229814  52.05
1905-1909     15-19     0.00497  0.02455  2.63   80036    1965  395517  3826383  47.81
1905-1909     20-24     0.00643  0.03167  2.56   78071    2473  384324  3430867  43.95
1905-1909     25-29     0.00705  0.03461  2.49   75599    2617  371434  3046542  40.30
1905-1909     30-34     0.00746  0.03661  2.52   72982    2672  358293  2675108  36.65
1905-1909     35-39     0.00795  0.03896  2.48   70310    2739  344659  2316815  32.95
1905-1909     40-44     0.00911  0.04454  2.55   67571    3010  330484  1972156  29.19
1905-1909     45-49     0.01083  0.05278  2.56   64561    3408  314505  1641672  25.43
1905-1909     50-54     0.01376  0.06658  2.58   61153    4072  295915  1327168  21.70
1905-1909     55-59     0.01882  0.09003  2.61   57082    5139  273120  1031253  18.07
1905-1909     60-64     0.02883  0.13491  2.62   51942    7007  243044   758133  14.60
1905-1909     65-69     0.04455  0.20109  2.58   44935    9036  202824   515088  11.46
1905-1909     70-74     0.07325  0.31053  2.55   35899   11148  152187   312264   8.70
1905-1909     75-79     0.11684  0.44974  2.44   24751   11132   95272   160077   6.47
1905-1909     80-84     0.17852  0.60304  2.31   13620    8213   46007    64805   4.76
1905-1909     85-89     0.26530  0.75103  2.11    5406    4060   15305    18798   3.48
1905-1909     90-94     0.37152  0.86241  1.89    1346    1161    3125     3493   2.59
1905-1909     95-99     0.49575  0.93026  1.64     185     172     348      368   1.99
1905-1909    100-104    0.61959  0.96504  1.43      13      12      20       21   1.61
1905-1909    105-109    0.73060  0.98119  1.27       0       0       1        1   1.37
1905-1909    110+       0.80962  1.00000  1.24       0       0       0        0   1.24
1910-1914        0      0.12099  0.11172  0.31  100000   11172   92337  5272994  52.73
1910-1914      1-4      0.01340  0.05175  1.31   88828    4597  342967  5180657  58.32
1910-1914      5-9      0.00330  0.01633  2.21   84231    1376  417312  4837690  57.43
1910-1914     10-14     0.00275  0.01366  2.67   82855    1132  411636  4420378  53.35
1910-1914     15-19     0.00448  0.02216  2.63   81723    1811  404321  4008742  49.05
1910-1914     20-24     0.00580  0.02859  2.54   79912    2284  393935  3604421  45.10
1910-1914     25-29     0.00633  0.03115  2.50   77628    2418  382102  3210486  41.36
1910-1914     30-34     0.00664  0.03267  2.51   75210    2457  369944  2828384  37.61
1910-1914     35-39     0.00729  0.03582  2.52   72753    2606  357311  2458440  33.79
1910-1914     40-44     0.00819  0.04013  2.55   70147    2815  343833  2101129  29.95
1910-1914     45-49     0.00996  0.04863  2.59   67332    3274  328759  1757296  26.10
1910-1914     50-54     0.01289  0.06252  2.59   64058    4005  310654  1428537  22.30
1910-1914     55-59     0.01742  0.08363  2.61   60053    5022  288279  1117883  18.61
1910-1914     60-64     0.02642  0.12427  2.62   55031    6839  258864   829604  15.08
1910-1914     65-69     0.04210  0.19125  2.61   48193    9217  218951   570741  11.84
1910-1914     70-74     0.06811  0.29201  2.56   38976   11381  167099   351790   9.03
1910-1914     75-79     0.11181  0.43557  2.46   27594   12019  107496   184691   6.69
1910-1914     80-84     0.16895  0.58254  2.34   15575    9073   53703    77195   4.96
1910-1914     85-89     0.25361  0.73432  2.13    6502    4774   18826    23492   3.61
1910-1914     90-94     0.35460  0.84607  1.91    1727    1462    4122     4666   2.70
1910-1914     95-99     0.48086  0.92427  1.67     266     246     511      544   2.05
1910-1914    100-104    0.60580  0.96227  1.45      20      19      32       33   1.64
1910-1914    105-109    0.71929  0.97998  1.29       1       1       1        1   1.39
1910-1914    110+       0.80078  1.00000  1.25       0       0       0        0   1.25
1915-1919        0      0.12981  0.11920  0.31  100000   11920   91824  5003250  50.03
1915-1919      1-4      0.01550  0.05956  1.36   88080    5246  338470  4911425  55.76
1915-1919      5-9      0.00419  0.02073  2.22   82834    1717  409390  4572955  55.21
1915-1919     10-14     0.00375  0.01858  2.70   81117    1507  402122  4163565  51.33
1915-1919     15-19     0.00597  0.02942  2.60   79609    2342  392433  3761443  47.25
1915-1919     20-24     0.00734  0.03606  2.55   77267    2786  379504  3369009  43.60
1915-1919     25-29     0.00815  0.03996  2.51   74481    2976  364995  2989505  40.14
1915-1919     30-34     0.00852  0.04172  2.49   71505    2983  350034  2624509  36.70
1915-1919     35-39     0.00851  0.04165  2.49   68522    2854  335451  2274476  33.19
1915-1919     40-44     0.00908  0.04440  2.52   65668    2916  321122  1939024  29.53
1915-1919     45-49     0.01063  0.05180  2.57   62752    3250  305866  1617902  25.78
1915-1919     50-54     0.01366  0.06609  2.58   59502    3933  288000  1312036  22.05
1915-1919     55-59     0.01827  0.08754  2.60   55569    4864  266189  1024036  18.43
1915-1919     60-64     0.02652  0.12474  2.63   50705    6325  238530   757847  14.95
1915-1919     65-69     0.04216  0.19152  2.61   44380    8500  201585   519317  11.70
1915-1919     70-74     0.07030  0.29997  2.56   35880   10763  153091   317732   8.86
1915-1919     75-79     0.11221  0.43695  2.47   25117   10975   97809   164641   6.55
1915-1919     80-84     0.17929  0.60585  2.32   14142    8568   47790    66832   4.73
1915-1919     85-89     0.27098  0.76027  2.11    5574    4238   15639    19042   3.42
1915-1919     90-94     0.37845  0.86673  1.87    1336    1158    3060     3403   2.55
1915-1919     95-99     0.51376  0.93733  1.61     178     167     325      342   1.92
1915-1919    100-104    0.64191  0.96935  1.40      11      11      17       17   1.55
1915-1919    105-109    0.75365  0.98357  1.24       0       0       0        0   1.32
1915-1919    110+       0.83100  1.00000  1.20       0       0       0        0   1.20
1920-1924        0      0.09872  0.09246  0.31  100000    9246   93658  5592151  55.92
1920-1924      1-4      0.00938  0.03662  1.33   90754    3324  354156  5498493  60.59
1920-1924      5-9      0.00271  0.01344  2.21   87430    1175  433873  5144337  58.84
1920-1924     10-14     0.00234  0.01165  2.71   86255    1005  428978  4710464  54.61
1920-1924     15-19     0.00439  0.02172  2.65   85250    1852  421907  4281486  50.22
1920-1924     20-24     0.00563  0.02774  2.53   83398    2314  411276  3859579  46.28
1920-1924     25-29     0.00594  0.02927  2.48   81084    2373  399448  3448303  42.53
1920-1924     30-34     0.00598  0.02948  2.50   78711    2321  387748  3048855  38.73
1920-1924     35-39     0.00641  0.03156  2.52   76390    2411  375965  2661107  34.84
1920-1924     40-44     0.00725  0.03562  2.55   73980    2635  363435  2285142  30.89
1920-1924     45-49     0.00907  0.04440  2.59   71345    3168  349094  1921707  26.94
1920-1924     50-54     0.01166  0.05669  2.59   68177    3865  331576  1572614  23.07
1920-1924     55-59     0.01629  0.07839  2.62   64312    5041  309560  1241038  19.30
1920-1924     60-64     0.02415  0.11419  2.62   59271    6768  280217   931478  15.72
1920-1924     65-69     0.03788  0.17373  2.62   52503    9121  240771   651261  12.40
1920-1924     70-74     0.06214  0.27013  2.58   43382   11719  188577   410490   9.46
1920-1924     75-79     0.10318  0.40962  2.49   31663   12970  125701   221913   7.01
1920-1924     80-84     0.16013  0.56237  2.35   18693   10512   65647    96212   5.15
1920-1924     85-89     0.24256  0.71879  2.17    8181    5880   24242    30565   3.74
1920-1924     90-94     0.34796  0.84223  1.94    2300    1938    5568     6323   2.75
1920-1924     95-99     0.47254  0.92090  1.69     363     334     707      755   2.08
1920-1924    100-104    0.60023  0.96120  1.46      29      28      46       48   1.66
1920-1924    105-109    0.71667  0.97974  1.29       1       1       2        2   1.39
1920-1924    110+       0.80021  1.00000  1.25       0       0       0        0   1.25
1925-1929        0      0.08908  0.08395  0.31  100000    8395   94242  5694925  56.95
1925-1929      1-4      0.00908  0.03546  1.28   91605    3248  357589  5600684  61.14
1925-1929      5-9      0.00238  0.01184  2.25   88357    1046  438906  5243094  59.34
1925-1929     10-14     0.00213  0.01058  2.75   87310     924  434475  4804189  55.02
1925-1929     15-19     0.00443  0.02192  2.69   86386    1893  427550  4369714  50.58
1925-1929     20-24     0.00561  0.02768  2.50   84493    2339  416607  3942163  46.66
1925-1929     25-29     0.00540  0.02664  2.46   82154    2188  405217  3525556  42.91
1925-1929     30-34     0.00543  0.02680  2.51   79966    2143  394491  3120339  39.02
1925-1929     35-39     0.00588  0.02899  2.54   77822    2256  383564  2725848  35.03
1925-1929     40-44     0.00695  0.03418  2.56   75567    2583  371520  2342285  31.00
1925-1929     45-49     0.00864  0.04230  2.60   72984    3087  357497  1970765  27.00
1925-1929     50-54     0.01161  0.05645  2.59   69897    3946  339981  1613268  23.08
1925-1929     55-59     0.01580  0.07613  2.62   65951    5021  317782  1273286  19.31
1925-1929     60-64     0.02403  0.11369  2.63   60930    6927  288217   955505  15.68
1925-1929     65-69     0.03757  0.17246  2.62   54003    9313  247894   667288  12.36
1925-1929     70-74     0.06221  0.27040  2.58   44689   12084  194232   419394   9.38
1925-1929     75-79     0.10375  0.41183  2.50   32605   13428  129423   225162   6.91
1925-1929     80-84     0.16609  0.57668  2.35   19177   11059   66587    95738   4.99
1925-1929     85-89     0.25352  0.73575  2.15    8118    5973   23560    29151   3.59
1925-1929     90-94     0.36910  0.86012  1.90    2145    1845    4999     5591   2.61
1925-1929     95-99     0.49981  0.93249  1.64     300     280     560      592   1.97
1925-1929    100-104    0.63172  0.96768  1.42      20      20      31       32   1.57
1925-1929    105-109    0.74767  0.98307  1.25       1       1       1        1   1.34
1925-1929    110+       0.82801  1.00000  1.21       0       0       0        0   1.21
1930-1934        0      0.07252  0.06908  0.31  100000    6908   95262  5992289  59.92
1930-1934      1-4      0.00682  0.02680  1.31   93092    2495  365655  5897027  63.35
1930-1934      5-9      0.00199  0.00992  2.26   90597     898  450525  5531372  61.05
1930-1934     10-14     0.00173  0.00864  2.68   89698     775  446695  5080847  56.64
1930-1934     15-19     0.00354  0.01754  2.70   88923    1559  441027  4634152  52.11
1930-1934     20-24     0.00462  0.02282  2.53   87364    1994  431891  4193125  48.00
1930-1934     25-29     0.00456  0.02256  2.47   85370    1926  421984  3761234  44.06
1930-1934     30-34     0.00465  0.02300  2.52   83444    1919  412454  3339250  40.02
1930-1934     35-39     0.00523  0.02582  2.56   81526    2105  402496  2926796  35.90
1930-1934     40-44     0.00631  0.03108  2.57   79421    2468  391098  2524300  31.78
1930-1934     45-49     0.00820  0.04020  2.59   76953    3093  377323  2133202  27.72
1930-1934     50-54     0.01071  0.05222  2.59   73859    3857  360005  1755878  23.77
1930-1934     55-59     0.01507  0.07271  2.61   70002    5090  337850  1395873  19.94
1930-1934     60-64     0.02222  0.10552  2.63   64913    6850  308326  1058024  16.30
1930-1934     65-69     0.03528  0.16273  2.62   58063    9449  267818   749698  12.91
1930-1934     70-74     0.05725  0.25153  2.59   48614   12228  213592   481880   9.91
1930-1934     75-79     0.09414  0.38144  2.51   36386   13879  147425   268287   7.37
1930-1934     80-84     0.15013  0.53877  2.38   22507   12126   80769   120862   5.37
1930-1934     85-89     0.23275  0.70438  2.20   10381    7312   31416    40093   3.86
1930-1934     90-94     0.33638  0.83183  1.96    3069    2553    7589     8677   2.83
1930-1934     95-99     0.46530  0.91798  1.70     516     474    1018     1089   2.11
1930-1934    100-104    0.59682  0.96064  1.47      42      41      68       70   1.66
1930-1934    105-109    0.71692  0.97986  1.29       2       2       2        2   1.39
1930-1934    110+       0.80267  1.00000  1.25       0       0       0        0   1.25
1935-1939        0      0.06351  0.06078  0.29  100000    6078   95704  6192266  61.92
1935-1939      1-4      0.00538  0.02122  1.31   93922    1993  370322  6096562  64.91
1935-1939      5-9      0.00158  0.00785  2.26   91930     721  457671  5726240  62.29
1935-1939     10-14     0.00138  0.00690  2.68   91208     629  454581  5268569  57.76
1935-1939     15-19     0.00266  0.01321  2.74   90579    1196  450195  4813988  53.15
1935-1939     20-24     0.00397  0.01963  2.51   89383    1755  442551  4363792  48.82
1935-1939     25-29     0.00398  0.01971  2.48   87628    1727  433788  3921241  44.75
1935-1939     30-34     0.00408  0.02021  2.53   85901    1736  425208  3487453  40.60
1935-1939     35-39     0.00467  0.02307  2.57   84165    1942  416108  3062245  36.38
1935-1939     40-44     0.00579  0.02857  2.59   82223    2349  405450  2646137  32.18
1935-1939     45-49     0.00779  0.03821  2.61   79874    3052  392068  2240688  28.05
1935-1939     50-54     0.01046  0.05101  2.58   76822    3919  374646  1848620  24.06
1935-1939     55-59     0.01436  0.06943  2.62   72903    5061  352482  1473974  20.22
1935-1939     60-64     0.02167  0.10304  2.63   67842    6991  322646  1121492  16.53
1935-1939     65-69     0.03369  0.15604  2.64   60852    9495  281806   798846  13.13
1935-1939     70-74     0.05545  0.24454  2.59   51356   12558  226496   517040  10.07
1935-1939     75-79     0.09262  0.37655  2.52   38798   14609  157734   290544   7.49
1935-1939     80-84     0.14546  0.52749  2.40   24189   12759   87717   132810   5.49
1935-1939     85-89     0.22551  0.69287  2.22   11429    7919   35117    45093   3.95
1935-1939     90-94     0.33464  0.83099  1.97    3510    2917    8717     9976   2.84
1935-1939     95-99     0.46212  0.91671  1.71     593     544    1177     1259   2.12
1935-1939    100-104    0.59589  0.96054  1.47      49      47      80       82   1.67
1935-1939    105-109    0.71799  0.98003  1.29       2       2       3        3   1.39
1935-1939    110+       0.80486  1.00000  1.24       0       0       0        0   1.24
1940-1944        0      0.07581  0.07206  0.31  100000    7206   95057  5858466  58.58
1940-1944      1-4      0.00570  0.02246  1.38   92794    2084  365713  5763408  62.11
1940-1944      5-9      0.00202  0.01005  2.32   90710     911  451110  5397695  59.51
1940-1944     10-14     0.00183  0.00911  2.61   89798     818  447039  4946585  55.09
1940-1944     15-19     0.00345  0.01712  2.82   88980    1523  441586  4499545  50.57
1940-1944     20-24     0.00753  0.03701  2.68   87457    3237  429763  4057960  46.40
1940-1944     25-29     0.00696  0.03418  2.34   84220    2879  413433  3628197  43.08
1940-1944     30-34     0.00563  0.02775  2.46   81342    2257  400979  3214764  39.52
1940-1944     35-39     0.00579  0.02854  2.52   79084    2257  389815  2813785  35.58
1940-1944     40-44     0.00653  0.03213  2.54   76828    2469  378074  2423970  31.55
1940-1944     45-49     0.00810  0.03974  2.60   74359    2955  364705  2045896  27.51
1940-1944     50-54     0.01062  0.05177  2.60   71404    3696  348135  1681191  23.54
1940-1944     55-59     0.01480  0.07148  2.61   67707    4840  326979  1333055  19.69
1940-1944     60-64     0.02211  0.10503  2.63   62867    6603  298701  1006077  16.00
1940-1944     65-69     0.03558  0.16407  2.63   56264    9231  259451   707375  12.57
1940-1944     70-74     0.05867  0.25687  2.58   47033   12081  205920   447924   9.52
1940-1944     75-79     0.10138  0.40506  2.52   34952   14158  139654   242004   6.92
1940-1944     80-84     0.16687  0.57938  2.36   20794   12048   72200   102351   4.92
1940-1944     85-89     0.26501  0.75316  2.13    8746    6587   24857    30150   3.45
1940-1944     90-94     0.39447  0.88130  1.86    2159    1903    4824     5293   2.45
1940-1944     95-99     0.53982  0.94684  1.57     256     243     449      469   1.83
1940-1944    100-104    0.68016  0.97572  1.35      14      13      20       20   1.47
1940-1944    105-109    0.79541  0.98719  1.19       0       0       0        0   1.26
1940-1944    110+       0.86985  1.00000  1.15       0       0       0        0   1.15
1945-1949        0      0.06789  0.06485  0.31  100000    6485   95526  6541080  65.41
1945-1949      1-4      0.00361  0.01432  1.32   93515    1339  370476  6445554  68.93
1945-1949      5-9      0.00108  0.00540  2.29   92176     498  459529  6075078  65.91
1945-1949     10-14     0.00091  0.00452  2.64   91678     414  457412  5615550  61.25
1945-1949     15-19     0.00158  0.00785  2.73   91264     717  454690  5158137  56.52
1945-1949     20-24     0.00255  0.01268  2.62   90547    1148  449998  4703447  51.94
1945-1949     25-29     0.00289  0.01435  2.51   89399    1283  443805  4253450  47.58
1945-1949     30-34     0.00316  0.01567  2.46   88116    1380  437081  3809644  43.23
1945-1949     35-39     0.00327  0.01623  2.56   86736    1408  430244  3372563  38.88
1945-1949     40-44     0.00394  0.01950  2.57   85328    1664  422597  2942319  34.48
1945-1949     45-49     0.00532  0.02628  2.63   83664    2199  413109  2519722  30.12
1945-1949     50-54     0.00749  0.03679  2.61   81465    2997  400153  2106613  25.86
1945-1949     55-59     0.01087  0.05301  2.64   78469    4160  382514  1706460  21.75
1945-1949     60-64     0.01680  0.08078  2.65   74309    6003  357420  1323945  17.82
1945-1949     65-69     0.02757  0.12950  2.66   68306    8845  320819   966526  14.15
1945-1949     70-74     0.04687  0.21082  2.62   59461   12535  267467   645707  10.86
1945-1949     75-79     0.07977  0.33391  2.56   46925   15669  196433   378240   8.06
1945-1949     80-84     0.13405  0.49804  2.42   31256   15567  116127   181807   5.82
1945-1949     85-89     0.20981  0.66496  2.25   15690   10433   49726    65680   4.19
1945-1949     90-94     0.31029  0.80608  2.02    5257    4237   13655    15954   3.04
1945-1949     95-99     0.43305  0.90182  1.76    1019     919    2123     2298   2.25
1945-1949    100-104    0.56479  0.95293  1.52     100      95     169      176   1.76
1945-1949    105-109    0.68910  0.97648  1.33       5       5       7        7   1.45
1945-1949    110+       0.77999  1.00000  1.28       0       0       0        0   1.28
1950-1954        0      0.04102  0.03972  0.21  100000    3972   96846  6993479  69.93
1950-1954      1-4      0.00201  0.00801  1.26   96028     769  382001  6896633  71.82
1950-1954      5-9      0.00047  0.00235  2.19   95259     224  475667  6514633  68.39
1950-1954     10-14     0.00043  0.00216  2.62   95035     205  474690  6038965  63.54
1950-1954     15-19     0.00072  0.00360  2.70   94831     342  473366  5564276  58.68
1950-1954     20-24     0.00108  0.00540  2.62   94489     510  471232  5090909  53.88
1950-1954     25-29     0.00140  0.00699  2.59   93979     657  468307  4619677  49.16
1950-1954     30-34     0.00176  0.00876  2.61   93321     817  464651  4151370  44.48
1950-1954     35-39     0.00237  0.01181  2.58   92504    1092  459880  3686719  39.85
1950-1954     40-44     0.00320  0.01588  2.63   91412    1452  453624  3226839  35.30
1950-1954     45-49     0.00470  0.02326  2.64   89960    2092  444870  2773216  30.83
1950-1954     50-54     0.00696  0.03426  2.64   87868    3010  432226  2328346  26.50
1950-1954     55-59     0.01000  0.04886  2.64   84858    4146  414511  1896120  22.34
1950-1954     60-64     0.01532  0.07396  2.66   80712    5969  389572  1481609  18.36
1950-1954     65-69     0.02495  0.11786  2.66   74742    8809  353068  1092037  14.61
1950-1954     70-74     0.04322  0.19609  2.64   65933   12929  299139   738969  11.21
1950-1954     75-79     0.07563  0.31939  2.57   53004   16929  223830   439830   8.30
1950-1954     80-84     0.12721  0.48014  2.45   36075   17321  136167   216000   5.99
1950-1954     85-89     0.20487  0.65639  2.26   18754   12310   60085    79833   4.26
1950-1954     90-94     0.30577  0.80196  2.04    6444    5168   16901    19747   3.06
1950-1954     95-99     0.43794  0.90509  1.76    1276    1155    2638     2846   2.23
1950-1954    100-104    0.57618  0.95618  1.51     121     116     201      209   1.72
1950-1954    105-109    0.70476  0.97862  1.31       5       5       7        8   1.42
1950-1954    110+       0.79689  1.00000  1.25       0       0       0        0   1.25
1955-1959        0      0.02993  0.02920  0.16  100000    2920   97555  7240170  72.40
1955-1959      1-4      0.00144  0.00573  1.29   97080     556  386814  7142615  73.57
1955-1959      5-9      0.00038  0.00189  2.25   96524     182  482117  6755801  69.99
1955-1959     10-14     0.00030  0.00151  2.60   96341     145  481358  6273683  65.12
1955-1959     15-19     0.00050  0.00252  2.66   96196     242  480414  5792326  60.21
1955-1959     20-24     0.00072  0.00361  2.61   95954     347  478941  5311912  55.36
1955-1959     25-29     0.00095  0.00476  2.61   95607     455  476947  4832971  50.55
1955-1959     30-34     0.00129  0.00641  2.61   95152     610  474304  4356024  45.78
1955-1959     35-39     0.00186  0.00926  2.62   94543     876  470631  3881720  41.06
1955-1959     40-44     0.00269  0.01334  2.63   93667    1250  465371  3411089  36.42
1955-1959     45-49     0.00402  0.01990  2.66   92417    1839  457787  2945718  31.87
1955-1959     50-54     0.00595  0.02934  2.64   90578    2657  446608  2487931  27.47
1955-1959     55-59     0.00867  0.04249  2.64   87921    3736  430786  2041323  23.22
1955-1959     60-64     0.01350  0.06544  2.66   84185    5509  408023  1610537  19.13
1955-1959     65-69     0.02219  0.10550  2.66   78676    8300  373974  1202514  15.28
1955-1959     70-74     0.03848  0.17647  2.65   70376   12419  322709   828540  11.77
1955-1959     75-79     0.06868  0.29469  2.59   57956   17079  248696   505831   8.73
1955-1959     80-84     0.11745  0.45298  2.48   40877   18516  157652   257135   6.29
1955-1959     85-89     0.19256  0.63330  2.30   22361   14161   73540    99483   4.45
1955-1959     90-94     0.29431  0.78839  2.06    8200    6464   21964    25943   3.16
1955-1959     95-99     0.42472  0.89810  1.79    1735    1558    3669     3979   2.29
1955-1959    100-104    0.56567  0.95370  1.53     177     169     298      310   1.75
1955-1959    105-109    0.69814  0.97789  1.32       8       8      11       12   1.43
1955-1959    110+       0.79335  1.00000  1.26       0       0       0        0   1.26
1960-1964        0      0.02236  0.02194  0.13  100000    2194   98099  7409808  74.10
1960-1964      1-4      0.00102  0.00405  1.39   97806     397  390192  7311709  74.76
1960-1964      5-9      0.00033  0.00164  2.22   97410     160  486606  6921517  71.06
1960-1964     10-14     0.00027  0.00133  2.61   97250     129  485942  6434911  66.17
1960-1964     15-19     0.00048  0.00241  2.76   97121     234  485080  5948970  61.25
1960-1964     20-24     0.00066  0.00329  2.58   96887     319  483660  5463890  56.39
1960-1964     25-29     0.00080  0.00397  2.60   96568     383  481918  4980230  51.57
1960-1964     30-34     0.00109  0.00542  2.60   96184     521  479673  4498312  46.77
1960-1964     35-39     0.00158  0.00788  2.66   95663     754  476551  4018639  42.01
1960-1964     40-44     0.00236  0.01172  2.65   94909    1112  471933  3542088  37.32
1960-1964     45-49     0.00356  0.01766  2.65   93797    1657  465090  3070155  32.73
1960-1964     50-54     0.00528  0.02606  2.64   92140    2401  455033  2605064  28.27
1960-1964     55-59     0.00774  0.03801  2.66   89739    3411  440702  2150032  23.96
1960-1964     60-64     0.01214  0.05902  2.66   86328    5095  419739  1709330  19.80
1960-1964     65-69     0.02005  0.09575  2.67   81233    7778  388016  1289591  15.88
1960-1964     70-74     0.03476  0.16072  2.66   73455   11805  339649   901575  12.27
1960-1964     75-79     0.06268  0.27254  2.61   61649   16802  268061   561926   9.11
1960-1964     80-84     0.11001  0.43163  2.51   44847   19358  175956   293864   6.55
1960-1964     85-89     0.18272  0.61266  2.31   25490   15616   85467   117908   4.63
1960-1964     90-94     0.28099  0.77240  2.09    9873    7626   27139    32441   3.29
1960-1964     95-99     0.41164  0.89053  1.81    2247    2001    4861     5301   2.36
1960-1964    100-104    0.55377  0.95060  1.55     246     234     422      440   1.79
1960-1964    105-109    0.68903  0.97678  1.33      12      12      17       18   1.45
1960-1964    110+       0.78693  1.00000  1.27       0       0       0        0   1.27
1965-1969        0      0.01828  0.01799  0.12  100000    1799   98413  7507236  75.07
1965-1969      1-4      0.00078  0.00312  1.50   98201     306  392039  7408823  75.45
1965-1969      5-9      0.00032  0.00160  2.28   97895     156  489051  7016784  71.68
1965-1969     10-14     0.00027  0.00136  2.58   97739     133  488375  6527733  66.79
1965-1969     15-19     0.00051  0.00254  2.72   97606     247  487468  6039357  61.87
1965-1969     20-24     0.00067  0.00334  2.51   97359     325  485986  5551889  57.02
1965-1969     25-29     0.00075  0.00374  2.61   97034     363  484301  5065903  52.21
1965-1969     30-34     0.00097  0.00482  2.66   96671     466  482264  4581602  47.39
1965-1969     35-39     0.00150  0.00746  2.65   96205     718  479342  4099338  42.61
1965-1969     40-44     0.00223  0.01110  2.66   95488    1060  474957  3619996  37.91
1965-1969     45-49     0.00346  0.01716  2.66   94427    1620  468345  3145039  33.31
1965-1969     50-54     0.00501  0.02476  2.62   92807    2298  458572  2676693  28.84
1965-1969     55-59     0.00733  0.03605  2.66   90510    3263  444900  2218121  24.51
1965-1969     60-64     0.01131  0.05512  2.66   87247    4809  424977  1773221  20.32
1965-1969     65-69     0.01863  0.08929  2.68   82438    7361  395119  1348244  16.35
1965-1969     70-74     0.03282  0.15240  2.66   75077   11442  348657   953125  12.70
1965-1969     75-79     0.05771  0.25364  2.61   63636   16141  279663   604468   9.50
1965-1969     80-84     0.10275  0.40913  2.51   47495   19432  189123   324805   6.84
1965-1969     85-89     0.17206  0.59070  2.35   28063   16577   96344   135682   4.83
1965-1969     90-94     0.26740  0.75408  2.11   11486    8662   32392    39338   3.42
1965-1969     95-99     0.39323  0.87863  1.85    2825    2482    6312     6946   2.46
1965-1969    100-104    0.53430  0.94489  1.58     343     324     606      634   1.85
1965-1969    105-109    0.67141  0.97438  1.36      19      18      27       28   1.48
1965-1969    110+       0.77229  1.00000  1.29       0       0       1        1   1.29
1970-1974        0      0.01430  0.01412  0.12  100000    1412   98756  7619081  76.19
1970-1974      1-4      0.00067  0.00269  1.59   98588     265  393710  7520324  76.28
1970-1974      5-9      0.00032  0.00161  2.29   98322     159  491181  7126614  72.48
1970-1974     10-14     0.00027  0.00137  2.58   98164     134  490494  6635433  67.60
1970-1974     15-19     0.00056  0.00282  2.76   98030     276  489528  6144939  62.68
1970-1974     20-24     0.00064  0.00318  2.46   97753     311  487975  5655411  57.85
1970-1974     25-29     0.00068  0.00338  2.61   97442     329  486423  5167436  53.03
1970-1974     30-34     0.00092  0.00460  2.61   97113     447  484497  4681012  48.20
1970-1974     35-39     0.00135  0.00675  2.64   96666     652  481794  4196515  43.41
1970-1974     40-44     0.00210  0.01044  2.66   96014    1002  477722  3714721  38.69
1970-1974     45-49     0.00318  0.01579  2.66   95012    1501  471554  3236999  34.07
1970-1974     50-54     0.00472  0.02334  2.65   93511    2183  462427  2765445  29.57
1970-1974     55-59     0.00668  0.03288  2.62   91329    3003  449486  2303018  25.22
1970-1974     60-64     0.01016  0.04960  2.66   88326    4381  431397  1853532  20.99
1970-1974     65-69     0.01672  0.08048  2.68   83945    6756  404051  1422135  16.94
1970-1974     70-74     0.02947  0.13793  2.68   77190   10647  361290  1018084  13.19
1970-1974     75-79     0.05358  0.23779  2.64   66543   15823  295318   656794   9.87
1970-1974     80-84     0.09553  0.38682  2.54   50720   19620  205365   361477   7.13
1970-1974     85-89     0.16275  0.57031  2.38   31100   17737  108983   156111   5.02
1970-1974     90-94     0.25779  0.74321  2.15   13364    9932   38528    47128   3.53
1970-1974     95-99     0.38478  0.87317  1.87    3432    2996    7787     8600   2.51
1970-1974    100-104    0.52904  0.94349  1.59     435     411     776      813   1.87
1970-1974    105-109    0.67002  0.97429  1.36      25      24      36       37   1.49
1970-1974    110+       0.77359  1.00000  1.29       1       1       1        1   1.29
1975-1979        0      0.01031  0.01021  0.13  100000    1021   99109  7762428  77.62
1975-1979      1-4      0.00055  0.00220  1.61   98979     218  395394  7663319  77.42
1975-1979      5-9      0.00028  0.00138  2.37   98761     136  493445  7267925  73.59
1975-1979     10-14     0.00024  0.00118  2.71   98624     116  492855  6774480  68.69
1975-1979     15-19     0.00053  0.00263  2.75   98508     259  491956  6281625  63.77
1975-1979     20-24     0.00059  0.00294  2.47   98249     289  490513  5789669  58.93
1975-1979     25-29     0.00062  0.00311  2.54   97960     304  489050  5299156  54.10
1975-1979     30-34     0.00080  0.00402  2.67   97656     392  487363  4810106  49.26
1975-1979     35-39     0.00120  0.00599  2.65   97263     582  484948  4322743  44.44
1975-1979     40-44     0.00185  0.00919  2.67   96681     889  481335  3837796  39.70
1975-1979     45-49     0.00289  0.01435  2.67   95792    1375  475759  3356461  35.04
1975-1979     50-54     0.00424  0.02100  2.63   94417    1983  467383  2880702  30.51
1975-1979     55-59     0.00611  0.03014  2.65   92434    2786  455619  2413319  26.11
1975-1979     60-64     0.00894  0.04379  2.65   89649    3925  439036  1957700  21.84
1975-1979     65-69     0.01440  0.06967  2.68   85723    5972  414733  1518664  17.72
1975-1979     70-74     0.02571  0.12132  2.69   79751    9676  376385  1103932  13.84
1975-1979     75-79     0.04777  0.21480  2.65   70075   15052  315080   727546  10.38
1975-1979     80-84     0.08767  0.36125  2.57   55023   19877  226720   412466   7.50
1975-1979     85-89     0.15087  0.54231  2.41   35146   19060  126332   185746   5.28
1975-1979     90-94     0.24307  0.72131  2.18   16086   11603   47734    59414   3.69
1975-1979     95-99     0.36823  0.86109  1.91    4483    3860   10483    11680   2.61
1975-1979    100-104    0.51319  0.93838  1.62     623     584    1139     1197   1.92
1975-1979    105-109    0.65734  0.97248  1.38      38      37      57       58   1.52
1975-1979    110+       0.76436  1.00000  1.31       1       1       1        1   1.31
1980-1984        0      0.00818  0.00812  0.13  100000     812   99295  7879121  78.79
1980-1984      1-4      0.00048  0.00191  1.61   99188     189  396299  7779826  78.44
1980-1984      5-9      0.00024  0.00121  2.34   98998     120  494673  7383527  74.58
1980-1984     10-14     0.00022  0.00111  2.64   98879     109  494134  6888853  69.67
1980-1984     15-19     0.00048  0.00241  2.73   98769     238  493305  6394719  64.74
1980-1984     20-24     0.00056  0.00280  2.50   98532     276  491969  5901414  59.89
1980-1984     25-29     0.00060  0.00302  2.52   98256     296  490542  5409445  55.05
1980-1984     30-34     0.00078  0.00388  2.65   97959     380  488901  4918903  50.21
1980-1984     35-39     0.00112  0.00558  2.65   97579     544  486618  4430002  45.40
1980-1984     40-44     0.00167  0.00829  2.64   97035     805  483275  3943384  40.64
1980-1984     45-49     0.00255  0.01267  2.67   96230    1219  478304  3460108  35.96
1980-1984     50-54     0.00381  0.01887  2.65   95011    1793  470834  2981804  31.38
1980-1984     55-59     0.00542  0.02673  2.64   93218    2492  460197  2510970  26.94
1980-1984     60-64     0.00801  0.03929  2.64   90726    3565  445234  2050772  22.60
1980-1984     65-69     0.01268  0.06160  2.67   87161    5369  423316  1605538  18.42
1980-1984     70-74     0.02230  0.10608  2.70   81792    8677  389039  1182222  14.45
1980-1984     75-79     0.04245  0.19318  2.68   73115   14125  332751   793184  10.85
1980-1984     80-84     0.08059  0.33740  2.59   58991   19904  246987   460433   7.81
1980-1984     85-89     0.14320  0.52327  2.43   39087   20453  142826   213446   5.46
1980-1984     90-94     0.23484  0.70922  2.21   18634   13216   56274    70621   3.79
1980-1984     95-99     0.36128  0.85613  1.93    5418    4639   12840    14346   2.65
1980-1984    100-104    0.51018  0.93766  1.63     780     731    1433     1506   1.93
1980-1984    105-109    0.65877  0.97285  1.38      49      47      72       73   1.51
1980-1984    110+       0.76863  1.00000  1.30       1       1       2        2   1.30
1985-1989        0      0.00686  0.00682  0.13  100000     682   99410  8011694  80.12
1985-1989      1-4      0.00038  0.00153  1.62   99318     152  396912  7912283  79.67
1985-1989      5-9      0.00019  0.00096  2.36   99167      95  495582  7515371  75.79
1985-1989     10-14     0.00018  0.00092  2.67   99072      91  495147  7019789  70.86
1985-1989     15-19     0.00038  0.00190  2.80   98981     188  494492  6524641  65.92
1985-1989     20-24     0.00049  0.00245  2.51   98793     243  493362  6030149  61.04
1985-1989     25-29     0.00055  0.00276  2.57   98551     272  492092  5536788  56.18
1985-1989     30-34     0.00071  0.00354  2.62   98279     348  490565  5044696  51.33
1985-1989     35-39     0.00103  0.00513  2.64   97930     502  488468  4554132  46.50
1985-1989     40-44     0.00153  0.00764  2.67   97428     744  485409  4065664  41.73
1985-1989     45-49     0.00227  0.01128  2.65   96684    1091  480861  3580255  37.03
1985-1989     50-54     0.00342  0.01698  2.64   95593    1623  474133  3099394  32.42
1985-1989     55-59     0.00488  0.02412  2.65   93970    2267  464517  2625261  27.94
1985-1989     60-64     0.00714  0.03511  2.65   91704    3220  450960  2160744  23.56
1985-1989     65-69     0.01111  0.05416  2.67   88484    4792  431255  1709783  19.32
1985-1989     70-74     0.01944  0.09303  2.69   83692    7786  400469  1278529  15.28
1985-1989     75-79     0.03640  0.16790  2.69   75905   12744  350148   878060  11.57
1985-1989     80-84     0.07052  0.30182  2.61   63161   19063  270326   527912   8.36
1985-1989     85-89     0.12891  0.48614  2.47   44098   21438  166301   257586   5.84
1985-1989     90-94     0.21658  0.67859  2.25   22660   15377   70999    91285   4.03
1985-1989     95-99     0.34063  0.83896  1.98    7283    6110   17938    20287   2.79
1985-1989    100-104    0.49112  0.93091  1.67    1173    1092    2223     2348   2.00
1985-1989    105-109    0.64469  0.97077  1.40      81      79     122      125   1.54
1985-1989    110+       0.75954  1.00000  1.32       2       2       3        3   1.32
1990-1994        0      0.00577  0.00574  0.14  100000     574   99505  8138528  81.39
1990-1994      1-4      0.00030  0.00120  1.58   99426     119  397416  8039024  80.85
1990-1994      5-9      0.00016  0.00079  2.40   99307      79  496331  7641607  76.95
1990-1994     10-14     0.00016  0.00078  2.62   99228      78  495956  7145277  72.01
1990-1994     15-19     0.00034  0.00167  2.79   99151     166  495387  6649320  67.06
1990-1994     20-24     0.00044  0.00220  2.56   98985     218  494393  6153933  62.17
1990-1994     25-29     0.00056  0.00281  2.59   98767     277  493166  5659540  57.30
1990-1994     30-34     0.00073  0.00363  2.61   98490     358  491595  5166374  52.46
1990-1994     35-39     0.00100  0.00497  2.63   98132     488  489506  4674779  47.64
1990-1994     40-44     0.00143  0.00713  2.65   97644     697  486585  4185273  42.86
1990-1994     45-49     0.00213  0.01060  2.66   96948    1028  482331  3698688  38.15
1990-1994     50-54     0.00304  0.01511  2.65   95920    1449  476190  3216357  33.53
1990-1994     55-59     0.00440  0.02175  2.63   94470    2055  467491  2740167  29.01
1990-1994     60-64     0.00640  0.03154  2.65   92416    2914  455227  2272676  24.59
1990-1994     65-69     0.00989  0.04834  2.67   89501    4326  437426  1817449  20.31
1990-1994     70-74     0.01657  0.07980  2.70   85175    6797  410232  1380023  16.20
1990-1994     75-79     0.03095  0.14445  2.69   78378   11321  365750   969791  12.37
1990-1994     80-84     0.06015  0.26351  2.65   67057   17670  293768   604041   9.01
1990-1994     85-89     0.11402  0.44427  2.52   49386   21941  192430   310273   6.28
1990-1994     90-94     0.19838  0.64604  2.30   27446   17731   89380   117843   4.29
1990-1994     95-99     0.32069  0.82068  2.03    9715    7973   24861    28463   2.93
1990-1994    100-104    0.47430  0.92455  1.70    1742    1611    3396     3602   2.07
1990-1994    105-109    0.63439  0.96927  1.42     131     127     201      206   1.57
1990-1994    110+       0.75501  1.00000  1.32       4       4       5        5   1.32
1995-1999        0      0.00420  0.00418  0.14  100000     418   99641  8223800  82.24
1995-1999      1-4      0.00024  0.00095  1.58   99582      95  398098  8124160  81.58
1995-1999      5-9      0.00012  0.00062  2.45   99487      62  497277  7726062  77.66
1995-1999     10-14     0.00014  0.00069  2.67   99425      68  496966  7228785  72.71
1995-1999     15-19     0.00029  0.00146  2.78   99357     145  496460  6731819  67.75
1995-1999     20-24     0.00040  0.00201  2.51   99211     199  495561  6235359  62.85
1995-1999     25-29     0.00046  0.00230  2.59   99012     228  494510  5739799  57.97
1995-1999     30-34     0.00064  0.00322  2.62   98784     318  493162  5245288  53.10
1995-1999     35-39     0.00095  0.00473  2.67   98466     466  491244  4752126  48.26
1995-1999     40-44     0.00142  0.00707  2.65   98001     693  488376  4260882  43.48
1995-1999     45-49     0.00206  0.01025  2.64   97307     998  484182  3772505  38.77
1995-1999     50-54     0.00294  0.01459  2.62   96310    1405  478209  3288323  34.14
1995-1999     55-59     0.00404  0.01999  2.63   94904    1897  470027  2810114  29.61
1995-1999     60-64     0.00591  0.02915  2.64   93007    2711  458632  2340086  25.16
1995-1999     65-69     0.00926  0.04531  2.66   90296    4092  441926  1881455  20.84
1995-1999     70-74     0.01543  0.07449  2.70   86205    6422  416256  1439529  16.70
1995-1999     75-79     0.02811  0.13202  2.71   79783   10533  374750  1023272  12.83
1995-1999     80-84     0.05486  0.24313  2.66   69250   16837  306910   648522   9.36
1995-1999     85-89     0.10636  0.42158  2.54   52413   22096  207756   341612   6.52
1995-1999     90-94     0.19037  0.63110  2.33   30317   19133  100506   133856   4.42
1995-1999     95-99     0.31369  0.81412  2.05   11184    9105   29025    33350   2.98
1995-1999    100-104    0.47101  0.92355  1.71    2079    1920    4076     4325   2.08
1995-1999    105-109    0.63585  0.96971  1.42     159     154     242      249   1.56
1995-1999    110+       0.75962  1.00000  1.32       5       5       6        6   1.32
2000-2004        0      0.00377  0.00376  0.14  100000     376   99677  8311540  83.12
2000-2004      1-4      0.00021  0.00085  1.58   99624      84  398292  8211863  82.43
2000-2004      5-9      0.00010  0.00050  2.41   99540      50  497570  7813571  78.50
2000-2004     10-14     0.00011  0.00057  2.71   99490      57  497319  7316001  73.54
2000-2004     15-19     0.00026  0.00129  2.82   99433     128  496884  6818682  68.58
2000-2004     20-24     0.00032  0.00160  2.48   99304     159  496122  6321798  63.66
2000-2004     25-29     0.00035  0.00176  2.55   99145     175  495299  5825676  58.76
2000-2004     30-34     0.00050  0.00251  2.69   98971     248  494279  5330377  53.86
2000-2004     35-39     0.00083  0.00413  2.69   98722     408  492670  4836098  48.99
2000-2004     40-44     0.00135  0.00672  2.69   98315     660  490046  4343428  44.18
2000-2004     45-49     0.00206  0.01027  2.65   97654    1003  485911  3853382  39.46
2000-2004     50-54     0.00284  0.01408  2.61   96652    1361  480013  3367470  34.84
2000-2004     55-59     0.00388  0.01921  2.62   95291    1831  472090  2887458  30.30
2000-2004     60-64     0.00541  0.02671  2.64   93460    2496  461401  2415367  25.84
2000-2004     65-69     0.00822  0.04035  2.67   90964    3670  446267  1953966  21.48
2000-2004     70-74     0.01383  0.06701  2.69   87293    5850  422970  1507698  17.27
2000-2004     75-79     0.02513  0.11880  2.71   81443    9675  385083  1084728  13.32
2000-2004     80-84     0.04973  0.22290  2.68   71768   15997  321683   699645   9.75
2000-2004     85-89     0.09874  0.39801  2.56   55771   22197  224797   377962   6.78
2000-2004     90-94     0.18143  0.61358  2.36   33573   20600  113541   153165   4.56
2000-2004     95-99     0.30449  0.80485  2.07   12974   10442   34293    39624   3.05
2000-2004    100-104    0.46479  0.92122  1.72    2532    2332    5018     5331   2.11
2000-2004    105-109    0.63432  0.96963  1.42     199     193     305      313   1.57
2000-2004    110+       0.76158  1.00000  1.31       6       6       8        8   1.31
2005-2009        0      0.00330  0.00329  0.14  100000     329   99718  8424222  84.24
2005-2009      1-4      0.00018  0.00071  1.63   99671      71  398518  8324503  83.52
2005-2009      5-9      0.00008  0.00042  2.39   99601      42  497895  7925985  79.58
2005-2009     10-14     0.00009  0.00044  2.76   99559      44  497697  7428091  74.61
2005-2009     15-19     0.00019  0.00097  2.78   99515      97  497362  6930394  69.64
2005-2009     20-24     0.00026  0.00131  2.49   99418     131  496764  6433032  64.71
2005-2009     25-29     0.00030  0.00150  2.59   99288     149  496081  5936268  59.79
2005-2009     30-34     0.00043  0.00214  2.69   99139     212  495205  5440187  54.87
2005-2009     35-39     0.00070  0.00351  2.73   98927     348  493845  4944982  49.99
2005-2009     40-44     0.00116  0.00578  2.71   98579     570  491590  4451137  45.15
2005-2009     45-49     0.00189  0.00940  2.68   98009     922  487906  3959547  40.40
2005-2009     50-54     0.00278  0.01380  2.61   97088    1339  482237  3471642  35.76
2005-2009     55-59     0.00373  0.01847  2.61   95748    1768  474513  2989404  31.22
2005-2009     60-64     0.00515  0.02542  2.63   93980    2389  464239  2514892  26.76
2005-2009     65-69     0.00740  0.03639  2.66   91591    3333  450148  2050653  22.39
2005-2009     70-74     0.01195  0.05817  2.69   88258    5134  429424  1600505  18.13
2005-2009     75-79     0.02168  0.10329  2.71   83125    8586  395994  1171081  14.09
2005-2009     80-84     0.04332  0.19693  2.70   74538   14679  338864   775087  10.40
2005-2009     85-89     0.08647  0.35812  2.60   59860   21437  247910   436224   7.29
2005-2009     90-94     0.16367  0.57420  2.40   38423   22063  134800   188313   4.90
2005-2009     95-99     0.27996  0.77629  2.13   16361   12701   45366    53514   3.27
2005-2009    100-104    0.43738  0.90818  1.78    3660    3324    7599     8147   2.23
2005-2009    105-109    0.60974  0.96525  1.46     336     324     532      548   1.63
2005-2009    110+       0.74250  1.00000  1.35      12      12      16       16   1.35
2010-2014        0      0.00318  0.00317  0.14  100000     317   99728  8501975  85.02
2010-2014      1-4      0.00015  0.00061  1.51   99683      61  398580  8402247  84.29
2010-2014      5-9      0.00007  0.00037  2.39   99622      37  498013  8003667  80.34
2010-2014     10-14     0.00008  0.00040  2.76   99585      40  497836  7505654  75.37
2010-2014     15-19     0.00016  0.00081  2.82   99545      80  497551  7007818  70.40
2010-2014     20-24     0.00022  0.00112  2.48   99465     111  497045  6510267  65.45
2010-2014     25-29     0.00028  0.00138  2.60   99354     137  496441  6013221  60.52
2010-2014     30-34     0.00036  0.00181  2.64   99217     179  495663  5516781  55.60
2010-2014     35-39     0.00060  0.00300  2.72   99038     297  494511  5021118  50.70
2010-2014     40-44     0.00100  0.00501  2.72   98741     495  492574  4526607  45.84
2010-2014     45-49     0.00168  0.00835  2.68   98246     820  489330  4034033  41.06
2010-2014     50-54     0.00260  0.01291  2.65   97426    1258  484170  3544703  36.38
2010-2014     55-59     0.00367  0.01821  2.61   96168    1752  476662  3060533  31.82
2010-2014     60-64     0.00501  0.02475  2.61   94416    2336  466493  2583871  27.37
2010-2014     65-69     0.00703  0.03458  2.64   92080    3184  452899  2117378  22.99
2010-2014     70-74     0.01092  0.05323  2.68   88896    4732  433480  1664479  18.72
2010-2014     75-79     0.01927  0.09229  2.71   84164    7767  403057  1230999  14.63
2010-2014     80-84     0.03912  0.17946  2.70   76397   13710  350484   827942  10.84
2010-2014     85-89     0.07934  0.33371  2.62   62687   20919  263665   477459   7.62
2010-2014     90-94     0.15257  0.54819  2.43   41768   22897  150069   213794   5.12
2010-2014     95-99     0.26874  0.76227  2.16   18871   14385   53527    63725   3.38
2010-2014    100-104    0.42728  0.90314  1.80    4486    4052    9482    10198   2.27
2010-2014    105-109    0.60343  0.96418  1.47     435     419     694      715   1.65
2010-2014    110+       0.73993  1.00000  1.35      16      16      21       21   1.35
2015-2019        0      0.00335  0.00335  0.14  100000     335   99713  8537897  85.38
2015-2019      1-4      0.00014  0.00057  1.58   99665      57  398523  8438184  84.67
2015-2019      5-9      0.00006  0.00032  2.36   99608      32  497956  8039660  80.71
2015-2019     10-14     0.00007  0.00036  2.71   99576      36  497798  7541704  75.74
2015-2019     15-19     0.00015  0.00075  2.73   99540      74  497531  7043906  70.76
2015-2019     20-24     0.00021  0.00104  2.52   99466     103  497072  6546376  65.82
2015-2019     25-29     0.00025  0.00127  2.66   99362     126  496515  6049303  60.88
2015-2019     30-34     0.00034  0.00172  2.66   99236     171  495780  5552788  55.96
2015-2019     35-39     0.00054  0.00271  2.69   99065     268  494707  5057008  51.05
2015-2019     40-44     0.00089  0.00444  2.72   98797     439  492985  4562302  46.18
2015-2019     45-49     0.00152  0.00758  2.70   98358     745  490073  4069316  41.37
2015-2019     50-54     0.00239  0.01188  2.65   97613    1160  485338  3579244  36.67
2015-2019     55-59     0.00359  0.01778  2.65   96453    1715  478232  3093906  32.08
2015-2019     60-64     0.00508  0.02511  2.61   94738    2379  468014  2615674  27.61
2015-2019     65-69     0.00706  0.03471  2.62   92359    3206  454168  2147661  23.25
2015-2019     70-74     0.01076  0.05246  2.67   89153    4677  434850  1693493  19.00
2015-2019     75-79     0.01825  0.08757  2.70   84476    7397  405348  1258643  14.90
2015-2019     80-84     0.03605  0.16657  2.72   77078   12839  356141   853295  11.07
2015-2019     85-89     0.07605  0.32242  2.64   64239   20712  272359   497153   7.74
2015-2019     90-94     0.14979  0.54216  2.45   43528   23599  157551   224795   5.16
2015-2019     95-99     0.26845  0.76265  2.17   19929   15199   56616    67243   3.37
2015-2019    100-104    0.43263  0.90663  1.80    4730    4288    9912    10627   2.25
2015-2019    105-109    0.61445  0.96658  1.45     442     427     695      714   1.62
2015-2019    110+       0.75348  1.00000  1.33      15      15      20       20   1.33
2020-2022        0      0.00333  0.00332  0.14  100000     332   99715  8521041  85.21
2020-2022      1-4      0.00014  0.00057  1.54   99668      57  398533  8421326  84.49
2020-2022      5-9      0.00006  0.00031  2.27   99611      31  497973  8022793  80.54
2020-2022     10-14     0.00008  0.00038  2.77   99580      38  497818  7524821  75.57
2020-2022     15-19     0.00015  0.00073  2.85   99543      72  497558  7027002  70.59
2020-2022     20-24     0.00022  0.00108  2.54   99470     107  497088  6529444  65.64
2020-2022     25-29     0.00025  0.00125  2.65   99363     124  496526  6032356  60.71
2020-2022     30-34     0.00035  0.00177  2.66   99239     176  495787  5535830  55.78
2020-2022     35-39     0.00053  0.00264  2.70   99064     262  494716  5040044  50.88
2020-2022     40-44     0.00085  0.00425  2.69   98802     420  493040  4545327  46.00
2020-2022     45-49     0.00139  0.00695  2.70   98382     683  490341  4052287  41.19
2020-2022     50-54     0.00232  0.01154  2.67   97699    1127  485865  3561946  36.46
2020-2022     55-59     0.00345  0.01713  2.66   96572    1654  478984  3076080  31.85
2020-2022     60-64     0.00524  0.02587  2.65   94918    2455  468827  2597097  27.36
2020-2022     65-69     0.00762  0.03743  2.62   92462    3461  454077  2128269  23.02
2020-2022     70-74     0.01139  0.05545  2.65   89001    4935  433408  1674192  18.81
2020-2022     75-79     0.01921  0.09196  2.69   84066    7731  402479  1240785  14.76
2020-2022     80-84     0.03679  0.16961  2.70   76335   12947  351914   838306  10.98
2020-2022     85-89     0.07605  0.32280  2.66   63388   20462  269043   486392   7.67
2020-2022     90-94     0.15459  0.55367  2.44   42926   23767  153740   217350   5.06
2020-2022     95-99     0.27384  0.76991  2.16   19160   14751   53867    63609   3.32
2020-2022    100-104    0.44053  0.91086  1.78    4408    4015    9115     9742   2.21
2020-2022    105-109    0.62336  0.96825  1.44     393     380     610      627   1.59
2020-2022    110+       0.76169  1.00000  1.31      12      12      16       16   1.31
