Norway, Life tables (period 5x5), Females	Last modified: 01 Aug 2024;  Methods Protocol: v6 (2017)

  Year          Age         mx       qx    ax      lx      dx      Lx       Tx     ex
1846-1849        0      0.10700  0.09968  0.31  100000    9968   93163  4804900  48.05
1846-1849      1-4      0.02977  0.11078  1.48   90032    9973  334956  4711738  52.33
1846-1849      5-9      0.00799  0.03905  2.16   80058    3126  391421  4376782  54.67
1846-1849     10-14     0.00388  0.01921  2.52   76932    1478  380997  3985361  51.80
1846-1849     15-19     0.00474  0.02344  2.52   75455    1768  372887  3604364  47.77
1846-1849     20-24     0.00567  0.02793  2.52   73686    2058  363336  3231477  43.85
1846-1849     25-29     0.00627  0.03089  2.57   71628    2213  352762  2868142  40.04
1846-1849     30-34     0.00814  0.03993  2.60   69415    2772  340427  2515380  36.24
1846-1849     35-39     0.00956  0.04668  2.52   66643    3111  325507  2174952  32.64
1846-1849     40-44     0.01043  0.05083  2.53   63532    3230  309671  1849445  29.11
1846-1849     45-49     0.01127  0.05484  2.56   60303    3307  293428  1539774  25.53
1846-1849     50-54     0.01513  0.07296  2.58   56995    4158  274904  1246346  21.87
1846-1849     55-59     0.01984  0.09479  2.65   52837    5008  252433   971442  18.39
1846-1849     60-64     0.03104  0.14428  2.56   47829    6901  222306   719009  15.03
1846-1849     65-69     0.04280  0.19383  2.57   40928    7933  185342   496703  12.14
1846-1849     70-74     0.06399  0.27845  2.67   32995    9187  143564   311361   9.44
1846-1849     75-79     0.11694  0.44973  2.43   23808   10707   91560   167797   7.05
1846-1849     80-84     0.13939  0.51063  2.38   13101    6690   47992    76237   5.82
1846-1849     85-89     0.19532  0.63831  2.29    6411    4092   20951    28244   4.41
1846-1849     90-94     0.30164  0.78601  1.95    2319    1823    6042     7293   3.15
1846-1849     95-99     0.38452  0.86930  1.85     496     431    1122     1251   2.52
1846-1849    100-104    0.49553  0.92921  1.64      65      60     122      129   1.99
1846-1849    105-109    0.60752  0.96203  1.45       5       4       7        8   1.64
1846-1849    110+       0.69520  1.00000  1.44       0       0       0        0   1.44
1850-1854        0      0.09271  0.08717  0.31  100000    8717   94021  5107064  51.07
1850-1854      1-4      0.02077  0.07893  1.46   91283    7205  346843  5013043  54.92
1850-1854      5-9      0.00593  0.02917  2.13   84078    2452  413349  4666200  55.50
1850-1854     10-14     0.00409  0.02022  2.49   81626    1650  403984  4252851  52.10
1850-1854     15-19     0.00449  0.02223  2.57   79975    1777  395559  3848867  48.13
1850-1854     20-24     0.00619  0.03048  2.54   78198    2383  385133  3453308  44.16
1850-1854     25-29     0.00694  0.03412  2.54   75814    2587  372709  3068175  40.47
1850-1854     30-34     0.00823  0.04033  2.52   73228    2954  358800  2695466  36.81
1850-1854     35-39     0.01012  0.04940  2.57   70274    3472  342945  2336665  33.25
1850-1854     40-44     0.01090  0.05300  2.44   66803    3540  324946  1993720  29.84
1850-1854     45-49     0.01091  0.05311  2.55   63262    3360  308065  1668773  26.38
1850-1854     50-54     0.01420  0.06866  2.61   59903    4113  289673  1360708  22.72
1850-1854     55-59     0.01842  0.08815  2.56   55790    4918  266953  1071036  19.20
1850-1854     60-64     0.02715  0.12758  2.64   50872    6490  239061   804082  15.81
1850-1854     65-69     0.04119  0.18713  2.56   44382    8305  201618   565021  12.73
1850-1854     70-74     0.05884  0.25732  2.56   36076    9283  157757   363403  10.07
1850-1854     75-79     0.10492  0.41599  2.51   26793   11146  106226   205646   7.68
1850-1854     80-84     0.12020  0.46069  2.47   15647    7209   59973    99420   6.35
1850-1854     85-89     0.18158  0.60877  2.29    8439    5137   28293    39447   4.67
1850-1854     90-94     0.27381  0.76159  2.09    3302    2514    9183    11154   3.38
1850-1854     95-99     0.38637  0.87217  1.86     787     687    1777     1971   2.50
1850-1854    100-104    0.51163  0.93630  1.61     101      94     184      194   1.93
1850-1854    105-109    0.63631  0.96823  1.41       6       6      10       10   1.57
1850-1854    110+       0.73161  1.00000  1.37       0       0       0        0   1.37
1855-1859        0      0.08853  0.08346  0.31  100000    8346   94276  5201682  52.02
1855-1859      1-4      0.02124  0.08062  1.47   91654    7389  347931  5107406  55.72
1855-1859      5-9      0.00585  0.02876  2.19   84265    2424  414506  4759476  56.48
1855-1859     10-14     0.00391  0.01938  2.47   81841    1586  405194  4344970  53.09
1855-1859     15-19     0.00451  0.02232  2.58   80255    1791  396935  3939776  49.09
1855-1859     20-24     0.00556  0.02743  2.51   78464    2153  386952  3542841  45.15
1855-1859     25-29     0.00621  0.03057  2.55   76312    2333  375847  3155889  41.36
1855-1859     30-34     0.00795  0.03898  2.57   73979    2884  362895  2780042  37.58
1855-1859     35-39     0.00908  0.04441  2.50   71095    3157  347568  2417147  34.00
1855-1859     40-44     0.00990  0.04832  2.58   67937    3283  331739  2069580  30.46
1855-1859     45-49     0.01103  0.05367  2.51   64655    3470  314624  1737840  26.88
1855-1859     50-54     0.01239  0.06014  2.55   61185    3679  296893  1423216  23.26
1855-1859     55-59     0.01678  0.08068  2.63   57505    4640  276526  1126323  19.59
1855-1859     60-64     0.02565  0.12085  2.61   52866    6389  249047   849797  16.07
1855-1859     65-69     0.03834  0.17547  2.59   46477    8155  212725   600750  12.93
1855-1859     70-74     0.05967  0.26088  2.59   38322    9997  167541   388025  10.13
1855-1859     75-79     0.09906  0.39662  2.49   28324   11234  113405   220484   7.78
1855-1859     80-84     0.11859  0.45580  2.46   17090    7790   65685   107079   6.27
1855-1859     85-89     0.19396  0.63620  2.30    9301    5917   30506    41394   4.45
1855-1859     90-94     0.28954  0.78242  2.06    3384    2647    9143    10888   3.22
1855-1859     95-99     0.41002  0.88872  1.81     736     654    1596     1745   2.37
1855-1859    100-104    0.54436  0.94743  1.56      82      78     143      149   1.82
1855-1859    105-109    0.67370  0.97447  1.35       4       4       6        6   1.48
1855-1859    110+       0.76924  1.00000  1.30       0       0       0        0   1.30
1860-1864        0      0.10194  0.09528  0.31  100000    9528   93465  4842091  48.42
1860-1864      1-4      0.03199  0.11846  1.49   90472   10717  335006  4748626  52.49
1860-1864      5-9      0.00969  0.04717  2.19   79755    3762  388198  4413620  55.34
1860-1864     10-14     0.00460  0.02273  2.55   75993    1727  375728  4025422  52.97
1860-1864     15-19     0.00550  0.02715  2.52   74266    2016  366322  3649694  49.14
1860-1864     20-24     0.00619  0.03047  2.53   72249    2202  355802  3283372  45.44
1860-1864     25-29     0.00682  0.03353  2.54   70048    2349  344473  2927570  41.79
1860-1864     30-34     0.00777  0.03813  2.52   67699    2582  332095  2583097  38.16
1860-1864     35-39     0.00842  0.04125  2.55   65118    2686  319012  2251002  34.57
1860-1864     40-44     0.00922  0.04506  2.45   62431    2813  304988  1931990  30.95
1860-1864     45-49     0.01058  0.05156  2.59   59618    3074  290695  1627003  27.29
1860-1864     50-54     0.01290  0.06251  2.53   56544    3535  273981  1336308  23.63
1860-1864     55-59     0.01556  0.07502  2.60   53009    3977  255516  1062327  20.04
1860-1864     60-64     0.02389  0.11306  2.63   49032    5543  232006   806811  16.45
1860-1864     65-69     0.03759  0.17227  2.58   43489    7492  199321   574804  13.22
1860-1864     70-74     0.05576  0.24578  2.59   35997    8847  158659   375483  10.43
1860-1864     75-79     0.08847  0.36259  2.51   27150    9844  111268   216825   7.99
1860-1864     80-84     0.12849  0.48126  2.39   17306    8329   64818   105556   6.10
1860-1864     85-89     0.19219  0.63167  2.29    8977    5671   29506    40738   4.54
1860-1864     90-94     0.27277  0.76391  2.12    3307    2526    9260    11232   3.40
1860-1864     95-99     0.38325  0.86906  1.86     781     678    1770     1972   2.53
1860-1864    100-104    0.50032  0.93154  1.63     102      95     190      202   1.97
1860-1864    105-109    0.61801  0.96446  1.43       7       7      11       11   1.61
1860-1864    110+       0.70940  1.00000  1.41       0       0       0        0   1.41
1865-1869        0      0.09755  0.09143  0.31  100000    9143   93729  5057469  50.57
1865-1869      1-4      0.02425  0.09135  1.45   90857    8299  342233  4963740  54.63
1865-1869      5-9      0.00653  0.03208  2.25   82557    2649  405492  4621507  55.98
1865-1869     10-14     0.00436  0.02157  2.47   79909    1724  395178  4216015  52.76
1865-1869     15-19     0.00488  0.02409  2.55   78185    1883  386309  3820836  48.87
1865-1869     20-24     0.00582  0.02869  2.56   76302    2189  376176  3434527  45.01
1865-1869     25-29     0.00721  0.03543  2.54   74113    2625  364095  3058351  41.27
1865-1869     30-34     0.00765  0.03752  2.54   71487    2682  350834  2694256  37.69
1865-1869     35-39     0.00914  0.04470  2.52   68805    3075  336389  2343422  34.06
1865-1869     40-44     0.00959  0.04682  2.48   65730    3078  320898  2007033  30.53
1865-1869     45-49     0.00992  0.04842  2.50   62652    3033  305678  1686135  26.91
1865-1869     50-54     0.01275  0.06187  2.64   59619    3689  289394  1380457  23.15
1865-1869     55-59     0.01831  0.08766  2.58   55930    4903  267772  1091063  19.51
1865-1869     60-64     0.02507  0.11832  2.64   51027    6038  240867   823291  16.13
1865-1869     65-69     0.03915  0.17879  2.58   44990    8044  205453   582425  12.95
1865-1869     70-74     0.06007  0.26194  2.56   36946    9678  161108   376971  10.20
1865-1869     75-79     0.08973  0.36602  2.48   27268    9981  111230   215863   7.92
1865-1869     80-84     0.13513  0.49954  2.39   17288    8636   63909   104634   6.05
1865-1869     85-89     0.18423  0.61133  2.25    8652    5289   28710    40725   4.71
1865-1869     90-94     0.25908  0.74266  2.13    3363    2497    9639    12015   3.57
1865-1869     95-99     0.35066  0.84156  1.91     865     728    2077     2376   2.75
1865-1869    100-104    0.45010  0.90812  1.72     137     125     277      299   2.18
1865-1869    105-109    0.55396  0.94827  1.53      13      12      22       23   1.79
1865-1869    110+       0.63750  1.00000  1.57       1       1       1        1   1.57
1870-1874        0      0.09379  0.08812  0.31  100000    8812   93956  5116965  51.17
1870-1874      1-4      0.02354  0.08887  1.47   91188    8104  344268  5023009  55.08
1870-1874      5-9      0.00638  0.03135  2.15   83084    2605  408007  4678740  56.31
1870-1874     10-14     0.00401  0.01984  2.47   80480    1596  398362  4270733  53.07
1870-1874     15-19     0.00478  0.02363  2.56   78883    1864  389860  3872371  49.09
1870-1874     20-24     0.00613  0.03020  2.57   77019    2326  379441  3482511  45.22
1870-1874     25-29     0.00701  0.03444  2.53   74693    2572  367120  3103070  41.54
1870-1874     30-34     0.00775  0.03800  2.50   72120    2740  353757  2735950  37.94
1870-1874     35-39     0.00876  0.04287  2.52   69380    2974  339535  2382193  34.34
1870-1874     40-44     0.00941  0.04593  2.47   66406    3050  324301  2042658  30.76
1870-1874     45-49     0.01058  0.05158  2.57   63355    3268  308828  1718357  27.12
1870-1874     50-54     0.01236  0.05998  2.52   60087    3604  291508  1409529  23.46
1870-1874     55-59     0.01720  0.08265  2.64   56483    4668  271398  1118021  19.79
1870-1874     60-64     0.02545  0.11974  2.53   51815    6204  243770   846623  16.34
1870-1874     65-69     0.03725  0.17108  2.62   45611    7803  209484   602853  13.22
1870-1874     70-74     0.05475  0.24105  2.52   37808    9114  166468   393369  10.40
1870-1874     75-79     0.09123  0.37411  2.60   28694   10735  117669   226902   7.91
1870-1874     80-84     0.13094  0.48778  2.39   17959    8760   66900   109233   6.08
1870-1874     85-89     0.19576  0.63438  2.23    9199    5836   29811    42333   4.60
1870-1874     90-94     0.24199  0.71673  2.16    3363    2411    9962    12522   3.72
1870-1874     95-99     0.35874  0.84887  1.90     953     809    2254     2560   2.69
1870-1874    100-104    0.46301  0.91480  1.69     144     132     284      306   2.12
1870-1874    105-109    0.57097  0.95317  1.51      12      12      20       21   1.74
1870-1874    110+       0.65718  1.00000  1.52       1       1       1        1   1.52
1875-1879        0      0.09463  0.08886  0.31  100000    8886   93905  5122137  51.22
1875-1879      1-4      0.02288  0.08643  1.43   91114    7875  344255  5028232  55.19
1875-1879      5-9      0.00654  0.03210  2.18   83239    2672  408647  4683976  56.27
1875-1879     10-14     0.00430  0.02128  2.51   80567    1715  398569  4275329  53.07
1875-1879     15-19     0.00537  0.02651  2.53   78852    2090  389104  3876760  49.16
1875-1879     20-24     0.00637  0.03136  2.56   76762    2408  377925  3487656  45.43
1875-1879     25-29     0.00738  0.03625  2.56   74354    2695  365197  3109731  41.82
1875-1879     30-34     0.00816  0.03996  2.51   71659    2864  351152  2744533  38.30
1875-1879     35-39     0.00903  0.04415  2.54   68795    3037  336494  2393381  34.79
1875-1879     40-44     0.00958  0.04675  2.48   65758    3074  321051  2056887  31.28
1875-1879     45-49     0.01015  0.04950  2.55   62684    3103  305804  1735835  27.69
1875-1879     50-54     0.01195  0.05808  2.58   59581    3461  289521  1430032  24.00
1875-1879     55-59     0.01589  0.07655  2.61   56120    4296  270338  1140511  20.32
1875-1879     60-64     0.02263  0.10736  2.62   51824    5564  245905   870173  16.79
1875-1879     65-69     0.03513  0.16225  2.65   46260    7506  213664   624268  13.49
1875-1879     70-74     0.05418  0.23961  2.59   38754    9286  171398   410604  10.60
1875-1879     75-79     0.08505  0.35080  2.51   29469   10338  121551   239207   8.12
1875-1879     80-84     0.12773  0.47968  2.41   19131    9177   71843   117655   6.15
1875-1879     85-89     0.18817  0.62368  2.30    9954    6208   32992    45813   4.60
1875-1879     90-94     0.27087  0.75491  2.07    3746    2828   10440    12821   3.42
1875-1879     95-99     0.37245  0.86070  1.88     918     790    2122     2381   2.59
1875-1879    100-104    0.48583  0.92555  1.66     128     118     244      259   2.03
1875-1879    105-109    0.60124  0.96083  1.46      10       9      15       16   1.65
1875-1879    110+       0.69184  1.00000  1.45       0       0       1        1   1.45
1880-1884        0      0.09001  0.08478  0.31  100000    8478   94185  5124086  51.24
1880-1884      1-4      0.02382  0.08994  1.51   91522    8232  345565  5029901  54.96
1880-1884      5-9      0.00766  0.03747  2.11   83291    3121  407433  4684336  56.24
1880-1884     10-14     0.00464  0.02292  2.49   80170    1838  396241  4276903  53.35
1880-1884     15-19     0.00524  0.02585  2.53   78332    2025  386655  3880662  49.54
1880-1884     20-24     0.00612  0.03014  2.59   76307    2300  375996  3494007  45.79
1880-1884     25-29     0.00700  0.03442  2.52   74007    2547  363712  3118010  42.13
1880-1884     30-34     0.00796  0.03901  2.52   71460    2787  350378  2754298  38.54
1880-1884     35-39     0.00879  0.04300  2.52   68673    2953  336033  2403921  35.01
1880-1884     40-44     0.00928  0.04535  2.51   65720    2980  321171  2067887  31.47
1880-1884     45-49     0.01021  0.04978  2.54   62740    3123  306005  1746716  27.84
1880-1884     50-54     0.01230  0.05969  2.55   59617    3559  289372  1440712  24.17
1880-1884     55-59     0.01513  0.07300  2.59   56058    4092  270418  1151339  20.54
1880-1884     60-64     0.02255  0.10706  2.64   51966    5563  246675   880921  16.95
1880-1884     65-69     0.03465  0.15992  2.59   46402    7421  214142   634246  13.67
1880-1884     70-74     0.05028  0.22392  2.56   38982    8729  173621   420104  10.78
1880-1884     75-79     0.08186  0.34037  2.53   30253   10297  125786   246483   8.15
1880-1884     80-84     0.12952  0.48616  2.44   19956    9702   74906   120697   6.05
1880-1884     85-89     0.19671  0.63887  2.26   10254    6551   33303    45791   4.47
1880-1884     90-94     0.27392  0.76587  2.12    3703    2836   10354    12488   3.37
1880-1884     95-99     0.39410  0.87702  1.84     867     760    1929     2134   2.46
1880-1884    100-104    0.51502  0.93715  1.61     107     100     194      205   1.92
1880-1884    105-109    0.63498  0.96780  1.41       7       6      10       11   1.57
1880-1884    110+       0.72698  1.00000  1.38       0       0       0        0   1.38
1885-1889        0      0.08596  0.08117  0.31  100000    8117   94432  5199125  51.99
1885-1889      1-4      0.02256  0.08543  1.51   91883    7849  347967  5104692  55.56
1885-1889      5-9      0.00761  0.03726  2.19   84033    3131  411362  4756725  56.61
1885-1889     10-14     0.00483  0.02386  2.45   80902    1930  399597  4345363  53.71
1885-1889     15-19     0.00516  0.02549  2.57   78972    2013  389961  3945766  49.96
1885-1889     20-24     0.00636  0.03131  2.53   76959    2409  378856  3555805  46.20
1885-1889     25-29     0.00751  0.03687  2.54   74550    2749  365989  3176949  42.62
1885-1889     30-34     0.00817  0.04004  2.55   71801    2875  351975  2810960  39.15
1885-1889     35-39     0.00869  0.04254  2.47   68927    2932  337230  2458984  35.68
1885-1889     40-44     0.00874  0.04277  2.51   65995    2822  322950  2121755  32.15
1885-1889     45-49     0.00911  0.04457  2.54   63172    2816  308945  1798805  28.47
1885-1889     50-54     0.01147  0.05580  2.57   60357    3368  293593  1489860  24.68
1885-1889     55-59     0.01463  0.07060  2.55   56989    4023  275087  1196267  20.99
1885-1889     60-64     0.02068  0.09861  2.66   52965    5223  252595   921180  17.39
1885-1889     65-69     0.03214  0.14916  2.59   47742    7121  221577   668585  14.00
1885-1889     70-74     0.04787  0.21479  2.61   40621    8725  182262   447008  11.00
1885-1889     75-79     0.07681  0.32342  2.56   31896   10316  134298   264745   8.30
1885-1889     80-84     0.12482  0.47330  2.45   21580   10214   81833   130447   6.04
1885-1889     85-89     0.20476  0.65697  2.27   11366    7467   36468    48614   4.28
1885-1889     90-94     0.29823  0.78720  2.00    3899    3069   10292    12146   3.12
1885-1889     95-99     0.43689  0.90464  1.76     830     751    1718     1854   2.23
1885-1889    100-104    0.57623  0.95626  1.51      79      76     131      136   1.72
1885-1889    105-109    0.70577  0.97876  1.31       3       3       5        5   1.41
1885-1889    110+       0.79838  1.00000  1.25       0       0       0        0   1.25
1890-1894        0      0.08692  0.08203  0.31  100000    8203   94374  5169820  51.70
1890-1894      1-4      0.02141  0.08123  1.47   91797    7457  348290  5075446  55.29
1890-1894      5-9      0.00714  0.03501  2.23   84340    2953  413520  4727157  56.05
1890-1894     10-14     0.00503  0.02484  2.53   81387    2022  401946  4313636  53.00
1890-1894     15-19     0.00602  0.02964  2.51   79365    2352  390958  3911690  49.29
1890-1894     20-24     0.00651  0.03202  2.53   77013    2466  378984  3520732  45.72
1890-1894     25-29     0.00750  0.03684  2.53   74547    2746  365955  3141748  42.14
1890-1894     30-34     0.00846  0.04146  2.56   71801    2977  351729  2775793  38.66
1890-1894     35-39     0.00902  0.04410  2.52   68824    3035  336589  2424064  35.22
1890-1894     40-44     0.00949  0.04634  2.46   65789    3049  321207  2087475  31.73
1890-1894     45-49     0.00975  0.04761  2.52   62740    2987  306306  1766268  28.15
1890-1894     50-54     0.01164  0.05657  2.55   59753    3380  290481  1459963  24.43
1890-1894     55-59     0.01459  0.07046  2.58   56373    3972  272247  1169482  20.75
1890-1894     60-64     0.02195  0.10429  2.61   52401    5465  248950   897235  17.12
1890-1894     65-69     0.03202  0.14862  2.59   46936    6976  217850   648285  13.81
1890-1894     70-74     0.05078  0.22650  2.62   39961    9051  178228   430435  10.77
1890-1894     75-79     0.08040  0.33476  2.50   30910   10347  128698   252208   8.16
1890-1894     80-84     0.12626  0.47678  2.43   20562    9804   77645   123510   6.01
1890-1894     85-89     0.20555  0.65977  2.29   10759    7098   34533    45865   4.26
1890-1894     90-94     0.30164  0.80008  2.07    3660    2929    9709    11332   3.10
1890-1894     95-99     0.44043  0.90654  1.76     732     663    1506     1623   2.22
1890-1894    100-104    0.58007  0.95720  1.50      68      65     113      117   1.71
1890-1894    105-109    0.70934  0.97919  1.30       3       3       4        4   1.41
1890-1894    110+       0.80142  1.00000  1.25       0       0       0        0   1.25
1895-1899        0      0.08404  0.07946  0.31  100000    7946   94550  5500589  55.01
1895-1899      1-4      0.01524  0.05859  1.35   92054    5393  353904  5406039  58.73
1895-1899      5-9      0.00460  0.02269  2.27   86661    1967  427940  5052135  58.30
1895-1899     10-14     0.00394  0.01950  2.59   84694    1651  419498  4624195  54.60
1895-1899     15-19     0.00538  0.02657  2.55   83043    2206  409806  4204697  50.63
1895-1899     20-24     0.00622  0.03062  2.55   80836    2475  398107  3794891  46.95
1895-1899     25-29     0.00715  0.03514  2.53   78361    2754  385010  3396784  43.35
1895-1899     30-34     0.00745  0.03659  2.48   75608    2766  371062  3011773  39.83
1895-1899     35-39     0.00809  0.03964  2.54   72841    2888  357105  2640711  36.25
1895-1899     40-44     0.00871  0.04259  2.44   69954    2979  342130  2283606  32.64
1895-1899     45-49     0.00859  0.04205  2.54   66974    2816  327939  1941475  28.99
1895-1899     50-54     0.01050  0.05119  2.56   64158    3284  312768  1613537  25.15
1895-1899     55-59     0.01369  0.06630  2.64   60874    4036  294830  1300768  21.37
1895-1899     60-64     0.01963  0.09381  2.63   56838    5332  271559  1005938  17.70
1895-1899     65-69     0.02989  0.13935  2.58   51506    7178  240132   734380  14.26
1895-1899     70-74     0.04719  0.21210  2.62   44329    9402  199229   494247  11.15
1895-1899     75-79     0.07662  0.32210  2.53   34927   11250  146824   295018   8.45
1895-1899     80-84     0.12072  0.46216  2.47   23677   10943   90645   148194   6.26
1895-1899     85-89     0.18925  0.62490  2.28   12734    7958   42047    57549   4.52
1895-1899     90-94     0.28634  0.78458  2.12    4777    3748   13088    15502   3.25
1895-1899     95-99     0.41461  0.89164  1.80    1029     917    2213     2414   2.35
1895-1899    100-104    0.55016  0.94918  1.55     111     106     192      201   1.80
1895-1899    105-109    0.67985  0.97536  1.34       6       6       8        8   1.47
1895-1899    110+       0.77506  1.00000  1.29       0       0       0        0   1.29
1900-1904        0      0.06973  0.06655  0.31  100000    6655   95435  5665595  56.66
1900-1904      1-4      0.01247  0.04827  1.33   93345    4505  361333  5570159  59.67
1900-1904      5-9      0.00376  0.01862  2.31   88840    1654  439755  5208827  58.63
1900-1904     10-14     0.00366  0.01812  2.61   87185    1580  432159  4769072  54.70
1900-1904     15-19     0.00563  0.02778  2.60   85606    2378  422314  4336913  50.66
1900-1904     20-24     0.00638  0.03139  2.53   83228    2613  409694  3914599  47.03
1900-1904     25-29     0.00685  0.03368  2.52   80615    2715  396352  3504905  43.48
1900-1904     30-34     0.00733  0.03601  2.50   77900    2805  382479  3108553  39.90
1900-1904     35-39     0.00781  0.03830  2.52   75095    2876  368348  2726074  36.30
1900-1904     40-44     0.00829  0.04061  2.52   72219    2933  353806  2357726  32.65
1900-1904     45-49     0.00880  0.04308  2.51   69286    2985  338994  2003919  28.92
1900-1904     50-54     0.01104  0.05376  2.55   66301    3564  322774  1664925  25.11
1900-1904     55-59     0.01347  0.06519  2.56   62737    4090  303702  1342151  21.39
1900-1904     60-64     0.01966  0.09390  2.61   58648    5507  280051  1038449  17.71
1900-1904     65-69     0.02941  0.13747  2.63   53140    7305  248361   758398  14.27
1900-1904     70-74     0.04679  0.21032  2.60   45835    9640  206032   510037  11.13
1900-1904     75-79     0.07614  0.32042  2.53   36195   11598  152316   304005   8.40
1900-1904     80-84     0.12219  0.46642  2.46   24597   11473   93893   151689   6.17
1900-1904     85-89     0.19763  0.64421  2.30   13125    8455   42782    57796   4.40
1900-1904     90-94     0.28864  0.78718  2.11    4670    3676   12735    15014   3.22
1900-1904     95-99     0.42479  0.89781  1.78     994     892    2100     2279   2.29
1900-1904    100-104    0.56243  0.95266  1.53     102      97     172      179   1.76
1900-1904    105-109    0.69238  0.97707  1.33       5       5       7        7   1.44
1900-1904    110+       0.78657  1.00000  1.27       0       0       0        0   1.27
1905-1909        0      0.06247  0.05982  0.29  100000    5982   95748  5770400  57.70
1905-1909      1-4      0.01061  0.04129  1.37   94018    3882  365855  5674652  60.36
1905-1909      5-9      0.00371  0.01834  2.30   90136    1653  446225  5308798  58.90
1905-1909     10-14     0.00369  0.01827  2.65   88483    1617  438608  4862573  54.95
1905-1909     15-19     0.00537  0.02651  2.59   86866    2303  428773  4423965  50.93
1905-1909     20-24     0.00668  0.03287  2.52   84563    2779  415914  3995192  47.25
1905-1909     25-29     0.00686  0.03373  2.49   81784    2758  401996  3579278  43.77
1905-1909     30-34     0.00733  0.03600  2.56   79025    2845  388192  3177282  40.21
1905-1909     35-39     0.00760  0.03727  2.48   76181    2839  373752  2789090  36.61
1905-1909     40-44     0.00792  0.03883  2.54   73342    2848  359703  2415338  32.93
1905-1909     45-49     0.00839  0.04110  2.54   70494    2897  345352  2055635  29.16
1905-1909     50-54     0.01034  0.05042  2.53   67596    3408  329579  1710283  25.30
1905-1909     55-59     0.01340  0.06488  2.58   64188    4164  310880  1380704  21.51
1905-1909     60-64     0.01887  0.09034  2.64   60024    5422  287311  1069824  17.82
1905-1909     65-69     0.02945  0.13760  2.62   54601    7513  255102   782514  14.33
1905-1909     70-74     0.04579  0.20634  2.61   47088    9716  212175   527412  11.20
1905-1909     75-79     0.07651  0.32228  2.56   37372   12044  157425   315237   8.44
1905-1909     80-84     0.11940  0.45731  2.44   25328   11583   97008   157812   6.23
1905-1909     85-89     0.19397  0.63773  2.32   13745    8766   45190    60804   4.42
1905-1909     90-94     0.29872  0.80342  2.12    4979    4001   13392    15614   3.14
1905-1909     95-99     0.42956  0.90086  1.78     979     882    2053     2221   2.27
1905-1909    100-104    0.57096  0.95507  1.52      97      93     162      169   1.74
1905-1909    105-109    0.70305  0.97850  1.31       4       4       6        6   1.42
1905-1909    110+       0.79752  1.00000  1.25       0       0       0        0   1.25
1910-1914        0      0.05613  0.05391  0.26  100000    5391   96035  5955783  59.56
1910-1914      1-4      0.00886  0.03461  1.35   94609    3274  369771  5859747  61.94
1910-1914      5-9      0.00318  0.01577  2.36   91335    1441  452871  5489976  60.11
1910-1914     10-14     0.00315  0.01566  2.67   89894    1407  446188  5037106  56.03
1910-1914     15-19     0.00479  0.02367  2.57   88487    2094  437337  4590917  51.88
1910-1914     20-24     0.00602  0.02969  2.56   86393    2565  425713  4153581  48.08
1910-1914     25-29     0.00627  0.03087  2.51   83828    2587  412702  3727867  44.47
1910-1914     30-34     0.00606  0.02982  2.48   81241    2423  400108  3315166  40.81
1910-1914     35-39     0.00693  0.03405  2.52   78818    2684  387429  2915058  36.98
1910-1914     40-44     0.00747  0.03669  2.51   76134    2793  373703  2527629  33.20
1910-1914     45-49     0.00793  0.03891  2.54   73341    2854  359677  2153926  29.37
1910-1914     50-54     0.00995  0.04853  2.52   70487    3421  343941  1794249  25.46
1910-1914     55-59     0.01341  0.06492  2.57   67066    4354  324742  1450307  21.63
1910-1914     60-64     0.01895  0.09070  2.63   62712    5688  300100  1125565  17.95
1910-1914     65-69     0.02832  0.13271  2.63   57024    7568  267186   825465  14.48
1910-1914     70-74     0.04610  0.20768  2.62   49456   10271  222791   558279  11.29
1910-1914     75-79     0.07345  0.31125  2.55   39185   12196  166055   335487   8.56
1910-1914     80-84     0.11893  0.45663  2.46   26989   12324  103619   169432   6.28
1910-1914     85-89     0.18917  0.62673  2.31   14665    9191   48585    65813   4.49
1910-1914     90-94     0.29775  0.79791  2.09    5474    4368   14669    17228   3.15
1910-1914     95-99     0.42087  0.89570  1.79    1106     991    2354     2558   2.31
1910-1914    100-104    0.55991  0.95207  1.53     115     110     196      204   1.77
1910-1914    105-109    0.69147  0.97700  1.33       6       5       8        8   1.44
1910-1914    110+       0.78677  1.00000  1.27       0       0       0        0   1.27
1915-1919        0      0.05494  0.05280  0.26  100000    5280   96092  5753833  57.54
1915-1919      1-4      0.00935  0.03651  1.40   94720    3459  369889  5657741  59.73
1915-1919      5-9      0.00343  0.01699  2.34   91262    1550  452190  5287852  57.94
1915-1919     10-14     0.00350  0.01738  2.72   89711    1560  445001  4835662  53.90
1915-1919     15-19     0.00607  0.02991  2.66   88152    2637  434584  4390661  49.81
1915-1919     20-24     0.00790  0.03877  2.55   85515    3315  419437  3956077  46.26
1915-1919     25-29     0.00848  0.04150  2.46   82200    3411  402341  3536639  43.02
1915-1919     30-34     0.00796  0.03899  2.42   78788    3072  386011  3134298  39.78
1915-1919     35-39     0.00787  0.03861  2.51   75716    2924  371300  2748287  36.30
1915-1919     40-44     0.00784  0.03847  2.54   72792    2800  357069  2376988  32.65
1915-1919     45-49     0.00883  0.04321  2.54   69992    3024  342522  2019919  28.86
1915-1919     50-54     0.01056  0.05149  2.54   66968    3448  326362  1677397  25.05
1915-1919     55-59     0.01375  0.06656  2.63   63520    4228  307581  1351034  21.27
1915-1919     60-64     0.01946  0.09295  2.59   59292    5511  283171  1043453  17.60
1915-1919     65-69     0.02962  0.13844  2.65   53780    7445  251383   760282  14.14
1915-1919     70-74     0.04791  0.21486  2.60   46335    9956  207801   508900  10.98
1915-1919     75-79     0.07790  0.32652  2.52   36379   11879  152494   301098   8.28
1915-1919     80-84     0.12587  0.47662  2.45   24501   11677   92770   148604   6.07
1915-1919     85-89     0.19901  0.64594  2.28   12823    8283   41620    55834   4.35
1915-1919     90-94     0.29902  0.80138  2.11    4540    3638   12168    14214   3.13
1915-1919     95-99     0.42990  0.90062  1.77     902     812    1889     2046   2.27
1915-1919    100-104    0.56699  0.95381  1.52      90      85     151      157   1.75
1915-1919    105-109    0.69581  0.97749  1.32       4       4       6        6   1.43
1915-1919    110+       0.78896  1.00000  1.27       0       0       0        0   1.27
1920-1924        0      0.04441  0.04293  0.22  100000    4293   96648  6222959  62.23
1920-1924      1-4      0.00631  0.02481  1.32   95707    2375  376477  6126312  64.01
1920-1924      5-9      0.00212  0.01055  2.42   93333     985  464125  5749835  61.61
1920-1924     10-14     0.00239  0.01187  2.74   92348    1096  459263  5285710  57.24
1920-1924     15-19     0.00479  0.02367  2.66   91252    2160  451213  4826447  52.89
1920-1924     20-24     0.00583  0.02875  2.48   89092    2561  439004  4375233  49.11
1920-1924     25-29     0.00554  0.02731  2.48   86531    2363  426689  3936230  45.49
1920-1924     30-34     0.00545  0.02690  2.50   84167    2264  415185  3509540  41.70
1920-1924     35-39     0.00572  0.02822  2.49   81904    2311  403728  3094356  37.78
1920-1924     40-44     0.00617  0.03037  2.53   79592    2417  392001  2690628  33.81
1920-1924     45-49     0.00724  0.03557  2.59   77175    2745  379253  2298626  29.78
1920-1924     50-54     0.00943  0.04613  2.60   74430    3433  363919  1919374  25.79
1920-1924     55-59     0.01232  0.05982  2.58   70997    4247  344698  1555455  21.91
1920-1924     60-64     0.01795  0.08608  2.63   66750    5746  320121  1210756  18.14
1920-1924     65-69     0.02795  0.13107  2.63   61004    7996  286088   890636  14.60
1920-1924     70-74     0.04442  0.20072  2.60   53009   10640  239531   604548  11.40
1920-1924     75-79     0.07313  0.31023  2.56   42369   13144  179741   365017   8.62
1920-1924     80-84     0.11662  0.44907  2.44   29225   13124  112533   185276   6.34
1920-1924     85-89     0.18945  0.62916  2.33   16101   10130   53470    72743   4.52
1920-1924     90-94     0.28787  0.78464  2.10    5971    4685   16275    19273   3.23
1920-1924     95-99     0.41713  0.89349  1.80    1286    1149    2754     2998   2.33
1920-1924    100-104    0.55608  0.95103  1.54     137     130     234      244   1.78
1920-1924    105-109    0.68808  0.97656  1.33       7       7      10       10   1.45
1920-1924    110+       0.78401  1.00000  1.28       0       0       0        0   1.28
1925-1929        0      0.04084  0.03955  0.21  100000    3955   96856  6428159  64.28
1925-1929      1-4      0.00481  0.01901  1.31   96045    1826  379261  6331303  65.92
1925-1929      5-9      0.00153  0.00764  2.36   94219     720  469194  5952042  63.17
1925-1929     10-14     0.00172  0.00856  2.86   93499     800  465781  5482848  58.64
1925-1929     15-19     0.00354  0.01755  2.66   92698    1627  459685  5017067  54.12
1925-1929     20-24     0.00470  0.02321  2.57   91071    2114  450213  4557383  50.04
1925-1929     25-29     0.00495  0.02444  2.49   88957    2175  439328  4107170  46.17
1925-1929     30-34     0.00447  0.02212  2.49   86783    1920  429096  3667842  42.26
1925-1929     35-39     0.00487  0.02405  2.51   84863    2041  419230  3238746  38.16
1925-1929     40-44     0.00567  0.02795  2.57   82822    2315  408487  2819516  34.04
1925-1929     45-49     0.00703  0.03457  2.57   80507    2783  395782  2411029  29.95
1925-1929     50-54     0.00895  0.04382  2.60   77723    3406  380430  2015247  25.93
1925-1929     55-59     0.01204  0.05849  2.60   74317    4347  361160  1634817  22.00
1925-1929     60-64     0.01771  0.08498  2.63   69970    5946  335736  1273657  18.20
1925-1929     65-69     0.02763  0.12966  2.63   64024    8301  300462   937921  14.65
1925-1929     70-74     0.04366  0.19756  2.60   55723   11009  252146   637459  11.44
1925-1929     75-79     0.07241  0.30771  2.56   44714   13759  190008   385313   8.62
1925-1929     80-84     0.11860  0.45549  2.45   30955   14100  118887   195305   6.31
1925-1929     85-89     0.18632  0.62045  2.31   16856   10458   56130    76418   4.53
1925-1929     90-94     0.29491  0.78690  2.04    6398    5034   17070    20288   3.17
1925-1929     95-99     0.41177  0.88995  1.81    1363    1213    2946     3218   2.36
1925-1929    100-104    0.54764  0.94848  1.55     150     142     260      271   1.81
1925-1929    105-109    0.67796  0.97511  1.35       8       8      11       11   1.47
1925-1929    110+       0.77376  1.00000  1.29       0       0       0        0   1.29
1930-1934        0      0.03691  0.03584  0.19  100000    3584   97097  6631969  66.32
1930-1934      1-4      0.00400  0.01583  1.34   96416    1526  381601  6534873  67.78
1930-1934      5-9      0.00121  0.00603  2.32   94890     572  472917  6153272  64.85
1930-1934     10-14     0.00128  0.00639  2.64   94318     603  470165  5680355  60.23
1930-1934     15-19     0.00263  0.01306  2.72   93715    1224  465788  5210190  55.60
1930-1934     20-24     0.00359  0.01780  2.60   92491    1647  458512  4744402  51.30
1930-1934     25-29     0.00403  0.01996  2.46   90845    1813  449618  4285890  47.18
1930-1934     30-34     0.00401  0.01983  2.50   89032    1766  440741  3836272  43.09
1930-1934     35-39     0.00417  0.02063  2.49   87266    1800  431817  3395531  38.91
1930-1934     40-44     0.00476  0.02355  2.55   85466    2013  422396  2963714  34.68
1930-1934     45-49     0.00609  0.03002  2.60   83453    2506  411246  2541319  30.45
1930-1934     50-54     0.00831  0.04072  2.60   80948    3296  396830  2130072  26.31
1930-1934     55-59     0.01127  0.05485  2.61   77651    4260  378092  1733242  22.32
1930-1934     60-64     0.01638  0.07881  2.62   73392    5784  353188  1355150  18.46
1930-1934     65-69     0.02619  0.12336  2.66   67608    8340  318515  1001962  14.82
1930-1934     70-74     0.04311  0.19567  2.64   59268   11597  268995   683447  11.53
1930-1934     75-79     0.07257  0.30818  2.56   47671   14691  202437   414453   8.69
1930-1934     80-84     0.11403  0.44141  2.44   32979   14557  127668   212016   6.43
1930-1934     85-89     0.18580  0.62148  2.34   18422   11449   61618    84348   4.58
1930-1934     90-94     0.28391  0.77372  2.06    6973    5395   19003    22730   3.26
1930-1934     95-99     0.41129  0.88995  1.81    1578    1404    3414     3727   2.36
1930-1934    100-104    0.54998  0.94933  1.55     174     165     300      313   1.80
1930-1934    105-109    0.68261  0.97583  1.34       9       9      13       13   1.46
1930-1934    110+       0.77946  1.00000  1.28       0       0       0        0   1.28
1935-1939        0      0.03361  0.03271  0.18  100000    3271   97309  6807035  68.07
1935-1939      1-4      0.00327  0.01296  1.32   96729    1254  383553  6709726  69.37
1935-1939      5-9      0.00098  0.00489  2.31   95476     466  476123  6326173  66.26
1935-1939     10-14     0.00104  0.00520  2.65   95009     494  473887  5850050  61.57
1935-1939     15-19     0.00179  0.00890  2.72   94515     841  470654  5376163  56.88
1935-1939     20-24     0.00262  0.01300  2.55   93674    1218  465386  4905509  52.37
1935-1939     25-29     0.00295  0.01466  2.52   92456    1355  458922  4440123  48.02
1935-1939     30-34     0.00309  0.01535  2.49   91101    1398  451992  3981201  43.70
1935-1939     35-39     0.00349  0.01732  2.57   89703    1553  444745  3529208  39.34
1935-1939     40-44     0.00398  0.01973  2.55   88150    1739  436494  3084463  34.99
1935-1939     45-49     0.00539  0.02661  2.66   86411    2299  426662  2647969  30.64
1935-1939     50-54     0.00764  0.03750  2.63   84111    3155  413080  2221308  26.41
1935-1939     55-59     0.01063  0.05187  2.66   80957    4199  394967  1808228  22.34
1935-1939     60-64     0.01619  0.07798  2.63   76757    5986  369628  1413261  18.41
1935-1939     65-69     0.02548  0.12018  2.64   70772    8506  333767  1043634  14.75
1935-1939     70-74     0.04347  0.19691  2.61   62266   12261  282076   709867  11.40
1935-1939     75-79     0.07381  0.31294  2.57   50005   15649  212006   427791   8.55
1935-1939     80-84     0.11840  0.45483  2.45   34357   15627  131979   215784   6.28
1935-1939     85-89     0.19123  0.63181  2.32   18730   11834   61882    83805   4.47
1935-1939     90-94     0.29328  0.78861  2.07    6896    5438   18543    21923   3.18
1935-1939     95-99     0.41975  0.89500  1.80    1458    1305    3108     3380   2.32
1935-1939    100-104    0.55834  0.95162  1.54     153     146     261      272   1.77
1935-1939    105-109    0.68971  0.97676  1.33       7       7      10       11   1.45
1935-1939    110+       0.78507  1.00000  1.27       0       0       0        0   1.27
1940-1944        0      0.03248  0.03163  0.17  100000    3163   97384  6864503  68.65
1940-1944      1-4      0.00426  0.01686  1.47   96837    1632  383212  6767120  69.88
1940-1944      5-9      0.00154  0.00768  2.26   95205     731  474019  6383908  67.05
1940-1944     10-14     0.00129  0.00642  2.61   94474     607  470919  5909888  62.56
1940-1944     15-19     0.00193  0.00962  2.66   93867     903  467222  5438970  57.94
1940-1944     20-24     0.00245  0.01219  2.54   92964    1133  462033  4971748  53.48
1940-1944     25-29     0.00252  0.01251  2.49   91831    1149  456273  4509715  49.11
1940-1944     30-34     0.00265  0.01316  2.51   90682    1194  450443  4053442  44.70
1940-1944     35-39     0.00305  0.01515  2.55   89489    1356  444118  3602999  40.26
1940-1944     40-44     0.00358  0.01777  2.62   88133    1566  436943  3158881  35.84
1940-1944     45-49     0.00475  0.02346  2.60   86567    2031  427952  2721937  31.44
1940-1944     50-54     0.00696  0.03423  2.62   84536    2893  415803  2293986  27.14
1940-1944     55-59     0.00968  0.04730  2.63   81643    3861  399060  1878183  23.00
1940-1944     60-64     0.01465  0.07083  2.68   77781    5509  376098  1479123  19.02
1940-1944     65-69     0.02404  0.11372  2.63   72272    8219  341918  1103025  15.26
1940-1944     70-74     0.03960  0.18098  2.62   64053   11593  292709   761107  11.88
1940-1944     75-79     0.06792  0.29144  2.57   52461   15289  225097   468399   8.93
1940-1944     80-84     0.11117  0.43368  2.47   37172   16121  145012   243302   6.55
1940-1944     85-89     0.17919  0.60442  2.31   21051   12724   71007    98291   4.67
1940-1944     90-94     0.28373  0.78089  2.12    8327    6503   22919    27284   3.28
1940-1944     95-99     0.40555  0.88645  1.83    1825    1617    3988     4364   2.39
1940-1944    100-104    0.54478  0.94788  1.56     207     196     360      376   1.82
1940-1944    105-109    0.67863  0.97531  1.35      11      11      16       16   1.47
1940-1944    110+       0.77667  1.00000  1.29       0       0       0        0   1.29
1945-1949        0      0.02633  0.02576  0.15  100000    2576   97808  7187643  71.88
1945-1949      1-4      0.00273  0.01082  1.33   97424    1054  386882  7089835  72.77
1945-1949      5-9      0.00074  0.00369  2.17   96370     356  480844  6702953  69.55
1945-1949     10-14     0.00059  0.00296  2.63   96014     285  479397  6222109  64.80
1945-1949     15-19     0.00113  0.00565  2.76   95730     541  477435  5742712  59.99
1945-1949     20-24     0.00156  0.00775  2.63   95188     738  474195  5265277  55.31
1945-1949     25-29     0.00171  0.00852  2.54   94451     805  470270  4791082  50.73
1945-1949     30-34     0.00178  0.00889  2.51   93646     832  466156  4320812  46.14
1945-1949     35-39     0.00211  0.01050  2.67   92814     975  461796  3854656  41.53
1945-1949     40-44     0.00291  0.01443  2.58   91839    1325  455991  3392860  36.94
1945-1949     45-49     0.00386  0.01915  2.64   90514    1733  448469  2936869  32.45
1945-1949     50-54     0.00547  0.02702  2.63   88780    2398  438221  2488400  28.03
1945-1949     55-59     0.00804  0.03946  2.66   86382    3408  423920  2050179  23.73
1945-1949     60-64     0.01293  0.06274  2.67   82974    5206  402736  1626259  19.60
1945-1949     65-69     0.02167  0.10317  2.68   77767    8023  370200  1223522  15.73
1945-1949     70-74     0.03681  0.16948  2.67   69744   11820  321163   853322  12.24
1945-1949     75-79     0.06297  0.27334  2.59   57924   15833  251428   532159   9.19
1945-1949     80-84     0.10749  0.42341  2.49   42091   17822  165799   280731   6.67
1945-1949     85-89     0.17807  0.60234  2.31   24269   14618   82094   114932   4.74
1945-1949     90-94     0.26904  0.75771  2.12    9651    7312   27180    32838   3.40
1945-1949     95-99     0.40038  0.88322  1.84    2338    2065    5158     5658   2.42
1945-1949    100-104    0.54032  0.94662  1.57     273     258     478      500   1.83
1945-1949    105-109    0.67548  0.97490  1.35      15      14      21       22   1.48
1945-1949    110+       0.77468  1.00000  1.29       0       0       0        0   1.29
1950-1954        0      0.01970  0.01937  0.12  100000    1937   98302  7439928  74.40
1950-1954      1-4      0.00165  0.00658  1.33   98063     645  390533  7341626  74.87
1950-1954      5-9      0.00048  0.00240  2.20   97418     234  486437  6951093  71.35
1950-1954     10-14     0.00036  0.00179  2.59   97184     174  485501  6464656  66.52
1950-1954     15-19     0.00049  0.00247  2.59   97010     239  484474  5979155  61.63
1950-1954     20-24     0.00064  0.00321  2.52   96771     311  483083  5494681  56.78
1950-1954     25-29     0.00088  0.00437  2.62   96460     421  481300  5011597  51.96
1950-1954     30-34     0.00099  0.00496  2.58   96039     477  479041  4530297  47.17
1950-1954     35-39     0.00137  0.00685  2.62   95562     654  476252  4051256  42.39
1950-1954     40-44     0.00193  0.00963  2.67   94908     914  472411  3575004  37.67
1950-1954     45-49     0.00305  0.01517  2.70   93994    1426  466691  3102593  33.01
1950-1954     50-54     0.00459  0.02270  2.67   92569    2102  457940  2635901  28.48
1950-1954     55-59     0.00732  0.03599  2.66   90467    3256  444720  2177961  24.07
1950-1954     60-64     0.01173  0.05709  2.69   87211    4979  424529  1733241  19.87
1950-1954     65-69     0.01960  0.09369  2.66   82232    7704  393102  1308712  15.91
1950-1954     70-74     0.03600  0.16608  2.68   74528   12378  343862   915610  12.29
1950-1954     75-79     0.06303  0.27375  2.60   62150   17013  269947   571748   9.20
1950-1954     80-84     0.10759  0.42351  2.49   45137   19116  177671   301801   6.69
1950-1954     85-89     0.17632  0.59875  2.32   26021   15580   88362   124131   4.77
1950-1954     90-94     0.26764  0.75654  2.13   10441    7899   29513    35769   3.43
1950-1954     95-99     0.39309  0.87809  1.85    2542    2232    5678     6256   2.46
1950-1954    100-104    0.53009  0.94330  1.59     310     292     551      578   1.86
1950-1954    105-109    0.66390  0.97314  1.37      18      17      26       26   1.50
1950-1954    110+       0.76330  1.00000  1.31       0       0       1        1   1.31
1955-1959        0      0.01653  0.01629  0.12  100000    1629   98558  7553960  75.54
1955-1959      1-4      0.00132  0.00525  1.38   98371     517  392129  7455401  75.79
1955-1959      5-9      0.00036  0.00181  2.19   97854     177  488775  7063273  72.18
1955-1959     10-14     0.00029  0.00144  2.70   97677     141  488064  6574497  67.31
1955-1959     15-19     0.00035  0.00174  2.42   97537     170  487246  6086433  62.40
1955-1959     20-24     0.00041  0.00207  2.74   97367     202  486380  5599187  57.51
1955-1959     25-29     0.00058  0.00288  2.59   97166     280  485155  5112806  52.62
1955-1959     30-34     0.00079  0.00395  2.63   96886     383  483521  4627652  47.76
1955-1959     35-39     0.00116  0.00576  2.60   96503     556  481180  4144131  42.94
1955-1959     40-44     0.00172  0.00857  2.59   95947     822  477756  3662951  38.18
1955-1959     45-49     0.00271  0.01345  2.75   95125    1279  472745  3185195  33.48
1955-1959     50-54     0.00403  0.01994  2.65   93846    1871  464838  2712450  28.90
1955-1959     55-59     0.00635  0.03129  2.67   91975    2878  453175  2247612  24.44
1955-1959     60-64     0.01073  0.05232  2.67   89097    4662  434623  1794437  20.14
1955-1959     65-69     0.01901  0.09106  2.69   84435    7689  404430  1359814  16.10
1955-1959     70-74     0.03405  0.15766  2.66   76746   12100  355376   955383  12.45
1955-1959     75-79     0.06117  0.26682  2.61   64646   17249  281995   600007   9.28
1955-1959     80-84     0.10612  0.41938  2.50   47397   19877  187316   318012   6.71
1955-1959     85-89     0.17442  0.59496  2.33   27520   16373   93871   130696   4.75
1955-1959     90-94     0.28050  0.77627  2.12   11147    8653   30847    36825   3.30
1955-1959     95-99     0.40442  0.88613  1.83    2494    2210    5464     5978   2.40
1955-1959    100-104    0.54738  0.94887  1.56     284     269     492      513   1.81
1955-1959    105-109    0.68434  0.97620  1.34      15      14      21       21   1.46
1955-1959    110+       0.78381  1.00000  1.28       0       0       0        0   1.28
1960-1964        0      0.01478  0.01459  0.12  100000    1459   98714  7589670  75.90
1960-1964      1-4      0.00103  0.00411  1.43   98541     405  393122  7490955  76.02
1960-1964      5-9      0.00033  0.00166  2.21   98136     163  490225  7097834  72.33
1960-1964     10-14     0.00023  0.00116  2.56   97973     114  489588  6607608  67.44
1960-1964     15-19     0.00033  0.00165  2.49   97859     161  488890  6118021  62.52
1960-1964     20-24     0.00037  0.00187  2.52   97698     183  488036  5629131  57.62
1960-1964     25-29     0.00045  0.00224  2.62   97515     218  487056  5141095  52.72
1960-1964     30-34     0.00067  0.00334  2.63   97297     325  485714  4654039  47.83
1960-1964     35-39     0.00107  0.00534  2.71   96971     518  483674  4168325  42.99
1960-1964     40-44     0.00157  0.00780  2.73   96454     752  480562  3684651  38.20
1960-1964     45-49     0.00245  0.01217  2.64   95702    1165  475762  3204089  33.48
1960-1964     50-54     0.00377  0.01867  2.73   94537    1765  468677  2728327  28.86
1960-1964     55-59     0.00623  0.03071  2.70   92772    2849  457311  2259649  24.36
1960-1964     60-64     0.01059  0.05172  2.70   89923    4650  438940  1802339  20.04
1960-1964     65-69     0.01879  0.09006  2.71   85272    7679  408794  1363399  15.99
1960-1964     70-74     0.03469  0.16048  2.67   77593   12452  358924   954605  12.30
1960-1964     75-79     0.06271  0.27277  2.62   65141   17769  283329   595682   9.14
1960-1964     80-84     0.10938  0.42978  2.51   47372   20359  186141   312353   6.59
1960-1964     85-89     0.17967  0.60713  2.33   27013   16400   91278   126212   4.67
1960-1964     90-94     0.27996  0.77043  2.08   10612    8176   29205    34934   3.29
1960-1964     95-99     0.41299  0.89151  1.81    2436    2172    5259     5729   2.35
1960-1964    100-104    0.55666  0.95148  1.54     264     251     452      470   1.78
1960-1964    105-109    0.69290  0.97732  1.33      13      13      18       18   1.44
1960-1964    110+       0.79102  1.00000  1.26       0       0       0        0   1.26
1965-1969        0      0.01226  0.01213  0.12  100000    1213   98937  7673007  76.73
1965-1969      1-4      0.00085  0.00339  1.58   98787     335  394335  7574070  76.67
1965-1969      5-9      0.00032  0.00158  2.17   98451     155  491817  7179735  72.93
1965-1969     10-14     0.00023  0.00117  2.71   98296     115  491217  6687918  68.04
1965-1969     15-19     0.00038  0.00188  2.53   98181     184  490450  6196701  63.12
1965-1969     20-24     0.00035  0.00177  2.52   97997     174  489553  5706251  58.23
1965-1969     25-29     0.00043  0.00214  2.59   97823     209  488613  5216698  53.33
1965-1969     30-34     0.00055  0.00275  2.74   97614     268  487465  4728085  48.44
1965-1969     35-39     0.00095  0.00472  2.75   97346     460  485693  4240620  43.56
1965-1969     40-44     0.00153  0.00764  2.75   96886     740  482766  3754927  38.76
1965-1969     45-49     0.00242  0.01202  2.71   96146    1156  478083  3272161  34.03
1965-1969     50-54     0.00372  0.01844  2.64   94990    1752  470822  2794078  29.41
1965-1969     55-59     0.00591  0.02918  2.72   93238    2721  459995  2323256  24.92
1965-1969     60-64     0.01013  0.04950  2.69   90517    4481  442224  1863261  20.58
1965-1969     65-69     0.01743  0.08381  2.70   86037    7211  413608  1421037  16.52
1965-1969     70-74     0.03211  0.14940  2.67   78826   11777  366732  1007429  12.78
1965-1969     75-79     0.05824  0.25584  2.63   67049   17154  294529   640696   9.56
1965-1969     80-84     0.10137  0.40528  2.53   49895   20222  199475   346168   6.94
1965-1969     85-89     0.16699  0.57797  2.34   29674   17150  102706   146693   4.94
1965-1969     90-94     0.25914  0.74299  2.13   12523    9305   35906    43987   3.51
1965-1969     95-99     0.38431  0.87227  1.87    3219    2807    7305     8081   2.51
1965-1969    100-104    0.52345  0.94134  1.60     411     387     739      776   1.89
1965-1969    105-109    0.66027  0.97269  1.37      24      23      36       36   1.51
1965-1969    110+       0.76205  1.00000  1.31       1       1       1        1   1.31
1970-1974        0      0.00927  0.00920  0.13  100000     920   99200  7757307  77.57
1970-1974      1-4      0.00067  0.00269  1.58   99080     266  395677  7658107  77.29
1970-1974      5-9      0.00031  0.00157  2.25   98814     155  493643  7262431  73.50
1970-1974     10-14     0.00020  0.00102  2.67   98659     101  493059  6768787  68.61
1970-1974     15-19     0.00035  0.00173  2.51   98558     170  492365  6275728  63.68
1970-1974     20-24     0.00034  0.00171  2.42   98388     168  491505  5783363  58.78
1970-1974     25-29     0.00041  0.00203  2.68   98220     199  490637  5291858  53.88
1970-1974     30-34     0.00060  0.00300  2.68   98021     294  489423  4801221  48.98
1970-1974     35-39     0.00093  0.00466  2.64   97727     455  487560  4311798  44.12
1970-1974     40-44     0.00142  0.00709  2.69   97271     690  484762  3824238  39.32
1970-1974     45-49     0.00233  0.01157  2.74   96581    1118  480380  3339476  34.58
1970-1974     50-54     0.00357  0.01771  2.69   95464    1691  473420  2859096  29.95
1970-1974     55-59     0.00557  0.02750  2.71   93773    2578  462955  2385676  25.44
1970-1974     60-64     0.00901  0.04416  2.71   91194    4027  446739  1922722  21.08
1970-1974     65-69     0.01582  0.07631  2.68   87167    6652  420376  1475983  16.93
1970-1974     70-74     0.03005  0.14054  2.71   80516   11316  376617  1055607  13.11
1970-1974     75-79     0.05400  0.23920  2.62   69200   16553  306526   678990   9.81
1970-1974     80-84     0.09692  0.39114  2.53   52647   20592  212471   372464   7.07
1970-1974     85-89     0.16530  0.57584  2.37   32055   18458  111667   159993   4.99
1970-1974     90-94     0.25502  0.73972  2.16   13597   10058   39438    48325   3.55
1970-1974     95-99     0.38400  0.87243  1.87    3539    3087    8040     8887   2.51
1970-1974    100-104    0.52652  0.94257  1.59     451     426     808      847   1.88
1970-1974    105-109    0.66618  0.97368  1.37      26      25      38       39   1.50
1970-1974    110+       0.76929  1.00000  1.30       1       1       1        1   1.30
1975-1979        0      0.00791  0.00786  0.13  100000     786   99319  7847545  78.48
1975-1979      1-4      0.00057  0.00228  1.60   99214     226  396315  7748227  78.10
1975-1979      5-9      0.00024  0.00118  2.30   98989     117  494628  7351912  74.27
1975-1979     10-14     0.00022  0.00111  2.85   98872     110  494124  6857284  69.36
1975-1979     15-19     0.00034  0.00170  2.47   98762     168  493388  6363160  64.43
1975-1979     20-24     0.00036  0.00182  2.44   98595     180  492513  5869772  59.53
1975-1979     25-29     0.00039  0.00196  2.62   98415     193  491616  5377259  54.64
1975-1979     30-34     0.00050  0.00250  2.62   98222     245  490525  4885643  49.74
1975-1979     35-39     0.00079  0.00396  2.75   97977     388  489012  4395118  44.86
1975-1979     40-44     0.00128  0.00638  2.67   97589     622  486495  3906106  40.03
1975-1979     45-49     0.00215  0.01071  2.70   96966    1038  482447  3419611  35.27
1975-1979     50-54     0.00358  0.01773  2.69   95928    1701  475713  2937164  30.62
1975-1979     55-59     0.00543  0.02682  2.60   94227    2527  465071  2461451  26.12
1975-1979     60-64     0.00875  0.04287  2.70   91700    3932  449461  1996380  21.77
1975-1979     65-69     0.01479  0.07155  2.71   87769    6280  424485  1546919  17.62
1975-1979     70-74     0.02569  0.12127  2.70   81489    9882  384677  1122434  13.77
1975-1979     75-79     0.04940  0.22124  2.64   71607   15842  320686   737757  10.30
1975-1979     80-84     0.08838  0.36326  2.55   55765   20257  229208   417071   7.48
1975-1979     85-89     0.15125  0.54288  2.40   35508   19277  127450   187862   5.29
1975-1979     90-94     0.24114  0.71792  2.18   16231   11653   48323    60412   3.72
1975-1979     95-99     0.36293  0.85660  1.92    4579    3922   10807    12089   2.64
1975-1979    100-104    0.50469  0.93516  1.63     657     614    1217     1282   1.95
1975-1979    105-109    0.64694  0.97073  1.39      43      41      64       66   1.54
1975-1979    110+       0.75373  1.00000  1.33       1       1       2        2   1.33
1980-1984        0      0.00723  0.00718  0.13  100000     718   99378  7943375  79.43
1980-1984      1-4      0.00041  0.00163  1.67   99282     162  396748  7843997  79.01
1980-1984      5-9      0.00017  0.00083  2.07   99119      82  495355  7447248  75.13
1980-1984     10-14     0.00016  0.00079  2.98   99037      79  495026  6951893  70.19
1980-1984     15-19     0.00033  0.00166  2.60   98958     164  494399  6456867  65.25
1980-1984     20-24     0.00030  0.00151  2.36   98795     149  493578  5962468  60.35
1980-1984     25-29     0.00034  0.00169  2.71   98645     166  492845  5468890  55.44
1980-1984     30-34     0.00048  0.00241  2.61   98479     237  491827  4976046  50.53
1980-1984     35-39     0.00080  0.00401  2.58   98241     394  490253  4484219  45.64
1980-1984     40-44     0.00124  0.00620  2.68   97847     606  487829  3993966  40.82
1980-1984     45-49     0.00205  0.01020  2.68   97241     992  483902  3506136  36.06
1980-1984     50-54     0.00322  0.01596  2.65   96249    1536  477628  3022235  31.40
1980-1984     55-59     0.00519  0.02566  2.68   94713    2430  467916  2544607  26.87
1980-1984     60-64     0.00816  0.04001  2.64   92283    3693  452715  2076691  22.50
1980-1984     65-69     0.01343  0.06512  2.66   88590    5769  429466  1623977  18.33
1980-1984     70-74     0.02372  0.11244  2.69   82821    9313  392552  1194511  14.42
1980-1984     75-79     0.04365  0.19818  2.68   73508   14568  333705   801959  10.91
1980-1984     80-84     0.07952  0.33327  2.57   58941   19643  247039   468255   7.94
1980-1984     85-89     0.13763  0.50839  2.43   39297   19978  145161   221215   5.63
1980-1984     90-94     0.22468  0.69060  2.21   19319   13342   59380    76054   3.94
1980-1984     95-99     0.34080  0.83790  1.97    5977    5008   14696    16674   2.79
1980-1984    100-104    0.48137  0.92619  1.68     969     897    1864     1978   2.04
1980-1984    105-109    0.62605  0.96716  1.43      72      69     110      114   1.59
1980-1984    110+       0.73662  1.00000  1.36       2       2       3        3   1.36
1985-1989        0      0.00724  0.00719  0.13  100000     719   99377  7963141  79.63
1985-1989      1-4      0.00035  0.00141  1.56   99281     140  396781  7863764  79.21
1985-1989      5-9      0.00016  0.00081  2.26   99141      80  495485  7466983  75.32
1985-1989     10-14     0.00013  0.00065  2.90   99061      65  495167  6971498  70.38
1985-1989     15-19     0.00031  0.00155  2.77   98996     153  494638  6476331  65.42
1985-1989     20-24     0.00035  0.00173  2.66   98843     171  493814  5981693  60.52
1985-1989     25-29     0.00037  0.00186  2.45   98672     184  492890  5487878  55.62
1985-1989     30-34     0.00053  0.00265  2.63   98488     261  491822  4994988  50.72
1985-1989     35-39     0.00074  0.00371  2.76   98227     365  490319  4503167  45.84
1985-1989     40-44     0.00131  0.00655  2.76   97862     641  487873  4012848  41.01
1985-1989     45-49     0.00217  0.01080  2.70   97221    1050  483694  3524974  36.26
1985-1989     50-54     0.00327  0.01621  2.62   96171    1559  477149  3041280  31.62
1985-1989     55-59     0.00526  0.02598  2.67   94612    2458  467339  2564131  27.10
1985-1989     60-64     0.00813  0.03988  2.62   92154    3675  452025  2096792  22.75
1985-1989     65-69     0.01289  0.06257  2.67   88479    5536  429472  1644767  18.59
1985-1989     70-74     0.02291  0.10880  2.69   82943    9024  393906  1215295  14.65
1985-1989     75-79     0.04162  0.18956  2.65   73918   14012  336633   821389  11.11
1985-1989     80-84     0.07570  0.32006  2.59   59907   19174  253279   484755   8.09
1985-1989     85-89     0.13525  0.50313  2.46   40733   20494  151530   231477   5.68
1985-1989     90-94     0.22254  0.68702  2.22   20239   13905   62482    79947   3.95
1985-1989     95-99     0.34499  0.84231  1.96    6334    5335   15466    17465   2.76
1985-1989    100-104    0.49155  0.93073  1.66     999     930    1891     1999   2.00
1985-1989    105-109    0.64091  0.96998  1.41      69      67     105      107   1.55
1985-1989    110+       0.75326  1.00000  1.33       2       2       3        3   1.33
1990-1994        0      0.00512  0.00510  0.14  100000     510   99561  8022510  80.23
1990-1994      1-4      0.00035  0.00140  1.51   99490     140  397614  7922949  79.64
1990-1994      5-9      0.00016  0.00082  2.42   99351      82  496543  7525335  75.75
1990-1994     10-14     0.00013  0.00066  2.55   99269      66  496183  7028792  70.81
1990-1994     15-19     0.00028  0.00141  2.74   99203     140  495699  6532609  65.85
1990-1994     20-24     0.00029  0.00143  2.46   99063     142  494957  6036910  60.94
1990-1994     25-29     0.00037  0.00187  2.74   98922     185  494190  5541953  56.02
1990-1994     30-34     0.00053  0.00264  2.65   98737     260  493070  5047763  51.12
1990-1994     35-39     0.00074  0.00370  2.64   98476     365  491520  4554694  46.25
1990-1994     40-44     0.00122  0.00608  2.63   98111     596  489142  4063174  41.41
1990-1994     45-49     0.00198  0.00987  2.71   97515     963  485366  3574032  36.65
1990-1994     50-54     0.00302  0.01500  2.62   96552    1449  479319  3088665  31.99
1990-1994     55-59     0.00486  0.02403  2.67   95103    2285  470186  2609347  27.44
1990-1994     60-64     0.00788  0.03867  2.68   92818    3589  455747  2139161  23.05
1990-1994     65-69     0.01257  0.06103  2.66   89229    5446  433411  1683414  18.87
1990-1994     70-74     0.02155  0.10266  2.70   83783    8601  399117  1250003  14.92
1990-1994     75-79     0.03953  0.18094  2.66   75181   13603  344086   850887  11.32
1990-1994     80-84     0.07247  0.30867  2.60   61578   19007  262270   506800   8.23
1990-1994     85-89     0.13201  0.49568  2.49   42571   21102  159844   244530   5.74
1990-1994     90-94     0.22281  0.69095  2.25   21469   14834   66580    84686   3.94
1990-1994     95-99     0.34872  0.84619  1.96    6635    5615   16101    18106   2.73
1990-1994    100-104    0.50090  0.93468  1.65    1021     954    1904     2006   1.97
1990-1994    105-109    0.65448  0.97235  1.39      67      65      99      101   1.52
1990-1994    110+       0.76818  1.00000  1.30       2       2       2        2   1.30
1995-1999        0      0.00344  0.00343  0.14  100000     343   99706  8104272  81.04
1995-1999      1-4      0.00025  0.00101  1.52   99657     101  398380  8004566  80.32
1995-1999      5-9      0.00012  0.00058  2.28   99557      57  497628  7606186  76.40
1995-1999     10-14     0.00011  0.00056  2.62   99499      56  497364  7108558  71.44
1995-1999     15-19     0.00031  0.00153  2.84   99444     152  496891  6611194  66.48
1995-1999     20-24     0.00028  0.00141  2.58   99292     140  496121  6114303  61.58
1995-1999     25-29     0.00033  0.00167  2.61   99152     166  495364  5618182  56.66
1995-1999     30-34     0.00049  0.00243  2.63   98986     240  494362  5122818  51.75
1995-1999     35-39     0.00071  0.00356  2.64   98746     352  492898  4628457  46.87
1995-1999     40-44     0.00117  0.00585  2.56   98394     576  490562  4135558  42.03
1995-1999     45-49     0.00185  0.00923  2.75   97818     902  487064  3644997  37.26
1995-1999     50-54     0.00311  0.01542  2.65   96916    1495  481070  3157932  32.58
1995-1999     55-59     0.00456  0.02256  2.67   95421    2153  472082  2676863  28.05
1995-1999     60-64     0.00721  0.03548  2.72   93268    3309  458782  2204781  23.64
1995-1999     65-69     0.01162  0.05656  2.68   89959    5088  437981  1745999  19.41
1995-1999     70-74     0.01963  0.09387  2.68   84871    7967  405900  1308018  15.41
1995-1999     75-79     0.03541  0.16354  2.67   76904   12577  355209   902117  11.73
1995-1999     80-84     0.06691  0.28846  2.61   64327   18556  277335   546908   8.50
1995-1999     85-89     0.12520  0.47692  2.50   45771   21829  174357   269573   5.89
1995-1999     90-94     0.21916  0.68517  2.27   23942   16404   74850    95217   3.98
1995-1999     95-99     0.35217  0.85014  1.96    7538    6408   18196    20367   2.70
1995-1999    100-104    0.51294  0.93955  1.63    1130    1061    2069     2170   1.92
1995-1999    105-109    0.67300  0.97531  1.36      68      67      99      101   1.48
1995-1999    110+       0.78858  1.00000  1.27       2       2       2        2   1.27
2000-2004        0      0.00330  0.00329  0.14  100000     329   99718  8171798  81.72
2000-2004      1-4      0.00022  0.00087  1.62   99671      86  398480  8072080  80.99
2000-2004      5-9      0.00011  0.00053  2.49   99585      53  497793  7673600  77.06
2000-2004     10-14     0.00013  0.00062  2.71   99532      62  497520  7175806  72.10
2000-2004     15-19     0.00029  0.00143  2.76   99470     142  497034  6678287  67.14
2000-2004     20-24     0.00036  0.00178  2.43   99328     177  496186  6181253  62.23
2000-2004     25-29     0.00038  0.00189  2.52   99151     187  495292  5685067  57.34
2000-2004     30-34     0.00046  0.00229  2.81   98964     227  494322  5189774  52.44
2000-2004     35-39     0.00066  0.00328  2.67   98737     324  492932  4695452  47.56
2000-2004     40-44     0.00104  0.00519  2.60   98413     511  490840  4202520  42.70
2000-2004     45-49     0.00170  0.00845  2.72   97902     827  487627  3711681  37.91
2000-2004     50-54     0.00275  0.01367  2.74   97075    1327  482382  3224054  33.21
2000-2004     55-59     0.00446  0.02207  2.66   95748    2113  473800  2741672  28.63
2000-2004     60-64     0.00675  0.03325  2.68   93635    3114  460955  2267872  24.22
2000-2004     65-69     0.01036  0.05059  2.68   90521    4580  441963  1806917  19.96
2000-2004     70-74     0.01793  0.08605  2.68   85942    7396  412555  1364954  15.88
2000-2004     75-79     0.03247  0.15099  2.68   78546   11860  365216   952399  12.13
2000-2004     80-84     0.06161  0.26901  2.64   66686   17939  291156   587183   8.81
2000-2004     85-89     0.11876  0.45875  2.52   48747   22363  188309   296027   6.07
2000-2004     90-94     0.21107  0.67153  2.29   26384   17718   83943   107718   4.08
2000-2004     95-99     0.34574  0.84515  1.98    8666    7324   21185    23775   2.74
2000-2004    100-104    0.51022  0.93894  1.63    1342    1260    2470     2591   1.93
2000-2004    105-109    0.67458  0.97566  1.36      82      80     119      121   1.48
2000-2004    110+       0.79266  1.00000  1.26       2       2       3        3   1.26
2005-2009        0      0.00259  0.00258  0.14  100000     258   99779  8277065  82.77
2005-2009      1-4      0.00015  0.00061  1.61   99742      61  398821  8177286  81.98
2005-2009      5-9      0.00010  0.00049  2.45   99681      49  498278  7778465  78.03
2005-2009     10-14     0.00008  0.00040  2.69   99632      40  498067  7280187  73.07
2005-2009     15-19     0.00023  0.00114  2.81   99592     114  497711  6782120  68.10
2005-2009     20-24     0.00031  0.00154  2.47   99478     153  497003  6284409  63.17
2005-2009     25-29     0.00035  0.00174  2.52   99325     173  496196  5787406  58.27
2005-2009     30-34     0.00040  0.00199  2.59   99152     197  495286  5291210  53.36
2005-2009     35-39     0.00062  0.00308  2.66   98955     305  494062  4795925  48.47
2005-2009     40-44     0.00088  0.00442  2.73   98650     436  492260  4301862  43.61
2005-2009     45-49     0.00155  0.00772  2.65   98214     758  489289  3809603  38.79
2005-2009     50-54     0.00256  0.01274  2.66   97456    1241  484369  3320314  34.07
2005-2009     55-59     0.00385  0.01909  2.71   96215    1837  476860  2835945  29.48
2005-2009     60-64     0.00628  0.03094  2.67   94378    2920  465075  2359084  25.00
2005-2009     65-69     0.00953  0.04659  2.65   91458    4261  447291  1894010  20.71
2005-2009     70-74     0.01583  0.07636  2.68   87196    6659  420539  1446719  16.59
2005-2009     75-79     0.02875  0.13481  2.69   80538   10857  377585  1026180  12.74
2005-2009     80-84     0.05519  0.24435  2.66   69681   17027  308529   648595   9.31
2005-2009     85-89     0.10666  0.42233  2.54   52654   22237  208486   340067   6.46
2005-2009     90-94     0.19466  0.64003  2.33   30417   19468  100010   131581   4.33
2005-2009     95-99     0.32604  0.82724  2.02   10949    9058   27780    31570   2.88
2005-2009    100-104    0.49032  0.93187  1.67    1892    1763    3595     3790   2.00
2005-2009    105-109    0.65867  0.97349  1.38     129     125     190      195   1.51
2005-2009    110+       0.78163  1.00000  1.28       3       3       4        4   1.28
2010-2014        0      0.00224  0.00223  0.14  100000     223   99809  8354556  83.55
2010-2014      1-4      0.00013  0.00051  1.56   99777      51  398982  8254746  82.73
2010-2014      5-9      0.00007  0.00034  2.61   99725      34  498546  7855764  78.77
2010-2014     10-14     0.00008  0.00038  2.49   99691      38  498361  7357219  73.80
2010-2014     15-19     0.00022  0.00112  2.76   99653     111  498017  6858858  68.83
2010-2014     20-24     0.00024  0.00122  2.38   99542     121  497392  6360840  63.90
2010-2014     25-29     0.00026  0.00131  2.55   99420     130  496784  5863448  58.98
2010-2014     30-34     0.00035  0.00176  2.63   99290     174  496039  5366664  54.05
2010-2014     35-39     0.00048  0.00242  2.59   99116     240  495002  4870625  49.14
2010-2014     40-44     0.00076  0.00381  2.68   98876     377  493509  4375623  44.25
2010-2014     45-49     0.00134  0.00666  2.74   98500     656  491014  3882114  39.41
2010-2014     50-54     0.00230  0.01143  2.68   97844    1118  486625  3391100  34.66
2010-2014     55-59     0.00359  0.01780  2.64   96725    1722  479563  2904474  30.03
2010-2014     60-64     0.00571  0.02816  2.67   95003    2675  468768  2424911  25.52
2010-2014     65-69     0.00916  0.04484  2.67   92328    4140  451981  1956143  21.19
2010-2014     70-74     0.01466  0.07089  2.69   88187    6252  426507  1504162  17.06
2010-2014     75-79     0.02657  0.12517  2.69   81936   10256  385967  1077655  13.15
2010-2014     80-84     0.05052  0.22591  2.66   71679   16193  320520   691688   9.65
2010-2014     85-89     0.09922  0.39937  2.56   55486   22160  223333   371169   6.69
2010-2014     90-94     0.18739  0.62533  2.34   33326   20840  111208   147835   4.44
2010-2014     95-99     0.31913  0.82098  2.04   12487   10251   32123    36627   2.93
2010-2014    100-104    0.48720  0.93105  1.68    2235    2081    4272     4504   2.01
2010-2014    105-109    0.66031  0.97389  1.38     154     150     227      232   1.51
2010-2014    110+       0.78613  1.00000  1.27       4       4       5        5   1.27
2015-2019        0      0.00202  0.00202  0.14  100000     202   99827  8435723  84.36
2015-2019      1-4      0.00010  0.00038  1.57   99798      38  399099  8335896  83.53
2015-2019      5-9      0.00004  0.00021  2.00   99760      21  498735  7936797  79.56
2015-2019     10-14     0.00008  0.00042  3.02   99739      42  498611  7438061  74.58
2015-2019     15-19     0.00016  0.00081  2.75   99697      81  498303  6939451  69.61
2015-2019     20-24     0.00020  0.00102  2.47   99616     102  497824  6441147  64.66
2015-2019     25-29     0.00026  0.00129  2.60   99515     129  497265  5943323  59.72
2015-2019     30-34     0.00031  0.00155  2.56   99386     154  496554  5446058  54.80
2015-2019     35-39     0.00044  0.00218  2.64   99232     216  495649  4949504  49.88
2015-2019     40-44     0.00066  0.00328  2.64   99016     325  494312  4453854  44.98
2015-2019     45-49     0.00111  0.00552  2.65   98691     544  492176  3959542  40.12
2015-2019     50-54     0.00189  0.00941  2.71   98147     923  488621  3467366  35.33
2015-2019     55-59     0.00310  0.01540  2.62   97224    1498  482549  2978745  30.64
2015-2019     60-64     0.00501  0.02478  2.69   95726    2372  473143  2496196  26.08
2015-2019     65-69     0.00827  0.04060  2.71   93354    3790  458109  2023053  21.67
2015-2019     70-74     0.01395  0.06758  2.68   89565    6053  433784  1564944  17.47
2015-2019     75-79     0.02489  0.11777  2.71   83512    9835  395075  1131160  13.54
2015-2019     80-84     0.04692  0.21146  2.67   73676   15580  332068   736085   9.99
2015-2019     85-89     0.09169  0.37616  2.61   58097   21853  238335   404017   6.95
2015-2019     90-94     0.17934  0.60963  2.37   36243   22095  123205   165682   4.57
2015-2019     95-99     0.31012  0.81209  2.07   14148   11490   37050    42477   3.00
2015-2019    100-104    0.48031  0.92860  1.70    2659    2469    5140     5427   2.04
2015-2019    105-109    0.65733  0.97358  1.39     190     185     281      288   1.51
2015-2019    110+       0.78618  1.00000  1.27       5       5       6        6   1.27
2020-2023        0      0.00160  0.00160  0.15  100000     160   99863  8464840  84.65
2020-2023      1-4      0.00010  0.00038  1.39   99840      38  399260  8364977  83.78
2020-2023      5-9      0.00006  0.00028  2.41   99802      28  498935  7965717  79.82
2020-2023     10-14     0.00008  0.00042  2.64   99773      42  498767  7466783  74.84
2020-2023     15-19     0.00018  0.00090  2.71   99731      89  498452  6968015  69.87
2020-2023     20-24     0.00021  0.00107  2.53   99642     106  497947  6469563  64.93
2020-2023     25-29     0.00024  0.00121  2.60   99536     121  497389  5971616  59.99
2020-2023     30-34     0.00032  0.00158  2.61   99415     157  496701  5474228  55.06
2020-2023     35-39     0.00044  0.00221  2.62   99259     219  495770  4977527  50.15
2020-2023     40-44     0.00071  0.00357  2.64   99039     353  494363  4481756  45.25
2020-2023     45-49     0.00114  0.00569  2.70   98686     561  492137  3987394  40.40
2020-2023     50-54     0.00172  0.00858  2.74   98125     842  488719  3495257  35.62
2020-2023     55-59     0.00276  0.01369  2.65   97283    1332  483288  3006538  30.90
2020-2023     60-64     0.00453  0.02243  2.70   95951    2152  474807  2523250  26.30
2020-2023     65-69     0.00775  0.03806  2.66   93799    3570  460639  2048443  21.84
2020-2023     70-74     0.01375  0.06666  2.72   90229    6015  437427  1587804  17.60
2020-2023     75-79     0.02412  0.11428  2.70   84214    9624  398929  1150377  13.66
2020-2023     80-84     0.04576  0.20713  2.71   74590   15450  337592   751448  10.07
2020-2023     85-89     0.09062  0.37266  2.62   59141   22039  243194   413856   7.00
2020-2023     90-94     0.17730  0.60782  2.41   37102   22551  127189   170662   4.60
2020-2023     95-99     0.31172  0.81416  2.07   14551   11847   38004    43473   2.99
2020-2023    100-104    0.48507  0.93074  1.69    2704    2517    5188     5469   2.02
2020-2023    105-109    0.66440  0.97469  1.38     187     183     275      281   1.50
2020-2023    110+       0.79357  1.00000  1.26       5       5       6        6   1.26
