New Zealand -- Maori, Life tables (period 5x5), Females	Last modified: 26 Sep 2017;  Methods Protocol: v6 (2017)

  Year          Age         mx       qx    ax      lx      dx      Lx       Tx     ex
1948-1949        0      0.07887  0.07483  0.31  100000    7483   94868  5163898  51.64
1948-1949      1-4      0.01060  0.04127  1.45   92517    3818  360318  5069030  54.79
1948-1949      5-9      0.00305  0.01510  2.19   88699    1340  439736  4708712  53.09
1948-1949     10-14     0.00341  0.01694  2.76   87359    1480  433485  4268975  48.87
1948-1949     15-19     0.00647  0.03188  2.79   85879    2738  423353  3835490  44.66
1948-1949     20-24     0.00811  0.03979  2.68   83142    3308  408018  3412137  41.04
1948-1949     25-29     0.00780  0.03824  2.48   79833    3053  391464  3004120  37.63
1948-1949     30-34     0.00622  0.03063  2.62   76780    2352  378303  2612656  34.03
1948-1949     35-39     0.01000  0.04879  2.51   74428    3631  363089  2234353  30.02
1948-1949     40-44     0.01203  0.05828  2.31   70797    4126  342884  1871264  26.43
1948-1949     45-49     0.01631  0.07842  2.56   66671    5228  320585  1528379  22.92
1948-1949     50-54     0.01611  0.07758  2.62   61442    4767  295849  1207794  19.66
1948-1949     55-59     0.03918  0.17546  2.03   56676    9944  253812   911945  16.09
1948-1949     60-64     0.03802  0.17449  2.65   46731    8154  214465   658133  14.08
1948-1949     65-69     0.05226  0.22881  2.28   38577    8827  168907   443668  11.50
1948-1949     70-74     0.06637  0.27978  2.20   29750    8324  125420   274762   9.24
1948-1949     75-79     0.14908  0.53657  2.39   21427   11497   77117   149342   6.97
1948-1949     80-84     0.12364  0.46348  2.30    9930    4602   37223    72225   7.27
1948-1949     85-89     0.13907  0.50393  2.27    5327    2685   19304    35002   6.57
1948-1949     90-94     0.15607  0.54507  2.23    2643    1440    9230    15697   5.94
1948-1949     95-99     0.17472  0.58636  2.20    1202     705    4035     6468   5.38
1948-1949    100-104    0.19507  0.62726  2.16     497     312    1599     2433   4.89
1948-1949    105-109    0.21716  0.66720  2.11     185     124     570      834   4.50
1948-1949    110+       0.23339  1.00000  4.28      62      62     264      264   4.28
1950-1954        0      0.06828  0.06521  0.31  100000    6521   95511  5703981  57.04
1950-1954      1-4      0.00620  0.02437  1.27   93479    2278  367690  5608470  60.00
1950-1954      5-9      0.00208  0.01033  2.31   91201     942  453468  5240780  57.46
1950-1954     10-14     0.00209  0.01040  2.35   90259     939  448807  4787312  53.04
1950-1954     15-19     0.00237  0.01177  2.78   89320    1051  444264  4338504  48.57
1950-1954     20-24     0.00395  0.01955  2.47   88269    1726  436971  3894240  44.12
1950-1954     25-29     0.00423  0.02094  2.67   86543    1812  428489  3457269  39.95
1950-1954     30-34     0.00409  0.02025  2.47   84730    1716  419302  3028779  35.75
1950-1954     35-39     0.00743  0.03650  2.62   83014    3030  407864  2609477  31.43
1950-1954     40-44     0.00886  0.04336  2.51   79984    3468  391282  2201613  27.53
1950-1954     45-49     0.01559  0.07519  2.67   76516    5753  369147  1810331  23.66
1950-1954     50-54     0.01953  0.09338  2.65   70762    6607  338275  1441185  20.37
1950-1954     55-59     0.03077  0.14355  2.67   64155    9210  299277  1102910  17.19
1950-1954     60-64     0.04051  0.18254  2.30   54945   10030  247603   803633  14.63
1950-1954     65-69     0.04647  0.20713  2.38   44915    9303  200199   556030  12.38
1950-1954     70-74     0.06384  0.27496  2.48   35612    9792  153368   355831   9.99
1950-1954     75-79     0.13490  0.49598  2.33   25820   12806   94931   202463   7.84
1950-1954     80-84     0.09960  0.39488  2.38   13014    5139   51594   107532   8.26
1950-1954     85-89     0.12056  0.45616  2.33    7875    3592   29798    55938   7.10
1950-1954     90-94     0.14517  0.52051  2.28    4283    2229   15356    26140   6.10
1950-1954     95-99     0.17377  0.58603  2.22    2054    1203    6926    10785   5.25
1950-1954    100-104    0.20658  0.65057  2.16     850     553    2677     3859   4.54
1950-1954    105-109    0.24370  0.71185  2.08     297     211     868     1182   3.98
1950-1954    110+       0.27235  1.00000  3.67      86      86     314      314   3.67
1955-1959        0      0.05230  0.05033  0.25  100000    5033   96224  5984002  59.84
1955-1959      1-4      0.00427  0.01691  1.47   94967    1606  375809  5887778  62.00
1955-1959      5-9      0.00116  0.00577  2.23   93361     539  465313  5511969  59.04
1955-1959     10-14     0.00133  0.00664  2.56   92822     616  462610  5046656  54.37
1955-1959     15-19     0.00149  0.00743  2.73   92206     685  459474  4584046  49.72
1955-1959     20-24     0.00260  0.01293  2.57   91521    1184  454733  4124572  45.07
1955-1959     25-29     0.00228  0.01134  2.55   90338    1024  449181  3669839  40.62
1955-1959     30-34     0.00342  0.01696  2.62   89314    1515  442959  3220658  36.06
1955-1959     35-39     0.00537  0.02648  2.59   87799    2325  433384  2777699  31.64
1955-1959     40-44     0.00836  0.04101  2.73   85474    3505  419420  2344315  27.43
1955-1959     45-49     0.01565  0.07559  2.74   81968    6196  395869  1924895  23.48
1955-1959     50-54     0.01857  0.08897  2.64   75773    6742  362979  1529026  20.18
1955-1959     55-59     0.02887  0.13467  2.51   69031    9296  322036  1166047  16.89
1955-1959     60-64     0.04003  0.18155  2.44   59735   10845  270887   844011  14.13
1955-1959     65-69     0.05695  0.24468  2.13   48890   11962  210061   573124  11.72
1955-1959     70-74     0.07094  0.30179  2.53   36928   11145  157105   363063   9.83
1955-1959     75-79     0.12069  0.45370  2.27   25783   11698   96924   205958   7.99
1955-1959     80-84     0.11924  0.45074  2.29   14085    6349   53246   109034   7.74
1955-1959     85-89     0.12912  0.47752  2.27    7737    3694   28612    55788   7.21
1955-1959     90-94     0.13970  0.50475  2.25    4042    2040   14605    27176   6.72
1955-1959     95-99     0.15098  0.53229  2.23    2002    1066    7058    12571   6.28
1955-1959    100-104    0.16300  0.55997  2.21     936     524    3217     5513   5.89
1955-1959    105-109    0.17578  0.58764  2.18     412     242    1377     2297   5.57
1955-1959    110+       0.18479  1.00000  5.41     170     170     919      919   5.41
1960-1964        0      0.03449  0.03354  0.18  100000    3354   97251  6302676  63.03
1960-1964      1-4      0.00215  0.00855  1.34   96646     826  384384  6205425  64.21
1960-1964      5-9      0.00079  0.00394  2.50   95819     378  478152  5821041  60.75
1960-1964     10-14     0.00064  0.00318  3.01   95442     304  476601  5342889  55.98
1960-1964     15-19     0.00122  0.00611  2.94   95138     581  474493  4866287  51.15
1960-1964     20-24     0.00175  0.00869  2.53   94557     822  470751  4391795  46.45
1960-1964     25-29     0.00182  0.00908  2.66   93735     852  466678  3921044  41.83
1960-1964     30-34     0.00252  0.01252  2.84   92883    1163  461909  3454366  37.19
1960-1964     35-39     0.00532  0.02630  2.83   91720    2412  453366  2992457  32.63
1960-1964     40-44     0.00713  0.03502  2.42   89308    3128  438486  2539090  28.43
1960-1964     45-49     0.01240  0.06024  2.66   86181    5192  418761  2100604  24.37
1960-1964     50-54     0.01805  0.08686  2.83   80989    7035  389705  1681843  20.77
1960-1964     55-59     0.02773  0.13005  2.62   73954    9618  346840  1292138  17.47
1960-1964     60-64     0.03717  0.17021  2.53   64336   10951  294641   945298  14.69
1960-1964     65-69     0.05309  0.23274  2.35   53385   12425  234051   650656  12.19
1960-1964     70-74     0.07102  0.30363  2.61   40960   12437  175122   416605  10.17
1960-1964     75-79     0.09804  0.39230  2.45   28523   11190  114133   241483   8.47
1960-1964     80-84     0.11953  0.45262  2.32   17334    7846   65636   127350   7.35
1960-1964     85-89     0.13812  0.50205  2.28    9488    4763   34488    61714   6.50
1960-1964     90-94     0.15905  0.55252  2.24    4725    2610   16412    27227   5.76
1960-1964     95-99     0.18247  0.60310  2.19    2114    1275    6988    10814   5.12
1960-1964    100-104    0.20844  0.65272  2.14     839     548    2628     3826   4.56
1960-1964    105-109    0.23702  0.70035  2.08     291     204     861     1199   4.11
1960-1964    110+       0.25851  1.00000  3.87      87      87     338      338   3.87
1965-1969        0      0.02336  0.02290  0.14  100000    2290   98025  6495477  64.95
1965-1969      1-4      0.00204  0.00810  1.64   97710     792  388973  6397453  65.47
1965-1969      5-9      0.00044  0.00220  2.68   96918     214  484097  6008480  62.00
1965-1969     10-14     0.00065  0.00324  2.98   96705     313  482890  5524383  57.13
1965-1969     15-19     0.00088  0.00437  2.63   96392     421  480959  5041492  52.30
1965-1969     20-24     0.00115  0.00573  2.66   95970     550  478564  4560533  47.52
1965-1969     25-29     0.00191  0.00954  2.86   95421     910  475156  4081969  42.78
1965-1969     30-34     0.00237  0.01180  2.62   94511    1116  469904  3606813  38.16
1965-1969     35-39     0.00369  0.01829  2.66   93395    1708  462981  3136909  33.59
1965-1969     40-44     0.00602  0.02967  2.58   91688    2720  451854  2673928  29.16
1965-1969     45-49     0.01104  0.05385  2.73   88967    4791  433964  2222074  24.98
1965-1969     50-54     0.01670  0.08047  2.75   84176    6773  405629  1788110  21.24
1965-1969     55-59     0.02771  0.12953  2.49   77403   10026  361835  1382481  17.86
1965-1969     60-64     0.03406  0.15710  2.53   67377   10585  310742  1020647  15.15
1965-1969     65-69     0.04644  0.20599  2.26   56792   11699  251888   709904  12.50
1965-1969     70-74     0.06052  0.26474  2.64   45093   11938  197259   458016  10.16
1965-1969     75-79     0.10966  0.43030  2.50   33155   14267  130099   260758   7.86
1965-1969     80-84     0.13524  0.49342  2.26   18889    9320   68915   130658   6.92
1965-1969     85-89     0.14604  0.52039  2.24    9568    4979   34096    61743   6.45
1965-1969     90-94     0.15754  0.54756  2.22    4589    2513   15951    27647   6.02
1965-1969     95-99     0.16976  0.57479  2.19    2076    1193    7030    11696   5.63
1965-1969    100-104    0.18272  0.60192  2.17     883     531    2908     4666   5.29
1965-1969    105-109    0.19644  0.62878  2.14     351     221    1125     1758   5.00
1965-1969    110+       0.20619  1.00000  4.85     130     130     633      633   4.85
1970-1974        0      0.02107  0.02069  0.13  100000    2069   98196  6571474  65.71
1970-1974      1-4      0.00133  0.00530  1.52   97931     519  390434  6473277  66.10
1970-1974      5-9      0.00053  0.00264  2.24   97411     257  486347  6082843  62.44
1970-1974     10-14     0.00041  0.00203  3.23   97154     197  485422  5596497  57.60
1970-1974     15-19     0.00120  0.00598  2.76   96957     580  483485  5111075  52.71
1970-1974     20-24     0.00109  0.00545  2.61   96377     526  480630  4627590  48.02
1970-1974     25-29     0.00128  0.00640  2.82   95852     613  477924  4146960  43.26
1970-1974     30-34     0.00214  0.01064  2.48   95239    1013  473645  3669036  38.52
1970-1974     35-39     0.00419  0.02073  2.54   94226    1953  466333  3195390  33.91
1970-1974     40-44     0.00605  0.02977  2.45   92273    2747  454353  2729057  29.58
1970-1974     45-49     0.00966  0.04728  2.76   89526    4232  438132  2274704  25.41
1970-1974     50-54     0.01505  0.07268  2.66   85293    6199  411957  1836572  21.53
1970-1974     55-59     0.02443  0.11541  2.62   79094    9129  373728  1424615  18.01
1970-1974     60-64     0.03427  0.15831  2.60   69966   11077  323195  1050887  15.02
1970-1974     65-69     0.04631  0.20729  2.47   58889   12207  263590   727692  12.36
1970-1974     70-74     0.06884  0.29680  2.68   46682   13855  201280   464101   9.94
1970-1974     75-79     0.09705  0.38749  2.40   32827   12720  131065   262822   8.01
1970-1974     80-84     0.13421  0.49257  2.30   20107    9904   73795   131757   6.55
1970-1974     85-89     0.15907  0.55323  2.25   10203    5644   35484    57961   5.68
1970-1974     90-94     0.18750  0.61399  2.19    4558    2799   14927    22478   4.93
1970-1974     95-99     0.21964  0.67305  2.12    1760    1184    5392     7551   4.29
1970-1974    100-104    0.25550  0.72863  2.05     575     419    1641     2159   3.75
1970-1974    105-109    0.29496  0.77921  1.97     156     122     412      518   3.32
1970-1974    110+       0.32561  1.00000  3.07      34      34     106      106   3.07
1975-1979        0      0.01535  0.01514  0.12  100000    1514   98664  6808805  68.09
1975-1979      1-4      0.00092  0.00369  1.53   98486     363  393047  6710141  68.13
1975-1979      5-9      0.00036  0.00181  2.01   98123     177  490086  6317094  64.38
1975-1979     10-14     0.00030  0.00151  2.77   97946     148  489399  5827008  59.49
1975-1979     15-19     0.00086  0.00427  2.53   97798     418  487958  5337609  54.58
1975-1979     20-24     0.00101  0.00506  2.52   97380     493  485677  4849651  49.80
1975-1979     25-29     0.00145  0.00722  2.68   96887     700  482810  4363974  45.04
1975-1979     30-34     0.00184  0.00919  3.08   96188     884  479242  3881164  40.35
1975-1979     35-39     0.00331  0.01641  2.81   95304    1564  473086  3401922  35.70
1975-1979     40-44     0.00527  0.02604  2.79   93739    2441  463301  2928836  31.24
1975-1979     45-49     0.00855  0.04191  2.68   91299    3826  447603  2465534  27.01
1975-1979     50-54     0.01386  0.06708  2.60   87472    5867  423293  2017932  23.07
1975-1979     55-59     0.02063  0.09808  2.50   81605    8004  387996  1594638  19.54
1975-1979     60-64     0.02765  0.12994  2.68   73601    9564  345847  1206643  16.39
1975-1979     65-69     0.04106  0.18627  2.51   64037   11928  290493   860796  13.44
1975-1979     70-74     0.05395  0.23844  2.56   52109   12425  230287   570303  10.94
1975-1979     75-79     0.07221  0.30241  2.31   39684   12001  166191   340015   8.57
1975-1979     80-84     0.13419  0.49416  2.33   27683   13680  101946   173824   6.28
1975-1979     85-89     0.17268  0.58554  2.25   14003    8200   47483    71878   5.13
1975-1979     90-94     0.21926  0.67499  2.15    5804    3918   17867    24395   4.20
1975-1979     95-99     0.27406  0.75650  2.04    1886    1427    5207     6528   3.46
1975-1979    100-104    0.33650  0.82533  1.91     459     379    1127     1322   2.88
1975-1979    105-109    0.40514  0.87923  1.78      80      71     174      195   2.43
1975-1979    110+       0.46107  1.00000  2.17      10      10      21       21   2.17
1980-1984        0      0.01701  0.01676  0.11  100000    1676   98515  7011683  70.12
1980-1984      1-4      0.00054  0.00214  1.65   98324     210  392802  6913168  70.31
1980-1984      5-9      0.00017  0.00085  1.85   98114      83  490307  6520366  66.46
1980-1984     10-14     0.00029  0.00147  2.85   98030     144  489843  6030059  61.51
1980-1984     15-19     0.00069  0.00344  2.50   97886     337  488590  5540216  56.60
1980-1984     20-24     0.00075  0.00376  2.29   97550     367  486753  5051627  51.79
1980-1984     25-29     0.00088  0.00440  2.81   97183     428  484979  4564874  46.97
1980-1984     30-34     0.00151  0.00752  2.55   96755     728  481996  4079895  42.17
1980-1984     35-39     0.00251  0.01248  2.58   96027    1199  477239  3597899  37.47
1980-1984     40-44     0.00370  0.01834  2.93   94829    1740  470546  3120660  32.91
1980-1984     45-49     0.00676  0.03324  2.60   93089    3094  458028  2650114  28.47
1980-1984     50-54     0.01043  0.05096  2.80   89995    4586  439868  2192086  24.36
1980-1984     55-59     0.01562  0.07541  2.70   85408    6440  412236  1752218  20.52
1980-1984     60-64     0.02505  0.11817  2.60   78968    9331  372479  1339983  16.97
1980-1984     65-69     0.03725  0.17030  2.48   69637   11859  318346   967504  13.89
1980-1984     70-74     0.05048  0.22372  2.46   57777   12926  256061   649158  11.24
1980-1984     75-79     0.07394  0.31316  2.56   44851   14046  189971   393096   8.76
1980-1984     80-84     0.12171  0.46158  2.38   30806   14219  116826   203125   6.59
1980-1984     85-89     0.16607  0.57243  2.29   16586    9495   57173    86299   5.20
1980-1984     90-94     0.22219  0.68166  2.17    7092    4834   21757    29126   4.11
1980-1984     95-99     0.29033  0.77849  2.02    2258    1758    6053     7369   3.26
1980-1984    100-104    0.36920  0.85517  1.86     500     428    1158     1315   2.63
1980-1984    105-109    0.45568  0.90959  1.70      72      66     145      157   2.17
1980-1984    110+       0.52685  1.00000  1.90       7       7      12       12   1.90
1985-1989        0      0.01123  0.01112  0.13  100000    1112   99028  7267183  72.67
1985-1989      1-4      0.00038  0.00153  1.85   98888     152  395225  7168155  72.49
1985-1989      5-9      0.00010  0.00049  2.99   98736      48  493584  6772930  68.60
1985-1989     10-14     0.00020  0.00099  2.87   98688      98  493231  6279346  63.63
1985-1989     15-19     0.00049  0.00245  2.43   98590     241  492330  5786115  58.69
1985-1989     20-24     0.00075  0.00374  2.46   98349     367  490812  5293785  53.83
1985-1989     25-29     0.00062  0.00310  2.58   97981     303  489174  4802973  49.02
1985-1989     30-34     0.00108  0.00538  2.67   97678     525  487167  4313799  44.16
1985-1989     35-39     0.00151  0.00754  2.72   97153     733  484092  3826633  39.39
1985-1989     40-44     0.00283  0.01406  3.14   96420    1356  479574  3342540  34.67
1985-1989     45-49     0.00564  0.02784  2.63   95064    2647  469045  2862966  30.12
1985-1989     50-54     0.00755  0.03707  2.64   92417    3426  454017  2393921  25.90
1985-1989     55-59     0.01446  0.06988  2.60   88992    6219  430049  1939904  21.80
1985-1989     60-64     0.02276  0.10768  2.50   82773    8913  391597  1509855  18.24
1985-1989     65-69     0.03340  0.15476  2.63   73860   11431  342242  1118258  15.14
1985-1989     70-74     0.04153  0.18877  2.59   62429   11785  283769   776016  12.43
1985-1989     75-79     0.05807  0.25372  2.51   50645   12849  221279   492247   9.72
1985-1989     80-84     0.10629  0.41741  2.43   37795   15776  148429   270967   7.17
1985-1989     85-89     0.15038  0.53665  2.33   22019   11817   78578   122538   5.57
1985-1989     90-94     0.20812  0.65801  2.21   10203    6713   32257    43960   4.31
1985-1989     95-99     0.28027  0.76724  2.05    3489    2677    9552    11703   3.35
1985-1989    100-104    0.36551  0.85319  1.88     812     693    1896     2152   2.65
1985-1989    105-109    0.46002  0.91246  1.69     119     109     236      256   2.15
1985-1989    110+       0.53826  1.00000  1.86      10      10      19       19   1.86
1990-1994        0      0.01162  0.01151  0.13  100000    1151   98993  7391383  73.91
1990-1994      1-4      0.00029  0.00116  1.55   98849     115  395116  7292389  73.77
1990-1994      5-9      0.00019  0.00095  2.15   98734      93  493406  6897273  69.86
1990-1994     10-14     0.00016  0.00078  3.27   98641      77  493071  6403867  64.92
1990-1994     15-19     0.00043  0.00216  2.85   98564     213  492361  5910796  59.97
1990-1994     20-24     0.00044  0.00217  3.00   98351     214  491327  5418435  55.09
1990-1994     25-29     0.00068  0.00337  2.39   98137     331  489823  4927108  50.21
1990-1994     30-34     0.00112  0.00558  2.36   97806     546  487591  4437284  45.37
1990-1994     35-39     0.00156  0.00777  2.84   97261     755  484671  3949693  40.61
1990-1994     40-44     0.00288  0.01429  2.82   96505    1379  479519  3465022  35.90
1990-1994     45-49     0.00498  0.02464  2.77   95126    2344  470400  2985503  31.38
1990-1994     50-54     0.00958  0.04685  2.68   92782    4347  453837  2515103  27.11
1990-1994     55-59     0.01365  0.06613  2.66   88435    5848  428512  2061266  23.31
1990-1994     60-64     0.02026  0.09666  2.64   82587    7983  394114  1632754  19.77
1990-1994     65-69     0.02955  0.13815  2.65   74604   10306  348763  1238640  16.60
1990-1994     70-74     0.03658  0.16739  2.47   64298   10763  294258   889877  13.84
1990-1994     75-79     0.05395  0.23849  2.57   53535   12768  236651   595619  11.13
1990-1994     80-84     0.08373  0.34498  2.45   40767   14064  167973   358969   8.81
1990-1994     85-89     0.11180  0.43270  2.39   26703   11555  103353   190995   7.15
1990-1994     90-94     0.14762  0.52845  2.31   15149    8005   54227    87642   5.79
1990-1994     95-99     0.19227  0.62621  2.22    7143    4473   23266    33415   4.68
1990-1994    100-104    0.24629  0.71861  2.10    2670    1919    7791    10149   3.80
1990-1994    105-109    0.30946  0.79882  1.97     751     600    1939     2358   3.14
1990-1994    110+       0.36119  1.00000  2.77     151     151     418      418   2.77
1995-1999        0      0.00888  0.00881  0.13  100000     881   99234  7257112  72.57
1995-1999      1-4      0.00046  0.00184  1.57   99119     182  396035  7157878  72.21
1995-1999      5-9      0.00012  0.00062  1.83   98937      62  494490  6761843  68.34
1995-1999     10-14     0.00033  0.00165  3.17   98875     163  494078  6267353  63.39
1995-1999     15-19     0.00079  0.00392  2.59   98712     387  492627  5773275  58.49
1995-1999     20-24     0.00064  0.00321  2.58   98325     316  490864  5280648  53.71
1995-1999     25-29     0.00084  0.00420  2.37   98010     412  488965  4789784  48.87
1995-1999     30-34     0.00111  0.00555  2.70   97598     542  486744  4300819  44.07
1995-1999     35-39     0.00156  0.00776  2.65   97057     753  483515  3814075  39.30
1995-1999     40-44     0.00268  0.01331  2.66   96304    1282  478523  3330560  34.58
1995-1999     45-49     0.00510  0.02523  2.72   95022    2397  469633  2852037  30.01
1995-1999     50-54     0.00789  0.03872  2.61   92624    3586  454539  2382405  25.72
1995-1999     55-59     0.01420  0.06869  2.64   89038    6116  430780  1927866  21.65
1995-1999     60-64     0.02171  0.10319  2.61   82922    8557  394201  1497086  18.05
1995-1999     65-69     0.03359  0.15485  2.48   74365   11515  342841  1102885  14.83
1995-1999     70-74     0.04736  0.21281  2.62   62850   13375  282404   760044  12.09
1995-1999     75-79     0.06752  0.29034  2.59   49475   14364  212738   477640   9.65
1995-1999     80-84     0.09672  0.38832  2.46   35111   13634  140964   264902   7.54
1995-1999     85-89     0.14146  0.51518  2.36   21477   11064   78213   123937   5.77
1995-1999     90-94     0.20180  0.64721  2.23   10412    6739   33394    45724   4.39
1995-1999     95-99     0.27892  0.76651  2.06    3673    2816   10095    12330   3.36
1995-1999    100-104    0.37134  0.85866  1.87     858     736    1983     2236   2.61
1995-1999    105-109    0.47415  0.91968  1.67     121     111     235      253   2.08
1995-1999    110+       0.55944  1.00000  1.79      10      10      17       17   1.79
2000-2004        0      0.00701  0.00697  0.13  100000     697   99397  7404528  74.05
2000-2004      1-4      0.00035  0.00139  1.50   99303     138  396867  7305131  73.56
2000-2004      5-9      0.00017  0.00086  2.41   99165      85  495604  6908264  69.66
2000-2004     10-14     0.00023  0.00117  2.68   99080     116  495130  6412660  64.72
2000-2004     15-19     0.00065  0.00326  2.66   98964     323  494065  5917529  59.79
2000-2004     20-24     0.00056  0.00278  2.30   98641     274  492464  5423465  54.98
2000-2004     25-29     0.00078  0.00391  2.75   98367     384  490973  4931000  50.13
2000-2004     30-34     0.00105  0.00522  2.56   97983     511  488668  4440027  45.31
2000-2004     35-39     0.00138  0.00686  2.72   97472     669  485830  3951359  40.54
2000-2004     40-44     0.00244  0.01212  2.74   96803    1173  481367  3465529  35.80
2000-2004     45-49     0.00452  0.02234  2.71   95630    2137  473261  2984162  31.21
2000-2004     50-54     0.00711  0.03495  2.69   93493    3268  459926  2510901  26.86
2000-2004     55-59     0.01205  0.05864  2.73   90225    5290  439109  2050975  22.73
2000-2004     60-64     0.01966  0.09397  2.65   84935    7981  405902  1611865  18.98
2000-2004     65-69     0.03021  0.14090  2.62   76953   10843  358922  1205963  15.67
2000-2004     70-74     0.04217  0.19087  2.52   66111   12618  299250   847042  12.81
2000-2004     75-79     0.05582  0.24545  2.54   53492   13129  235209   547791  10.24
2000-2004     80-84     0.09001  0.36730  2.50   40363   14825  164704   312582   7.74
2000-2004     85-89     0.13806  0.50739  2.39   25538   12958   93852   147878   5.79
2000-2004     90-94     0.20530  0.65501  2.24   12580    8240   40137    54026   4.29
2000-2004     95-99     0.29328  0.78542  2.04    4340    3409   11623    13889   3.20
2000-2004    100-104    0.39943  0.88010  1.82     931     820    2052     2266   2.43
2000-2004    105-109    0.51603  0.93717  1.60     112     105     203      214   1.92
2000-2004    110+       0.61181  1.00000  1.63       7       7      11       11   1.63
2005-2008        0      0.00607  0.00603  0.14  100000     603   99479  7574642  75.75
2005-2008      1-4      0.00036  0.00143  1.55   99397     142  397238  7475163  75.21
2005-2008      5-9      0.00018  0.00090  2.51   99255      90  496049  7077925  71.31
2005-2008     10-14     0.00022  0.00110  3.23   99165     109  495632  6581876  66.37
2005-2008     15-19     0.00066  0.00331  2.60   99056     328  494495  6086244  61.44
2005-2008     20-24     0.00058  0.00288  2.44   98728     284  492915  5591749  56.64
2005-2008     25-29     0.00063  0.00313  2.41   98444     309  491421  5098834  51.79
2005-2008     30-34     0.00094  0.00467  2.88   98136     458  489707  4607413  46.95
2005-2008     35-39     0.00140  0.00700  2.77   97677     684  486859  4117705  42.16
2005-2008     40-44     0.00235  0.01167  2.80   96994    1132  482474  3630846  37.43
2005-2008     45-49     0.00334  0.01657  2.74   95862    1589  475712  3148372  32.84
2005-2008     50-54     0.00563  0.02778  2.57   94273    2618  464991  2672660  28.35
2005-2008     55-59     0.00949  0.04643  2.72   91655    4256  448587  2207669  24.09
2005-2008     60-64     0.01773  0.08513  2.67   87399    7441  419647  1759082  20.13
2005-2008     65-69     0.02337  0.11070  2.62   79959    8851  378748  1339435  16.75
2005-2008     70-74     0.03887  0.17776  2.60   71107   12640  325195   960687  13.51
2005-2008     75-79     0.04750  0.21286  2.56   58467   12446  262011   635492  10.87
2005-2008     80-84     0.08751  0.35845  2.48   46022   16496  188510   373481   8.12
2005-2008     85-89     0.12716  0.47739  2.39   29525   14095  110847   184971   6.26
2005-2008     90-94     0.18082  0.60544  2.27   15430    9342   51665    74124   4.80
2005-2008     95-99     0.25013  0.72702  2.12    6088    4426   17695    22459   3.69
2005-2008    100-104    0.33466  0.82697  1.94    1662    1374    4107     4763   2.87
2005-2008    105-109    0.43110  0.89784  1.75     288     258     599      656   2.28
2005-2008    110+       0.51185  1.00000  1.95      29      29      57       57   1.95
