Germany, Life tables (period 5x1), Females	Last modified: 03 Jun 2022;  Methods Protocol: v6 (2017)

  Year          Age         mx       qx    ax      lx      dx      Lx       Tx     ex
  1990           0      0.00610  0.00607  0.14  100000     607   99476  7841996  78.42
  1990         1-4      0.00037  0.00150  1.58   99393     149  397212  7742520  77.90
  1990         5-9      0.00020  0.00098  2.35   99244      97  495963  7345308  74.01
  1990        10-14     0.00017  0.00083  2.78   99147      83  495550  6849345  69.08
  1990        15-19     0.00032  0.00158  2.74   99064     157  494966  6353794  64.14
  1990        20-24     0.00040  0.00202  2.51   98907     200  494039  5858828  59.24
  1990        25-29     0.00043  0.00217  2.61   98707     214  493025  5364790  54.35
  1990        30-34     0.00063  0.00314  2.66   98493     309  491742  4871765  49.46
  1990        35-39     0.00104  0.00517  2.67   98184     508  489736  4380022  44.61
  1990        40-44     0.00154  0.00767  2.65   97676     749  486620  3890287  39.83
  1990        45-49     0.00240  0.01192  2.62   96926    1155  481886  3403666  35.12
  1990        50-54     0.00353  0.01751  2.68   95771    1677  474962  2921780  30.51
  1990        55-59     0.00575  0.02837  2.67   94094    2669  464248  2446818  26.00
  1990        60-64     0.00919  0.04498  2.67   91425    4112  447544  1982570  21.69
  1990        65-69     0.01516  0.07323  2.69   87313    6394  421794  1535025  17.58
  1990        70-74     0.02588  0.12192  2.62   80919    9866  381154  1113232  13.76
  1990        75-79     0.04783  0.21488  2.64   71053   15268  319202   732077  10.30
  1990        80-84     0.08793  0.36212  2.56   55786   20201  229734   412875   7.40
  1990        85-89     0.15540  0.55354  2.40   35585   19697  126755   183141   5.15
  1990        90-94     0.25485  0.73824  2.15   15887   11729   46021    56386   3.55
  1990        95-99     0.38668  0.87538  1.87    4159    3640    9414    10365   2.49
  1990       100-104    0.53881  0.94701  1.58     518     491     911      951   1.83
  1990       105-109    0.68573  0.97667  1.34      27      27      39       40   1.45
  1990       110+       0.79136  1.00000  1.26       1       1       1        1   1.26
  1991           0      0.00569  0.00566  0.14  100000     566   99512  7868710  78.69
  1991         1-4      0.00035  0.00141  1.67   99434     140  397409  7769199  78.13
  1991         5-9      0.00017  0.00085  2.36   99294      85  496246  7371789  74.24
  1991        10-14     0.00015  0.00076  2.58   99209      75  495864  6875543  69.30
  1991        15-19     0.00034  0.00169  2.89   99134     167  495316  6379679  64.35
  1991        20-24     0.00037  0.00184  2.46   98967     182  494369  5884363  59.46
  1991        25-29     0.00043  0.00217  2.62   98784     214  493412  5389994  54.56
  1991        30-34     0.00066  0.00331  2.70   98570     326  492099  4896582  49.68
  1991        35-39     0.00100  0.00500  2.65   98244     491  490067  4404483  44.83
  1991        40-44     0.00152  0.00757  2.65   97753     740  487024  3914417  40.04
  1991        45-49     0.00242  0.01203  2.63   97013    1167  482303  3427393  35.33
  1991        50-54     0.00359  0.01778  2.69   95846    1704  475288  2945090  30.73
  1991        55-59     0.00555  0.02737  2.67   94142    2577  464715  2469802  26.23
  1991        60-64     0.00906  0.04435  2.67   91565    4061  448358  2005087  21.90
  1991        65-69     0.01483  0.07167  2.68   87504    6272  422991  1556729  17.79
  1991        70-74     0.02567  0.12109  2.66   81233    9836  383164  1133738  13.96
  1991        75-79     0.04580  0.20692  2.67   71396   14773  322555   750574  10.51
  1991        80-84     0.08519  0.35319  2.58   56623   19999  234738   428018   7.56
  1991        85-89     0.15069  0.54211  2.41   36625   19855  131760   193280   5.28
  1991        90-94     0.24434  0.72412  2.19   16770   12144   49699    61520   3.67
  1991        95-99     0.37611  0.86766  1.90    4627    4014   10673    11821   2.56
  1991       100-104    0.52675  0.94324  1.60     612     578    1096     1148   1.87
  1991       105-109    0.67428  0.97511  1.36      35      34      50       51   1.48
  1991       110+       0.78165  1.00000  1.28       1       1       1        1   1.28
  1992           0      0.00536  0.00534  0.14  100000     534   99540  7914032  79.14
  1992         1-4      0.00031  0.00123  1.60   99466     122  397571  7814492  78.56
  1992         5-9      0.00016  0.00078  2.19   99344      77  496503  7416921  74.66
  1992        10-14     0.00014  0.00072  2.44   99267      71  496152  6920418  69.72
  1992        15-19     0.00032  0.00158  2.88   99196     157  495647  6424266  64.76
  1992        20-24     0.00037  0.00186  2.55   99039     184  494743  5928620  59.86
  1992        25-29     0.00043  0.00217  2.63   98855     215  493766  5433877  54.97
  1992        30-34     0.00061  0.00303  2.69   98640     299  492510  4940111  50.08
  1992        35-39     0.00096  0.00481  2.65   98341     473  490596  4447601  45.23
  1992        40-44     0.00152  0.00758  2.69   97868     741  487626  3957005  40.43
  1992        45-49     0.00236  0.01172  2.68   97127    1139  482994  3469378  35.72
  1992        50-54     0.00337  0.01672  2.66   95988    1605  476183  2986384  31.11
  1992        55-59     0.00539  0.02663  2.68   94383    2514  466076  2510201  26.60
  1992        60-64     0.00866  0.04243  2.67   91869    3898  450267  2044125  22.25
  1992        65-69     0.01414  0.06847  2.68   87971    6023  425891  1593858  18.12
  1992        70-74     0.02451  0.11588  2.65   81948    9496  387467  1167967  14.25
  1992        75-79     0.04371  0.19822  2.65   72452   14361  328530   780500  10.77
  1992        80-84     0.08081  0.33806  2.58   58091   19638  243011   451970   7.78
  1992        85-89     0.14390  0.52487  2.42   38452   20183  140258   208959   5.43
  1992        90-94     0.23708  0.71180  2.19   18270   13004   54852    68701   3.76
  1992        95-99     0.36398  0.85836  1.92    5265    4520   12417    13849   2.63
  1992       100-104    0.51372  0.93894  1.62     746     700    1363     1432   1.92
  1992       105-109    0.66257  0.97344  1.37      46      44      67       68   1.50
  1992       110+       0.77217  1.00000  1.30       1       1       2        2   1.30
  1993           0      0.00504  0.00501  0.14  100000     501   99568  7921471  79.21
  1993         1-4      0.00030  0.00121  1.59   99499     120  397704  7821903  78.61
  1993         5-9      0.00014  0.00071  2.38   99378      70  496707  7424199  74.71
  1993        10-14     0.00015  0.00075  2.63   99308      74  496364  6927492  69.76
  1993        15-19     0.00033  0.00163  2.82   99234     162  495815  6431129  64.81
  1993        20-24     0.00034  0.00168  2.53   99072     166  494948  5935314  59.91
  1993        25-29     0.00041  0.00205  2.59   98906     203  494039  5440366  55.01
  1993        30-34     0.00062  0.00310  2.72   98703     306  492816  4946326  50.11
  1993        35-39     0.00094  0.00467  2.71   98396     459  490929  4453510  45.26
  1993        40-44     0.00157  0.00780  2.68   97937     764  487911  3962581  40.46
  1993        45-49     0.00236  0.01172  2.66   97173    1139  483202  3474670  35.76
  1993        50-54     0.00344  0.01708  2.62   96034    1640  476269  2991468  31.15
  1993        55-59     0.00523  0.02582  2.67   94394    2437  466301  2515199  26.65
  1993        60-64     0.00859  0.04211  2.68   91957    3873  450807  2048898  22.28
  1993        65-69     0.01390  0.06732  2.68   88084    5930  426668  1598091  18.14
  1993        70-74     0.02467  0.11664  2.67   82154    9582  388451  1171422  14.26
  1993        75-79     0.04360  0.19776  2.65   72572   14352  329193   782971  10.79
  1993        80-84     0.08001  0.33525  2.58   58220   19518  243959   453778   7.79
  1993        85-89     0.14349  0.52405  2.43   38702   20282  141344   209819   5.42
  1993        90-94     0.24022  0.71689  2.19   18420   13205   54971    68475   3.72
  1993        95-99     0.37028  0.86365  1.91    5215    4504   12163    13503   2.59
  1993       100-104    0.52374  0.94250  1.60     711     670    1280     1340   1.88
  1993       105-109    0.67453  0.97525  1.36      41      40      59       60   1.48
  1993       110+       0.78398  1.00000  1.28       1       1       1        1   1.28
  1994           0      0.00488  0.00486  0.14  100000     486   99582  7951181  79.51
  1994         1-4      0.00032  0.00127  1.54   99514     126  397747  7851599  78.90
  1994         5-9      0.00013  0.00066  2.46   99388      66  496773  7453853  75.00
  1994        10-14     0.00014  0.00068  2.53   99322      68  496444  6957080  70.05
  1994        15-19     0.00032  0.00160  2.69   99255     159  495906  6460637  65.09
  1994        20-24     0.00034  0.00170  2.49   99096     168  495058  5964730  60.19
  1994        25-29     0.00037  0.00185  2.61   98928     183  494202  5469672  55.29
  1994        30-34     0.00059  0.00295  2.65   98745     291  493040  4975470  50.39
  1994        35-39     0.00090  0.00447  2.64   98454     440  491233  4482430  45.53
  1994        40-44     0.00148  0.00736  2.67   98014     721  488391  3991197  40.72
  1994        45-49     0.00229  0.01141  2.66   97293    1110  483868  3502807  36.00
  1994        50-54     0.00343  0.01699  2.63   96182    1634  477033  3018938  31.39
  1994        55-59     0.00506  0.02500  2.71   94548    2364  467324  2541906  26.88
  1994        60-64     0.00835  0.04096  2.68   92184    3776  452160  2074581  22.50
  1994        65-69     0.01354  0.06566  2.68   88409    5805  428569  1622421  18.35
  1994        70-74     0.02422  0.11478  2.73   82604    9481  391492  1193853  14.45
  1994        75-79     0.04168  0.19020  2.71   73123   13908  333729   802361  10.97
  1994        80-84     0.07758  0.32690  2.60   59215   19357  249522   468633   7.91
  1994        85-89     0.14086  0.51711  2.43   39858   20611  146320   219111   5.50
  1994        90-94     0.23480  0.70868  2.20   19247   13640   58091    72791   3.78
  1994        95-99     0.36507  0.85966  1.92    5607    4820   13203    14700   2.62
  1994       100-104    0.51866  0.94087  1.61     787     740    1427     1497   1.90
  1994       105-109    0.67048  0.97470  1.36      47      45      68       69   1.49
  1994       110+       0.78109  1.00000  1.28       1       1       2        2   1.28
  1995           0      0.00465  0.00464  0.14  100000     464   99601  7969207  79.69
  1995         1-4      0.00027  0.00107  1.60   99536     106  397891  7869605  79.06
  1995         5-9      0.00015  0.00073  2.34   99430      72  496959  7471715  75.15
  1995        10-14     0.00013  0.00064  2.71   99358      64  496643  6974755  70.20
  1995        15-19     0.00033  0.00166  2.84   99294     165  496114  6478112  65.24
  1995        20-24     0.00036  0.00179  2.39   99129     177  495182  5981998  60.35
  1995        25-29     0.00038  0.00189  2.61   98952     187  494312  5486815  55.45
  1995        30-34     0.00056  0.00281  2.74   98765     277  493200  4992503  50.55
  1995        35-39     0.00089  0.00446  2.70   98488     439  491426  4499304  45.68
  1995        40-44     0.00148  0.00739  2.69   98048     725  488569  4007877  40.88
  1995        45-49     0.00222  0.01106  2.66   97324    1076  484103  3519308  36.16
  1995        50-54     0.00341  0.01689  2.59   96248    1626  477314  3035205  31.54
  1995        55-59     0.00494  0.02443  2.68   94622    2311  467758  2557890  27.03
  1995        60-64     0.00815  0.03998  2.67   92310    3690  452947  2090133  22.64
  1995        65-69     0.01336  0.06481  2.68   88620    5743  429759  1637186  18.47
  1995        70-74     0.02318  0.11000  2.70   82877    9117  393383  1207427  14.57
  1995        75-79     0.04135  0.18819  2.62   73760   13881  335719   814044  11.04
  1995        80-84     0.07645  0.32247  2.57   59879   19309  252560   478325   7.99
  1995        85-89     0.13827  0.51113  2.45   40570   20736  149967   225765   5.56
  1995        90-94     0.23193  0.70529  2.22   19834   13989   60313    75797   3.82
  1995        95-99     0.36078  0.85623  1.93    5845    5005   13872    15485   2.65
  1995       100-104    0.51389  0.93926  1.62     840     789    1536     1612   1.92
  1995       105-109    0.66608  0.97407  1.37      51      50      75       76   1.50
  1995       110+       0.77746  1.00000  1.29       1       1       2        2   1.29
  1996           0      0.00447  0.00445  0.14  100000     445   99617  7986085  79.86
  1996         1-4      0.00025  0.00102  1.68   99555     101  397985  7886467  79.22
  1996         5-9      0.00011  0.00056  2.32   99454      56  497119  7488483  75.30
  1996        10-14     0.00012  0.00060  2.69   99398      60  496851  6991364  70.34
  1996        15-19     0.00031  0.00156  2.78   99338     155  496345  6494513  65.38
  1996        20-24     0.00035  0.00175  2.41   99183     173  495464  5998169  60.48
  1996        25-29     0.00037  0.00187  2.66   99010     185  494616  5502704  55.58
  1996        30-34     0.00053  0.00263  2.66   98825     260  493515  5008088  50.68
  1996        35-39     0.00089  0.00446  2.68   98564     440  491804  4514573  45.80
  1996        40-44     0.00144  0.00719  2.68   98125     705  488987  4022769  41.00
  1996        45-49     0.00227  0.01128  2.67   97420    1099  484540  3533782  36.27
  1996        50-54     0.00337  0.01671  2.65   96321    1609  477820  3049243  31.66
  1996        55-59     0.00479  0.02368  2.68   94711    2243  468351  2571422  27.15
  1996        60-64     0.00793  0.03894  2.69   92468    3601  454014  2103071  22.74
  1996        65-69     0.01324  0.06424  2.68   88867    5709  431090  1649057  18.56
  1996        70-74     0.02271  0.10790  2.70   83159    8973  395175  1217967  14.65
  1996        75-79     0.04095  0.18675  2.64   74186   13854  338290   822792  11.09
  1996        80-84     0.07529  0.31866  2.59   60332   19225  255359   484501   8.03
  1996        85-89     0.13722  0.50866  2.46   41106   20909  152373   229142   5.57
  1996        90-94     0.23337  0.70751  2.22   20197   14290   61232    76769   3.80
  1996        95-99     0.36360  0.85875  1.93    5907    5073   13952    15537   2.63
  1996       100-104    0.51923  0.94122  1.61     834     785    1513     1585   1.90
  1996       105-109    0.67298  0.97512  1.36      49      48      71       73   1.48
  1996       110+       0.78452  1.00000  1.27       1       1       2        2   1.27
  1997           0      0.00427  0.00425  0.14  100000     425   99634  8027171  80.27
  1997         1-4      0.00026  0.00102  1.62   99575     102  398058  7927537  79.61
  1997         5-9      0.00011  0.00053  2.41   99473      53  497229  7529479  75.69
  1997        10-14     0.00011  0.00057  2.68   99420      57  496970  7032250  70.73
  1997        15-19     0.00029  0.00146  2.90   99364     145  496514  6535280  65.77
  1997        20-24     0.00031  0.00155  2.51   99219     154  495712  6038766  60.86
  1997        25-29     0.00034  0.00172  2.64   99065     170  494926  5543054  55.95
  1997        30-34     0.00050  0.00249  2.72   98895     246  493916  5048128  51.05
  1997        35-39     0.00084  0.00420  2.67   98649     414  492282  4554212  46.17
  1997        40-44     0.00141  0.00704  2.71   98235     691  489594  4061930  41.35
  1997        45-49     0.00219  0.01088  2.67   97544    1061  485249  3572336  36.62
  1997        50-54     0.00329  0.01632  2.64   96483    1575  478692  3087087  32.00
  1997        55-59     0.00467  0.02308  2.63   94908    2190  469350  2608394  27.48
  1997        60-64     0.00758  0.03723  2.69   92718    3451  455609  2139044  23.07
  1997        65-69     0.01256  0.06101  2.68   89267    5446  433701  1683435  18.86
  1997        70-74     0.02177  0.10361  2.68   83821    8684  398951  1249733  14.91
  1997        75-79     0.03922  0.17940  2.63   75136   13480  343714   850783  11.32
  1997        80-84     0.07273  0.30959  2.60   61657   19088  262445   507069   8.22
  1997        85-89     0.13091  0.49221  2.48   42568   20952  160056   244624   5.75
  1997        90-94     0.22486  0.69346  2.24   21616   14990   66661    84568   3.91
  1997        95-99     0.35253  0.84963  1.95    6626    5630   15970    17907   2.70
  1997       100-104    0.50668  0.93688  1.64     996     933    1842     1937   1.94
  1997       105-109    0.66122  0.97342  1.38      63      61      93       95   1.51
  1997       110+       0.77475  1.00000  1.29       2       2       2        2   1.29
  1998           0      0.00408  0.00406  0.14  100000     406   99651  8053683  80.54
  1998         1-4      0.00025  0.00099  1.50   99594      99  398128  7954033  79.86
  1998         5-9      0.00010  0.00048  2.41   99495      48  497351  7555904  75.94
  1998        10-14     0.00012  0.00058  2.74   99447      58  497104  7058553  70.98
  1998        15-19     0.00030  0.00148  2.71   99389     147  496609  6561449  66.02
  1998        20-24     0.00031  0.00153  2.34   99242     152  495807  6064840  61.11
  1998        25-29     0.00034  0.00172  2.55   99090     170  495032  5569033  56.20
  1998        30-34     0.00045  0.00223  2.67   98920     221  494084  5074001  51.29
  1998        35-39     0.00078  0.00390  2.71   98699     385  492612  4579917  46.40
  1998        40-44     0.00133  0.00664  2.71   98313     653  490071  4087305  41.57
  1998        45-49     0.00214  0.01064  2.66   97660    1039  485872  3597234  36.83
  1998        50-54     0.00315  0.01564  2.65   96621    1512  479549  3111362  32.20
  1998        55-59     0.00457  0.02260  2.65   95110    2149  470500  2631813  27.67
  1998        60-64     0.00726  0.03569  2.69   92961    3318  457127  2161313  23.25
  1998        65-69     0.01220  0.05933  2.68   89643    5319  435897  1704186  19.01
  1998        70-74     0.02115  0.10080  2.69   84324    8500  401986  1268290  15.04
  1998        75-79     0.03843  0.17619  2.64   75824   13360  347645   866303  11.43
  1998        80-84     0.07098  0.30350  2.61   62464   18958  267088   518658   8.30
  1998        85-89     0.12954  0.48780  2.47   43506   21222  163828   251570   5.78
  1998        90-94     0.22287  0.69043  2.24   22284   15385   69032    87742   3.94
  1998        95-99     0.35099  0.84846  1.96    6898    5853   16676    18710   2.71
  1998       100-104    0.50608  0.93675  1.64    1045     979    1935     2035   1.95
  1998       105-109    0.66170  0.97353  1.38      66      64      97      100   1.51
  1998       110+       0.77587  1.00000  1.29       2       2       2        2   1.29
  1999           0      0.00400  0.00399  0.14  100000     399   99657  8074503  80.75
  1999         1-4      0.00022  0.00087  1.62   99601      87  398197  7974846  80.07
  1999         5-9      0.00011  0.00056  2.53   99514      56  497434  7576649  76.14
  1999        10-14     0.00011  0.00057  2.75   99459      56  497166  7079215  71.18
  1999        15-19     0.00030  0.00150  2.81   99402     149  496685  6582050  66.22
  1999        20-24     0.00031  0.00154  2.44   99253     153  495874  6085365  61.31
  1999        25-29     0.00034  0.00169  2.54   99100     168  495088  5589491  56.40
  1999        30-34     0.00045  0.00223  2.68   98932     221  494149  5094403  51.49
  1999        35-39     0.00076  0.00381  2.74   98711     376  492709  4600254  46.60
  1999        40-44     0.00132  0.00658  2.69   98336     647  490185  4107546  41.77
  1999        45-49     0.00207  0.01031  2.65   97689    1007  486076  3617360  37.03
  1999        50-54     0.00317  0.01573  2.67   96682    1520  479862  3131284  32.39
  1999        55-59     0.00453  0.02243  2.62   95161    2134  470737  2651422  27.86
  1999        60-64     0.00700  0.03442  2.69   93027    3202  457751  2180684  23.44
  1999        65-69     0.01181  0.05749  2.70   89825    5164  437256  1722933  19.18
  1999        70-74     0.02042  0.09747  2.68   84661    8252  404141  1285677  15.19
  1999        75-79     0.03802  0.17494  2.72   76409   13367  351546   881535  11.54
  1999        80-84     0.06893  0.29690  2.67   63042   18717  271518   529989   8.41
  1999        85-89     0.12750  0.48271  2.49   44325   21396  167818   258471   5.83
  1999        90-94     0.22091  0.68742  2.25   22929   15762   71349    90653   3.95
  1999        95-99     0.35357  0.85110  1.95    7167    6100   17252    19304   2.69
  1999       100-104    0.51268  0.93933  1.63    1067    1002    1955     2051   1.92
  1999       105-109    0.67113  0.97500  1.36      65      63      94       96   1.48
  1999       110+       0.78592  1.00000  1.27       2       2       2        2   1.27
  2000           0      0.00386  0.00385  0.14  100000     385   99670  8099301  80.99
  2000         1-4      0.00021  0.00085  1.51   99615      85  398250  7999632  80.31
  2000         5-9      0.00010  0.00049  2.40   99530      49  497525  7601382  76.37
  2000        10-14     0.00011  0.00056  2.65   99482      56  497277  7103857  71.41
  2000        15-19     0.00028  0.00139  2.81   99426     138  496826  6606580  66.45
  2000        20-24     0.00032  0.00160  2.46   99287     159  496034  6109754  61.54
  2000        25-29     0.00032  0.00160  2.66   99129     159  495272  5613720  56.63
  2000        30-34     0.00044  0.00222  2.72   98970     220  494349  5118447  51.72
  2000        35-39     0.00074  0.00369  2.72   98750     365  492919  4624098  46.83
  2000        40-44     0.00128  0.00639  2.74   98385     628  490504  4131180  41.99
  2000        45-49     0.00205  0.01021  2.67   97757     998  486460  3640676  37.24
  2000        50-54     0.00313  0.01553  2.64   96759    1503  480249  3154216  32.60
  2000        55-59     0.00452  0.02235  2.62   95256    2129  471211  2673967  28.07
  2000        60-64     0.00682  0.03355  2.67   93127    3124  458341  2202756  23.65
  2000        65-69     0.01144  0.05572  2.68   90003    5015  438360  1744416  19.38
  2000        70-74     0.01980  0.09466  2.67   84988    8045  406217  1306056  15.37
  2000        75-79     0.03609  0.16648  2.68   76943   12809  354950   899838  11.69
  2000        80-84     0.06733  0.28966  2.59   64134   18577  275895   544888   8.50
  2000        85-89     0.12586  0.47739  2.47   45557   21748  172797   268993   5.90
  2000        90-94     0.21558  0.67804  2.26   23808   16143   74881    96196   4.04
  2000        95-99     0.34109  0.83974  1.98    7665    6437   18872    21315   2.78
  2000       100-104    0.49461  0.93250  1.66    1228    1146    2316     2443   1.99
  2000       105-109    0.65073  0.97185  1.39      83      81     124      127   1.53
  2000       110+       0.76660  1.00000  1.30       2       2       3        3   1.30
  2001           0      0.00369  0.00368  0.14  100000     368   99684  8127266  81.27
  2001         1-4      0.00023  0.00090  1.62   99632      90  398314  8027582  80.57
  2001         5-9      0.00010  0.00049  2.43   99542      49  497584  7629268  76.64
  2001        10-14     0.00012  0.00058  2.84   99493      57  497341  7131683  71.68
  2001        15-19     0.00027  0.00135  2.96   99436     134  496905  6634342  66.72
  2001        20-24     0.00029  0.00143  2.38   99302     142  496136  6137437  61.81
  2001        25-29     0.00030  0.00151  2.59   99159     150  495435  5641301  56.89
  2001        30-34     0.00038  0.00191  2.68   99009     189  494607  5145866  51.97
  2001        35-39     0.00074  0.00368  2.68   98820     364  493259  4651259  47.07
  2001        40-44     0.00122  0.00608  2.69   98456     599  490899  4158000  42.23
  2001        45-49     0.00203  0.01009  2.69   97857     987  487006  3667101  37.47
  2001        50-54     0.00311  0.01541  2.66   96870    1493  480860  3180095  32.83
  2001        55-59     0.00448  0.02216  2.63   95377    2114  471885  2699235  28.30
  2001        60-64     0.00657  0.03234  2.68   93263    3016  459317  2227350  23.88
  2001        65-69     0.01107  0.05397  2.70   90247    4871  440020  1768033  19.59
  2001        70-74     0.01914  0.09163  2.69   85376    7823  408806  1328012  15.55
  2001        75-79     0.03492  0.16160  2.70   77553   12533  358884   919206  11.85
  2001        80-84     0.06578  0.28410  2.60   65020   18472  280801   560322   8.62
  2001        85-89     0.12169  0.46625  2.49   46548   21703  178354   279521   6.00
  2001        90-94     0.21330  0.67409  2.27   24845   16748   78517   101168   4.07
  2001        95-99     0.33860  0.83770  1.98    8097    6783   20032    22651   2.80
  2001       100-104    0.49356  0.93223  1.66    1314    1225    2482     2618   1.99
  2001       105-109    0.65138  0.97201  1.39      89      87     133      136   1.53
  2001       110+       0.76832  1.00000  1.30       2       2       3        3   1.30
  2002           0      0.00387  0.00386  0.14  100000     386   99669  8128038  81.28
  2002         1-4      0.00024  0.00095  1.59   99614      94  398231  8028370  80.59
  2002         5-9      0.00009  0.00046  2.20   99520      46  497472  7630139  76.67
  2002        10-14     0.00010  0.00051  2.72   99474      51  497255  7132667  71.70
  2002        15-19     0.00025  0.00125  2.72   99423     124  496833  6635412  66.74
  2002        20-24     0.00029  0.00145  2.46   99299     144  496129  6138579  61.82
  2002        25-29     0.00029  0.00147  2.53   99155     146  495415  5642449  56.91
  2002        30-34     0.00040  0.00200  2.68   99009     198  494586  5147034  51.99
  2002        35-39     0.00067  0.00334  2.70   98811     330  493297  4652449  47.08
  2002        40-44     0.00122  0.00606  2.74   98481     597  491060  4159151  42.23
  2002        45-49     0.00205  0.01018  2.67   97884     997  487094  3668092  37.47
  2002        50-54     0.00309  0.01534  2.65   96888    1487  480949  3180998  32.83
  2002        55-59     0.00448  0.02218  2.62   95401    2116  471970  2700048  28.30
  2002        60-64     0.00648  0.03191  2.65   93285    2977  459420  2228078  23.88
  2002        65-69     0.01084  0.05288  2.69   90308    4776  440503  1768658  19.58
  2002        70-74     0.01904  0.09120  2.69   85532    7801  409647  1328155  15.53
  2002        75-79     0.03462  0.16017  2.67   77731   12450  359666   918509  11.82
  2002        80-84     0.06630  0.28585  2.59   65281   18661  281440   558843   8.56
  2002        85-89     0.12321  0.47118  2.50   46620   21966  178283   277403   5.95
  2002        90-94     0.21633  0.67970  2.27   24654   16757   77462    99120   4.02
  2002        95-99     0.34628  0.84483  1.97    7897    6671   19266    21658   2.74
  2002       100-104    0.50441  0.93642  1.64    1225    1147    2275     2392   1.95
  2002       105-109    0.66345  0.97390  1.37      78      76     114      117   1.50
  2002       110+       0.77965  1.00000  1.28       2       2       3        3   1.28
  2003           0      0.00372  0.00371  0.14  100000     371   99681  8136537  81.37
  2003         1-4      0.00020  0.00082  1.52   99629      81  398314  8036856  80.67
  2003         5-9      0.00010  0.00052  2.28   99548      52  497596  7638542  76.73
  2003        10-14     0.00010  0.00051  2.64   99496      51  497358  7140946  71.77
  2003        15-19     0.00024  0.00118  2.75   99445     118  496958  6643588  66.81
  2003        20-24     0.00027  0.00135  2.41   99327     134  496285  6146630  61.88
  2003        25-29     0.00029  0.00144  2.59   99192     143  495617  5650345  56.96
  2003        30-34     0.00040  0.00198  2.67   99049     196  494788  5154728  52.04
  2003        35-39     0.00066  0.00330  2.75   98853     326  493532  4659940  47.14
  2003        40-44     0.00117  0.00581  2.74   98527     573  491339  4166408  42.29
  2003        45-49     0.00196  0.00978  2.70   97954     958  487573  3675069  37.52
  2003        50-54     0.00305  0.01515  2.65   96997    1469  481536  3187496  32.86
  2003        55-59     0.00449  0.02222  2.66   95527    2122  472672  2705960  28.33
  2003        60-64     0.00637  0.03138  2.64   93405    2931  460122  2233288  23.91
  2003        65-69     0.01046  0.05109  2.71   90474    4623  441766  1773166  19.60
  2003        70-74     0.01889  0.09048  2.69   85852    7768  411318  1331400  15.51
  2003        75-79     0.03435  0.15907  2.68   78083   12421  361586   920082  11.78
  2003        80-84     0.06662  0.28701  2.59   65663   18846  282898   558497   8.51
  2003        85-89     0.12513  0.47677  2.50   46817   22321  178380   275599   5.89
  2003        90-94     0.21966  0.68539  2.26   24496   16789   76433    97219   3.97
  2003        95-99     0.35289  0.85073  1.96    7707    6556   18579    20786   2.70
  2003       100-104    0.51368  0.93980  1.63    1150    1081    2105     2207   1.92
  2003       105-109    0.67362  0.97540  1.36      69      68     100      102   1.48
  2003       110+       0.78903  1.00000  1.27       2       2       2        2   1.27
  2004           0      0.00376  0.00374  0.14  100000     374   99678  8188738  81.89
  2004         1-4      0.00020  0.00081  1.64   99626      80  398312  8089060  81.19
  2004         5-9      0.00009  0.00043  2.22   99545      43  497607  7690747  77.26
  2004        10-14     0.00008  0.00042  2.56   99502      42  497409  7193141  72.29
  2004        15-19     0.00023  0.00116  2.72   99460     115  497039  6695731  67.32
  2004        20-24     0.00027  0.00136  2.47   99345     135  496383  6198692  62.40
  2004        25-29     0.00028  0.00138  2.62   99210     137  495723  5702309  57.48
  2004        30-34     0.00037  0.00182  2.66   99073     181  494943  5206585  52.55
  2004        35-39     0.00060  0.00300  2.70   98892     297  493781  4711642  47.64
  2004        40-44     0.00105  0.00525  2.73   98596     517  491804  4217861  42.78
  2004        45-49     0.00195  0.00972  2.72   98078     953  488215  3726057  37.99
  2004        50-54     0.00290  0.01439  2.63   97125    1398  482315  3237843  33.34
  2004        55-59     0.00444  0.02195  2.67   95727    2101  473746  2755527  28.79
  2004        60-64     0.00621  0.03061  2.62   93626    2866  461321  2281781  24.37
  2004        65-69     0.00995  0.04863  2.72   90760    4413  443744  1820461  20.06
  2004        70-74     0.01759  0.08454  2.71   86346    7300  415009  1376717  15.94
  2004        75-79     0.03232  0.15038  2.69   79046   11887  367725   961709  12.17
  2004        80-84     0.06349  0.27673  2.68   67160   18585  292718   593984   8.84
  2004        85-89     0.11487  0.44888  2.57   48574   21804  189816   301266   6.20
  2004        90-94     0.20634  0.66095  2.28   26770   17694   85752   111450   4.16
  2004        95-99     0.33366  0.83354  2.00    9076    7566   22675    25697   2.83
  2004       100-104    0.49129  0.93162  1.67    1511    1408    2865     3023   2.00
  2004       105-109    0.65238  0.97228  1.39     103     100     154      158   1.53
  2004       110+       0.77139  1.00000  1.30       3       3       4        4   1.30
  2005           0      0.00340  0.00339  0.14  100000     339   99709  8196310  81.96
  2005         1-4      0.00019  0.00075  1.47   99661      75  398454  8096601  81.24
  2005         5-9      0.00010  0.00050  2.25   99586      50  497793  7698146  77.30
  2005        10-14     0.00011  0.00056  2.66   99536      56  497549  7200353  72.34
  2005        15-19     0.00020  0.00099  2.77   99480      98  497180  6702804  67.38
  2005        20-24     0.00024  0.00118  2.49   99382     117  496614  6205624  62.44
  2005        25-29     0.00025  0.00125  2.55   99264     124  496016  5709010  57.51
  2005        30-34     0.00037  0.00187  2.60   99140     185  495255  5212994  52.58
  2005        35-39     0.00059  0.00297  2.69   98955     294  494093  4717740  47.68
  2005        40-44     0.00108  0.00539  2.76   98661     532  492114  4223647  42.81
  2005        45-49     0.00188  0.00938  2.72   98129     920  488545  3731532  38.03
  2005        50-54     0.00290  0.01439  2.67   97209    1399  482786  3242988  33.36
  2005        55-59     0.00437  0.02161  2.63   95810    2071  474141  2760202  28.81
  2005        60-64     0.00639  0.03148  2.58   93739    2951  461562  2286061  24.39
  2005        65-69     0.00965  0.04719  2.70   90788    4285  444082  1824498  20.10
  2005        70-74     0.01719  0.08268  2.69   86504    7152  416026  1380416  15.96
  2005        75-79     0.03178  0.14806  2.69   79351   11748  369673   964390  12.15
  2005        80-84     0.06224  0.27140  2.64   67603   18348  294793   594717   8.80
  2005        85-89     0.11736  0.45324  2.49   49255   22324  190222   299924   6.09
  2005        90-94     0.21239  0.67074  2.25   26931   18064   85051   109702   4.07
  2005        95-99     0.34066  0.84026  1.98    8867    7451   21872    24651   2.78
  2005       100-104    0.50153  0.93564  1.65    1416    1325    2642     2779   1.96
  2005       105-109    0.66396  0.97409  1.37      91      89     134      137   1.50
  2005       110+       0.78230  1.00000  1.28       2       2       3        3   1.28
  2006           0      0.00348  0.00347  0.14  100000     347   99702  8223662  82.24
  2006         1-4      0.00016  0.00065  1.64   99653      65  398457  8123960  81.52
  2006         5-9      0.00007  0.00036  2.45   99587      36  497846  7725503  77.58
  2006        10-14     0.00010  0.00048  2.86   99552      48  497655  7227658  72.60
  2006        15-19     0.00020  0.00099  2.82   99504      98  497304  6730003  67.64
  2006        20-24     0.00023  0.00116  2.53   99405     115  496742  6232699  62.70
  2006        25-29     0.00025  0.00125  2.59   99290     125  496150  5735957  57.77
  2006        30-34     0.00035  0.00177  2.65   99166     176  495414  5239807  52.84
  2006        35-39     0.00058  0.00290  2.67   98990     287  494281  4744393  47.93
  2006        40-44     0.00101  0.00506  2.70   98703     500  492365  4250112  43.06
  2006        45-49     0.00182  0.00908  2.66   98203     892  488930  3757748  38.27
  2006        50-54     0.00284  0.01410  2.64   97311    1372  483315  3268818  33.59
  2006        55-59     0.00423  0.02093  2.66   95939    2008  474998  2785503  29.03
  2006        60-64     0.00629  0.03098  2.61   93931    2910  462697  2310505  24.60
  2006        65-69     0.00919  0.04499  2.68   91022    4095  445604  1847808  20.30
  2006        70-74     0.01665  0.08019  2.71   86927    6971  418678  1402204  16.13
  2006        75-79     0.03103  0.14478  2.69   79956   11576  373052   983526  12.30
  2006        80-84     0.06070  0.26553  2.65   68380   18157  299145   610474   8.93
  2006        85-89     0.11530  0.44763  2.50   50223   22481  194987   311329   6.20
  2006        90-94     0.20445  0.65869  2.30   27742   18273   89376   116342   4.19
  2006        95-99     0.33130  0.83144  2.00    9469    7873   23763    26966   2.85
  2006       100-104    0.48958  0.93104  1.67    1596    1486    3035     3203   2.01
  2006       105-109    0.65169  0.97221  1.39     110     107     164      168   1.53
  2006       110+       0.77148  1.00000  1.30       3       3       4        4   1.30
  2007           0      0.00346  0.00345  0.14  100000     345   99704  8239930  82.40
  2007         1-4      0.00018  0.00073  1.60   99655      73  398445  8140226  81.68
  2007         5-9      0.00007  0.00035  2.31   99582      35  497817  7741781  77.74
  2007        10-14     0.00009  0.00043  2.75   99547      43  497640  7243965  72.77
  2007        15-19     0.00019  0.00094  2.83   99504      93  497320  6746325  67.80
  2007        20-24     0.00023  0.00113  2.55   99411     112  496780  6249005  62.86
  2007        25-29     0.00026  0.00130  2.67   99299     129  496193  5752225  57.93
  2007        30-34     0.00036  0.00179  2.67   99170     178  495435  5256032  53.00
  2007        35-39     0.00056  0.00281  2.78   98992     278  494343  4760598  48.09
  2007        40-44     0.00095  0.00475  2.72   98714     469  492502  4266255  43.22
  2007        45-49     0.00174  0.00868  2.68   98245     853  489245  3773753  38.41
  2007        50-54     0.00282  0.01403  2.64   97392    1366  483736  3284508  33.72
  2007        55-59     0.00426  0.02108  2.62   96026    2024  475310  2800772  29.17
  2007        60-64     0.00622  0.03062  2.62   94002    2879  463157  2325462  24.74
  2007        65-69     0.00919  0.04499  2.68   91123    4100  446090  1862305  20.44
  2007        70-74     0.01594  0.07687  2.71   87023    6690  419762  1416215  16.27
  2007        75-79     0.03018  0.14109  2.70   80333   11335  375541   996452  12.40
  2007        80-84     0.05913  0.25953  2.65   68998   17907  302823   620912   9.00
  2007        85-89     0.11384  0.44302  2.50   51091   22635  198832   318089   6.23
  2007        90-94     0.20436  0.65880  2.30   28457   18747   91736   119256   4.19
  2007        95-99     0.33296  0.83334  2.00    9709    8091   24301    27520   2.83
  2007       100-104    0.49410  0.93298  1.66    1618    1510    3055     3219   1.99
  2007       105-109    0.65833  0.97331  1.38     108     106     160      164   1.51
  2007       110+       0.77863  1.00000  1.28       3       3       4        4   1.28
  2008           0      0.00308  0.00308  0.14  100000     308   99736  8239032  82.39
  2008         1-4      0.00019  0.00075  1.67   99692      75  398595  8139295  81.64
  2008         5-9      0.00008  0.00038  2.37   99617      38  497987  7740700  77.70
  2008        10-14     0.00009  0.00047  2.78   99580      47  497794  7242713  72.73
  2008        15-19     0.00018  0.00088  2.68   99533      88  497461  6744919  67.77
  2008        20-24     0.00022  0.00111  2.55   99445     111  496954  6247458  62.82
  2008        25-29     0.00027  0.00133  2.49   99334     132  496341  5750505  57.89
  2008        30-34     0.00033  0.00164  2.64   99202     163  495628  5254164  52.96
  2008        35-39     0.00056  0.00278  2.72   99040     275  494570  4758536  48.05
  2008        40-44     0.00095  0.00472  2.72   98764     467  492759  4263966  43.17
  2008        45-49     0.00176  0.00874  2.71   98298     859  489526  3771207  38.37
  2008        50-54     0.00280  0.01391  2.65   97439    1355  484005  3281681  33.68
  2008        55-59     0.00420  0.02079  2.65   96084    1998  475729  2797676  29.12
  2008        60-64     0.00646  0.03181  2.64   94086    2993  463369  2321946  24.68
  2008        65-69     0.00923  0.04518  2.66   91092    4116  445831  1858577  20.40
  2008        70-74     0.01577  0.07611  2.72   86977    6619  419764  1412746  16.24
  2008        75-79     0.03004  0.14048  2.70   80357   11289  375826   992982  12.36
  2008        80-84     0.05918  0.25976  2.65   69069   17941  303151   617156   8.94
  2008        85-89     0.11586  0.44898  2.49   51128   22955  198124   314005   6.14
  2008        90-94     0.20908  0.66884  2.31   28172   18843   90123   115881   4.11
  2008        95-99     0.34309  0.84302  1.98    9329    7865   22924    25757   2.76
  2008       100-104    0.50898  0.93864  1.64    1465    1375    2701     2833   1.93
  2008       105-109    0.67504  0.97578  1.36      90      88     130      133   1.48
  2008       110+       0.79412  1.00000  1.26       2       2       3        3   1.26
  2009           0      0.00304  0.00303  0.14  100000     303   99740  8248158  82.48
  2009         1-4      0.00016  0.00065  1.64   99697      64  398636  8148418  81.73
  2009         5-9      0.00008  0.00042  2.23   99632      41  498048  7749782  77.78
  2009        10-14     0.00010  0.00048  2.69   99591      48  497844  7251734  72.82
  2009        15-19     0.00019  0.00095  2.71   99543      95  497497  6753890  67.85
  2009        20-24     0.00023  0.00117  2.53   99448     117  496952  6256393  62.91
  2009        25-29     0.00026  0.00130  2.58   99332     129  496344  5759441  57.98
  2009        30-34     0.00036  0.00181  2.71   99202     179  495599  5263097  53.05
  2009        35-39     0.00054  0.00270  2.75   99023     268  494511  4767498  48.15
  2009        40-44     0.00094  0.00468  2.72   98755     462  492723  4272987  43.27
  2009        45-49     0.00170  0.00847  2.72   98293     832  489567  3780264  38.46
  2009        50-54     0.00276  0.01370  2.68   97461    1335  484211  3290697  33.76
  2009        55-59     0.00416  0.02060  2.65   96125    1981  475972  2806486  29.20
  2009        60-64     0.00631  0.03108  2.65   94145    2926  463839  2330514  24.75
  2009        65-69     0.00932  0.04560  2.63   91219    4160  446235  1866675  20.46
  2009        70-74     0.01530  0.07391  2.72   87059    6434  420627  1420440  16.32
  2009        75-79     0.02955  0.13843  2.72   80624   11160  377660   999813  12.40
  2009        80-84     0.05908  0.25960  2.67   69464   18033  305231   622154   8.96
  2009        85-89     0.11770  0.45701  2.56   51431   23505  199692   316922   6.16
  2009        90-94     0.20278  0.66134  2.37   27927   18469   91078   117230   4.20
  2009        95-99     0.34244  0.84247  1.99    9458    7968   23267    26153   2.77
  2009       100-104    0.50842  0.93846  1.64    1490    1398    2750     2885   1.94
  2009       105-109    0.67469  0.97573  1.36      92      89     133      135   1.48
  2009       110+       0.79395  1.00000  1.26       2       2       3        3   1.26
  2010           0      0.00316  0.00315  0.14  100000     315   99730  8261550  82.62
  2010         1-4      0.00017  0.00067  1.58   99685      66  398580  8161820  81.88
  2010         5-9      0.00008  0.00041  2.46   99619      41  497990  7763240  77.93
  2010        10-14     0.00007  0.00037  2.56   99578      37  497799  7265250  72.96
  2010        15-19     0.00018  0.00092  2.80   99541      91  497502  6767451  67.99
  2010        20-24     0.00023  0.00113  2.48   99449     112  496963  6269949  63.05
  2010        25-29     0.00026  0.00130  2.57   99337     129  496371  5772987  58.12
  2010        30-34     0.00034  0.00171  2.71   99208     169  495653  5276615  53.19
  2010        35-39     0.00054  0.00269  2.69   99039     267  494577  4780962  48.27
  2010        40-44     0.00093  0.00464  2.73   98772     459  492820  4286385  43.40
  2010        45-49     0.00163  0.00811  2.77   98313     797  489786  3793565  38.59
  2010        50-54     0.00277  0.01376  2.68   97516    1342  484463  3303779  33.88
  2010        55-59     0.00407  0.02014  2.61   96175    1937  476252  2819315  29.31
  2010        60-64     0.00633  0.03118  2.64   94238    2939  464244  2343063  24.86
  2010        65-69     0.00924  0.04522  2.61   91299    4129  446624  1878820  20.58
  2010        70-74     0.01494  0.07222  2.70   87170    6296  421341  1432196  16.43
  2010        75-79     0.02926  0.13707  2.70   80875   11085  378898  1010855  12.50
  2010        80-84     0.05750  0.25350  2.67   69789   17692  307655   631957   9.06
  2010        85-89     0.11343  0.44336  2.54   52098   23098  203626   324303   6.22
  2010        90-94     0.20494  0.65917  2.29   29000   19116   93275   120677   4.16
  2010        95-99     0.34130  0.84168  1.99    9884    8319   24375    27402   2.77
  2010       100-104    0.50902  0.93881  1.64    1565    1469    2886     3027   1.93
  2010       105-109    0.67693  0.97609  1.35      96      93     138      141   1.47
  2010       110+       0.79688  1.00000  1.25       2       2       3        3   1.25
  2011           0      0.00325  0.00324  0.14  100000     324   99722  8282499  82.82
  2011         1-4      0.00016  0.00063  1.68   99676      62  398559  8182777  82.09
  2011         5-9      0.00009  0.00043  2.25   99613      43  497949  7784218  78.14
  2011        10-14     0.00009  0.00043  2.82   99570      43  497758  7286269  73.18
  2011        15-19     0.00016  0.00080  2.83   99527      79  497465  6788511  68.21
  2011        20-24     0.00021  0.00103  2.44   99448     103  496977  6291047  63.26
  2011        25-29     0.00025  0.00127  2.71   99345     126  496437  5794070  58.32
  2011        30-34     0.00035  0.00176  2.67   99219     174  495691  5297633  53.39
  2011        35-39     0.00052  0.00262  2.76   99045     260  494643  4801942  48.48
  2011        40-44     0.00090  0.00450  2.72   98785     444  492913  4307298  43.60
  2011        45-49     0.00160  0.00798  2.72   98341     785  489916  3814385  38.79
  2011        50-54     0.00271  0.01346  2.69   97556    1313  484742  3324469  34.08
  2011        55-59     0.00416  0.02059  2.65   96243    1982  476552  2839728  29.51
  2011        60-64     0.00640  0.03152  2.65   94261    2971  464315  2363176  25.07
  2011        65-69     0.00930  0.04549  2.64   91289    4153  446648  1898861  20.80
  2011        70-74     0.01455  0.07039  2.71   87136    6133  421641  1452213  16.67
  2011        75-79     0.02775  0.13045  2.70   81002   10567  380734  1030572  12.72
  2011        80-84     0.05537  0.24513  2.66   70436   17266  311811   649838   9.23
  2011        85-89     0.10951  0.43173  2.55   53170   22955  209617   338027   6.36
  2011        90-94     0.19893  0.64722  2.30   30215   19556   98306   128410   4.25
  2011        95-99     0.33395  0.83502  2.01   10659    8901   26653    30104   2.82
  2011       100-104    0.50124  0.93609  1.65    1759    1646    3284     3451   1.96
  2011       105-109    0.67038  0.97522  1.36     112     110     163      167   1.49
  2011       110+       0.79212  1.00000  1.26       3       3       4        4   1.26
  2012           0      0.00307  0.00306  0.14  100000     306   99738  8293753  82.94
  2012         1-4      0.00014  0.00055  1.69   99694      55  398648  8194015  82.19
  2012         5-9      0.00008  0.00038  2.24   99639      38  498089  7795367  78.24
  2012        10-14     0.00006  0.00030  2.69   99601      30  497934  7297278  73.27
  2012        15-19     0.00016  0.00080  2.78   99571      79  497677  6799344  68.29
  2012        20-24     0.00019  0.00097  2.73   99491      96  497237  6301668  63.34
  2012        25-29     0.00023  0.00117  2.59   99395     116  496694  5804430  58.40
  2012        30-34     0.00032  0.00159  2.78   99279     158  496042  5307737  53.46
  2012        35-39     0.00051  0.00255  2.66   99121     253  495011  4811695  48.54
  2012        40-44     0.00087  0.00436  2.72   98867     431  493354  4316684  43.66
  2012        45-49     0.00153  0.00761  2.75   98437     749  490498  3823330  38.84
  2012        50-54     0.00263  0.01309  2.67   97688    1279  485464  3332832  34.12
  2012        55-59     0.00403  0.01998  2.66   96409    1926  477542  2847368  29.53
  2012        60-64     0.00623  0.03069  2.66   94483    2900  465620  2369826  25.08
  2012        65-69     0.00932  0.04557  2.63   91583    4174  448019  1904206  20.79
  2012        70-74     0.01444  0.06986  2.66   87409    6106  422764  1456187  16.66
  2012        75-79     0.02734  0.12871  2.73   81303   10464  382755  1033423  12.71
  2012        80-84     0.05564  0.24637  2.68   70839   17453  313648   650668   9.19
  2012        85-89     0.10993  0.43307  2.55   53386   23120  210315   337020   6.31
  2012        90-94     0.20264  0.65288  2.28   30266   19760   97515   126705   4.19
  2012        95-99     0.34025  0.84107  1.99   10506    8836   25970    29190   2.78
  2012       100-104    0.51052  0.93952  1.64    1670    1569    3073     3221   1.93
  2012       105-109    0.68071  0.97666  1.35     101      99     145      148   1.46
  2012       110+       0.80149  1.00000  1.25       2       2       3        3   1.25
  2013           0      0.00297  0.00296  0.14  100000     296   99746  8285612  82.86
  2013         1-4      0.00014  0.00057  1.49   99704      57  398671  8185866  82.10
  2013         5-9      0.00008  0.00038  2.29   99647      38  498129  7787195  78.15
  2013        10-14     0.00008  0.00040  2.83   99608      40  497956  7289066  73.18
  2013        15-19     0.00017  0.00085  2.68   99569      84  497649  6791110  68.21
  2013        20-24     0.00020  0.00099  2.56   99485      99  497183  6293461  63.26
  2013        25-29     0.00024  0.00121  2.62   99386     120  496645  5796278  58.32
  2013        30-34     0.00035  0.00173  2.66   99266     172  495928  5299633  53.39
  2013        35-39     0.00053  0.00267  2.70   99094     264  494862  4803706  48.48
  2013        40-44     0.00087  0.00435  2.70   98830     430  493158  4308844  43.60
  2013        45-49     0.00150  0.00747  2.71   98400     735  490318  3815686  38.78
  2013        50-54     0.00262  0.01303  2.71   97665    1273  485404  3325368  34.05
  2013        55-59     0.00414  0.02049  2.65   96392    1975  477322  2839964  29.46
  2013        60-64     0.00629  0.03098  2.69   94417    2925  465317  2362642  25.02
  2013        65-69     0.00969  0.04736  2.65   91492    4333  447280  1897326  20.74
  2013        70-74     0.01455  0.07035  2.66   87159    6132  421457  1450046  16.64
  2013        75-79     0.02713  0.12778  2.74   81027   10354  381690  1028589  12.69
  2013        80-84     0.05567  0.24658  2.69   70673   17426  313033   646898   9.15
  2013        85-89     0.11094  0.43609  2.55   53247   23221  209307   333865   6.27
  2013        90-94     0.20498  0.65737  2.27   30026   19739   96295   124558   4.15
  2013        95-99     0.34468  0.84520  1.99   10288    8695   25227    28263   2.75
  2013       100-104    0.51697  0.94180  1.63    1593    1500    2901     3036   1.91
  2013       105-109    0.68776  0.97760  1.34      93      91     132      134   1.45
  2013       110+       0.80778  1.00000  1.24       2       2       3        3   1.24
  2014           0      0.00299  0.00298  0.14  100000     298   99744  8332520  83.33
  2014         1-4      0.00014  0.00058  1.57   99702      57  398667  8232776  82.57
  2014         5-9      0.00005  0.00027  2.77   99644      27  498160  7834109  78.62
  2014        10-14     0.00007  0.00035  2.87   99617      35  498010  7335948  73.64
  2014        15-19     0.00015  0.00076  2.87   99582      76  497748  6837938  68.67
  2014        20-24     0.00019  0.00094  2.56   99506      93  497303  6340191  63.72
  2014        25-29     0.00021  0.00105  2.70   99413     104  496825  5842887  58.77
  2014        30-34     0.00032  0.00160  2.66   99309     159  496171  5346063  53.83
  2014        35-39     0.00050  0.00249  2.73   99150     247  495188  4849892  48.91
  2014        40-44     0.00083  0.00415  2.71   98902     410  493573  4354704  44.03
  2014        45-49     0.00143  0.00714  2.73   98492     704  490867  3861131  39.20
  2014        50-54     0.00253  0.01259  2.71   97789    1231  486119  3370264  34.46
  2014        55-59     0.00400  0.01983  2.70   96558    1915  478392  2884145  29.87
  2014        60-64     0.00605  0.02985  2.64   94643    2825  466536  2405753  25.42
  2014        65-69     0.00934  0.04567  2.64   91818    4194  449211  1939218  21.12
  2014        70-74     0.01410  0.06823  2.64   87624    5978  424041  1490007  17.00
  2014        75-79     0.02558  0.12088  2.74   81646    9869  385884  1065965  13.06
  2014        80-84     0.05187  0.23153  2.68   71777   16618  320400   680082   9.47
  2014        85-89     0.10383  0.41423  2.56   55159   22848  220063   359682   6.52
  2014        90-94     0.19575  0.64597  2.37   32310   20872  106626   139619   4.32
  2014        95-99     0.32560  0.82735  2.03   11439    9464   29066    32994   2.88
  2014       100-104    0.49410  0.93365  1.67    1975    1844    3732     3928   1.99
  2014       105-109    0.66610  0.97470  1.37     131     128     192      196   1.50
  2014       110+       0.79031  1.00000  1.27       3       3       4        4   1.27
  2015           0      0.00312  0.00312  0.14  100000     312   99733  8297032  82.97
  2015         1-4      0.00015  0.00059  1.63   99688      59  398614  8197299  82.23
  2015         5-9      0.00006  0.00031  2.28   99629      31  498063  7798686  78.28
  2015        10-14     0.00009  0.00044  2.65   99598      44  497890  7300623  73.30
  2015        15-19     0.00017  0.00087  2.62   99555      86  497569  6802733  68.33
  2015        20-24     0.00019  0.00095  2.50   99469      95  497106  6305164  63.39
  2015        25-29     0.00024  0.00118  2.70   99374     117  496599  5808058  58.45
  2015        30-34     0.00036  0.00178  2.64   99256     177  495865  5311460  53.51
  2015        35-39     0.00051  0.00254  2.68   99080     252  494814  4815594  48.60
  2015        40-44     0.00084  0.00418  2.73   98828     413  493203  4320781  43.72
  2015        45-49     0.00145  0.00721  2.73   98415     709  490468  3827578  38.89
  2015        50-54     0.00249  0.01240  2.71   97706    1212  485756  3337110  34.15
  2015        55-59     0.00405  0.02004  2.67   96494    1934  477961  2851354  29.55
  2015        60-64     0.00631  0.03108  2.64   94560    2939  465869  2373393  25.10
  2015        65-69     0.00969  0.04738  2.64   91621    4341  447851  1907524  20.82
  2015        70-74     0.01491  0.07200  2.62   87281    6284  421426  1459673  16.72
  2015        75-79     0.02602  0.12280  2.71   80997    9947  382230  1038247  12.82
  2015        80-84     0.05403  0.24009  2.68   71050   17058  315740   656017   9.23
  2015        85-89     0.10909  0.43050  2.55   53992   23243  213060   340277   6.30
  2015        90-94     0.20621  0.66334  2.31   30748   20397   98910   127217   4.14
  2015        95-99     0.34635  0.84703  1.98   10352    8768   25316    28307   2.73
  2015       100-104    0.52184  0.94358  1.62    1584    1494    2863     2992   1.89
  2015       105-109    0.69470  0.97852  1.33      89      87     126      128   1.43
  2015       110+       0.81481  1.00000  1.23       2       2       2        2   1.23
  2016           0      0.00323  0.00322  0.14  100000     322   99724  8326446  83.26
  2016         1-4      0.00014  0.00055  1.59   99678      54  398580  8226722  82.53
  2016         5-9      0.00007  0.00037  2.28   99623      37  498018  7828142  78.58
  2016        10-14     0.00008  0.00042  2.76   99587      42  497841  7330124  73.61
  2016        15-19     0.00016  0.00080  2.76   99545      80  497547  6832284  68.64
  2016        20-24     0.00017  0.00084  2.49   99465      84  497118  6334736  63.69
  2016        25-29     0.00022  0.00109  2.64   99382     108  496654  5837618  58.74
  2016        30-34     0.00035  0.00174  2.59   99274     172  495952  5340965  53.80
  2016        35-39     0.00050  0.00250  2.69   99101     248  494932  4845013  48.89
  2016        40-44     0.00085  0.00424  2.63   98853     419  493274  4350081  44.01
  2016        45-49     0.00145  0.00725  2.74   98434     713  490559  3856807  39.18
  2016        50-54     0.00240  0.01193  2.70   97721    1166  485928  3366248  34.45
  2016        55-59     0.00406  0.02011  2.68   96555    1942  478265  2880320  29.83
  2016        60-64     0.00622  0.03067  2.65   94613    2902  466234  2402054  25.39
  2016        65-69     0.00961  0.04701  2.65   91711    4311  448434  1935820  21.11
  2016        70-74     0.01490  0.07195  2.64   87400    6289  422144  1487386  17.02
  2016        75-79     0.02472  0.11698  2.72   81112    9489  383909  1065242  13.13
  2016        80-84     0.05111  0.22844  2.68   71623   16362  320144   681333   9.51
  2016        85-89     0.10356  0.41335  2.56   55261   22842  220566   361189   6.54
  2016        90-94     0.19368  0.63937  2.34   32419   20728  107018   140624   4.34
  2016        95-99     0.32684  0.82872  2.03   11691    9689   29644    33606   2.87
  2016       100-104    0.49686  0.93478  1.66    2002    1872    3767     3962   1.98
  2016       105-109    0.66985  0.97526  1.37     131     127     190      194   1.49
  2016       110+       0.79410  1.00000  1.26       3       3       4        4   1.26
  2017           0      0.00297  0.00297  0.14  100000     297   99746  8328902  83.29
  2017         1-4      0.00014  0.00055  1.65   99703      55  398684  8229156  82.54
  2017         5-9      0.00007  0.00036  2.17   99648      36  498139  7830472  78.58
  2017        10-14     0.00008  0.00040  2.76   99612      40  497971  7332333  73.61
  2017        15-19     0.00015  0.00075  2.68   99572      74  497688  6834362  68.64
  2017        20-24     0.00019  0.00094  2.46   99498      93  497252  6336674  63.69
  2017        25-29     0.00022  0.00108  2.72   99404     107  496778  5839422  58.74
  2017        30-34     0.00034  0.00172  2.66   99298     171  496088  5342644  53.80
  2017        35-39     0.00050  0.00250  2.72   99127     248  495067  4846557  48.89
  2017        40-44     0.00079  0.00396  2.70   98879     391  493495  4351489  44.01
  2017        45-49     0.00140  0.00697  2.70   98487     686  490861  3857995  39.17
  2017        50-54     0.00235  0.01168  2.74   97801    1143  486420  3367134  34.43
  2017        55-59     0.00390  0.01933  2.67   96659    1868  478950  2880714  29.80
  2017        60-64     0.00623  0.03071  2.64   94790    2911  467092  2401764  25.34
  2017        65-69     0.00953  0.04659  2.67   91879    4281  449410  1934673  21.06
  2017        70-74     0.01523  0.07349  2.64   87598    6437  422775  1485262  16.96
  2017        75-79     0.02476  0.11711  2.69   81161    9505  383872  1062487  13.09
  2017        80-84     0.05078  0.22721  2.69   71656   16281  320613   678616   9.47
  2017        85-89     0.10428  0.41558  2.56   55375   23013  220684   358003   6.47
  2017        90-94     0.19897  0.64942  2.33   32362   21017  105627   137319   4.24
  2017        95-99     0.33775  0.83957  2.01   11346    9526   28203    31692   2.79
  2017       100-104    0.51386  0.94110  1.63    1820    1713    3334     3489   1.92
  2017       105-109    0.68919  0.97790  1.34     107     105     152      155   1.45
  2017       110+       0.81170  1.00000  1.23       2       2       3        3   1.23
  2018           0      0.00288  0.00288  0.14  100000     288   99753  8322656  83.23
  2018         1-4      0.00015  0.00061  1.51   99712      61  398697  8222903  82.47
  2018         5-9      0.00007  0.00034  2.43   99651      33  498170  7824205  78.52
  2018        10-14     0.00008  0.00038  2.61   99618      38  497998  7326036  73.54
  2018        15-19     0.00016  0.00078  2.65   99580      78  497715  6828038  68.57
  2018        20-24     0.00017  0.00084  2.58   99502      84  497306  6330323  63.62
  2018        25-29     0.00022  0.00109  2.65   99418     109  496835  5833017  58.67
  2018        30-34     0.00035  0.00176  2.64   99309     175  496134  5336181  53.73
  2018        35-39     0.00053  0.00265  2.71   99135     262  495073  4840047  48.82
  2018        40-44     0.00082  0.00411  2.70   98872     406  493429  4344974  43.95
  2018        45-49     0.00139  0.00695  2.71   98466     684  490767  3851545  39.12
  2018        50-54     0.00232  0.01154  2.68   97782    1128  486295  3360779  34.37
  2018        55-59     0.00393  0.01947  2.68   96654    1882  478910  2874484  29.74
  2018        60-64     0.00638  0.03144  2.69   94772    2979  466985  2395574  25.28
  2018        65-69     0.00976  0.04769  2.66   91793    4377  448727  1928588  21.01
  2018        70-74     0.01542  0.07441  2.67   87415    6505  421902  1479861  16.93
  2018        75-79     0.02515  0.11882  2.68   80910    9614  382255  1057959  13.08
  2018        80-84     0.05009  0.22465  2.71   71297   16017  319784   675703   9.48
  2018        85-89     0.10494  0.41846  2.58   55280   23133  220438   355919   6.44
  2018        90-94     0.20021  0.65184  2.32   32147   20955  104664   135482   4.21
  2018        95-99     0.34330  0.84494  2.00   11193    9457   27548    30818   2.75
  2018       100-104    0.52321  0.94435  1.62    1735    1639    3132     3270   1.88
  2018       105-109    0.70012  0.97927  1.32      97      95     135      138   1.42
  2018       110+       0.82164  1.00000  1.22       2       2       2        2   1.22
  2019           0      0.00290  0.00289  0.14  100000     289   99752  8354342  83.54
  2019         1-4      0.00013  0.00050  1.71   99711      50  398728  8254590  82.79
  2019         5-9      0.00007  0.00033  2.08   99661      33  498206  7855861  78.83
  2019        10-14     0.00008  0.00039  2.75   99627      39  498049  7357655  73.85
  2019        15-19     0.00014  0.00069  2.71   99588      69  497783  6859606  68.88
  2019        20-24     0.00016  0.00082  2.48   99519      82  497390  6361823  63.93
  2019        25-29     0.00021  0.00104  2.68   99438     103  496948  5864433  58.98
  2019        30-34     0.00033  0.00167  2.59   99334     166  496272  5367484  54.03
  2019        35-39     0.00054  0.00271  2.64   99169     269  495207  4871212  49.12
  2019        40-44     0.00077  0.00386  2.67   98900     382  493610  4376005  44.25
  2019        45-49     0.00131  0.00654  2.73   98518     645  491128  3882395  39.41
  2019        50-54     0.00229  0.01139  2.68   97873    1115  486774  3391267  34.65
  2019        55-59     0.00377  0.01870  2.69   96758    1810  479609  2904493  30.02
  2019        60-64     0.00614  0.03025  2.66   94949    2872  468032  2424884  25.54
  2019        65-69     0.00947  0.04633  2.65   92077    4266  450355  1956852  21.25
  2019        70-74     0.01518  0.07332  2.67   87811    6439  424063  1506497  17.16
  2019        75-79     0.02457  0.11617  2.66   81373    9453  384764  1082434  13.30
  2019        80-84     0.04800  0.21630  2.72   71920   15556  324068   697670   9.70
  2019        85-89     0.10005  0.40340  2.60   56363   22737  227259   373603   6.63
  2019        90-94     0.19199  0.63566  2.34   33626   21375  111330   146343   4.35
  2019        95-99     0.32868  0.83125  2.03   12251   10184   30985    35013   2.86
  2019       100-104    0.50490  0.93813  1.65    2067    1939    3841     4028   1.95
  2019       105-109    0.68248  0.97711  1.35     128     125     183      187   1.46
  2019       110+       0.80749  1.00000  1.24       3       3       4        4   1.24
  2020           0      0.00290  0.00289  0.14  100000     289   99752  8342611  83.43
  2020         1-4      0.00013  0.00052  1.63   99711      52  398721  8242859  82.67
  2020         5-9      0.00006  0.00028  2.75   99659      27  498233  7844138  78.71
  2020        10-14     0.00007  0.00033  2.76   99632      32  498085  7345904  73.73
  2020        15-19     0.00012  0.00062  2.71   99599      62  497853  6847819  68.75
  2020        20-24     0.00016  0.00082  2.43   99537      82  497475  6349965  63.79
  2020        25-29     0.00021  0.00107  2.62   99455     106  497023  5852491  58.85
  2020        30-34     0.00032  0.00159  2.68   99349     158  496378  5355467  53.91
  2020        35-39     0.00052  0.00260  2.66   99191     258  495350  4859090  48.99
  2020        40-44     0.00082  0.00407  2.71   98933     403  493743  4363739  44.11
  2020        45-49     0.00135  0.00675  2.73   98530     665  491141  3869997  39.28
  2020        50-54     0.00220  0.01096  2.72   97865    1073  486880  3378856  34.53
  2020        55-59     0.00374  0.01854  2.71   96792    1794  479857  2891976  29.88
  2020        60-64     0.00614  0.03024  2.67   94998    2873  468284  2412120  25.39
  2020        65-69     0.00955  0.04670  2.66   92125    4302  450564  1943835  21.10
  2020        70-74     0.01532  0.07392  2.65   87822    6492  423870  1493271  17.00
  2020        75-79     0.02542  0.11994  2.65   81330    9755  383764  1069402  13.15
  2020        80-84     0.04851  0.21817  2.70   71576   15616  321928   685638   9.58
  2020        85-89     0.10269  0.41119  2.58   55960   23010  224080   363709   6.50
  2020        90-94     0.19912  0.64997  2.33   32950   21417  107554   139629   4.24
  2020        95-99     0.33926  0.84142  2.01   11534    9705   28605    32075   2.78
  2020       100-104    0.51936  0.94317  1.62    1829    1725    3322     3470   1.90
  2020       105-109    0.69739  0.97898  1.33     104     102     146      149   1.43
  2020       110+       0.82005  1.00000  1.22       2       2       3        3   1.22
