Italy , Life tables (cohort 1x10), Males	Last modified: 09 May 2024;  Methods Protocol: v6 (2017)

  Year          Age         mx       qx    ax      lx      dx      Lx       Tx     ex
1872-1879        0      0.26283  0.22194  0.30  100000   22194   84444  3685868  36.86
1872-1879        1      0.09388  0.08944  0.47   77806    6959   74131  3601424  46.29
1872-1879        2      0.06824  0.06598  0.50   70847    4675   68498  3527293  49.79
1872-1879        3      0.04526  0.04425  0.49   66172    2928   64692  3458795  52.27
1872-1879        4      0.02910  0.02868  0.50   63244    1814   62329  3394104  53.67
1872-1879        5      0.02025  0.02005  0.50   61430    1231   60814  3331775  54.24
1872-1879        6      0.01449  0.01438  0.50   60199     866   59766  3270961  54.34
1872-1879        7      0.00986  0.00981  0.50   59333     582   59041  3211195  54.12
1872-1879        8      0.00660  0.00658  0.50   58751     386   58557  3152153  53.65
1872-1879        9      0.00494  0.00493  0.50   58365     288   58220  3093596  53.00
1872-1879       10      0.00453  0.00452  0.50   58077     263   57946  3035376  52.26
1872-1879       11      0.00448  0.00447  0.50   57814     258   57686  2977430  51.50
1872-1879       12      0.00463  0.00462  0.50   57556     266   57424  2919745  50.73
1872-1879       13      0.00471  0.00470  0.50   57290     269   57157  2862321  49.96
1872-1879       14      0.00465  0.00464  0.50   57021     265   56889  2805164  49.20
1872-1879       15      0.00458  0.00457  0.51   56757     259   56628  2748275  48.42
1872-1879       16      0.00471  0.00470  0.51   56497     266   56366  2691647  47.64
1872-1879       17      0.00504  0.00503  0.51   56232     283   56092  2635281  46.86
1872-1879       18      0.00556  0.00555  0.51   55949     310   55796  2579189  46.10
1872-1879       19      0.00623  0.00621  0.51   55638     346   55468  2523393  45.35
1872-1879       20      0.00698  0.00695  0.50   55293     385   55100  2467925  44.63
1872-1879       21      0.00750  0.00747  0.50   54908     410   54702  2412825  43.94
1872-1879       22      0.00778  0.00775  0.50   54498     422   54286  2358123  43.27
1872-1879       23      0.00776  0.00773  0.50   54076     418   53866  2303836  42.60
1872-1879       24      0.00740  0.00737  0.50   53658     396   53459  2249970  41.93
1872-1879       25      0.00695  0.00693  0.50   53262     369   53077  2196511  41.24
1872-1879       26      0.00661  0.00659  0.50   52893     348   52718  2143434  40.52
1872-1879       27      0.00636  0.00634  0.50   52545     333   52378  2090715  39.79
1872-1879       28      0.00624  0.00622  0.50   52212     325   52049  2038338  39.04
1872-1879       29      0.00625  0.00623  0.50   51887     323   51725  1986289  38.28
1872-1879       30      0.00638  0.00636  0.50   51564     328   51400  1934564  37.52
1872-1879       31      0.00655  0.00653  0.50   51236     334   51068  1883165  36.75
1872-1879       32      0.00664  0.00662  0.50   50901     337   50732  1832096  35.99
1872-1879       33      0.00664  0.00662  0.50   50564     335   50396  1781364  35.23
1872-1879       34      0.00660  0.00658  0.50   50229     330   50064  1730968  34.46
1872-1879       35      0.00668  0.00666  0.51   49899     332   49735  1680904  33.69
1872-1879       36      0.00692  0.00690  0.50   49567     342   49397  1631170  32.91
1872-1879       37      0.00722  0.00720  0.51   49225     354   49049  1581773  32.13
1872-1879       38      0.00873  0.00870  0.53   48870     425   48669  1532723  31.36
1872-1879       39      0.01107  0.01101  0.50   48445     533   48181  1484055  30.63
1872-1879       40      0.01181  0.01174  0.50   47912     563   47630  1435874  29.97
1872-1879       41      0.01186  0.01179  0.50   47349     558   47069  1388244  29.32
1872-1879       42      0.01180  0.01173  0.50   46791     549   46515  1341175  28.66
1872-1879       43      0.01172  0.01165  0.50   46242     539   45970  1294660  28.00
1872-1879       44      0.01160  0.01154  0.50   45703     527   45439  1248690  27.32
1872-1879       45      0.01152  0.01146  0.50   45176     518   44917  1203251  26.63
1872-1879       46      0.01080  0.01074  0.49   44659     479   44413  1158334  25.94
1872-1879       47      0.00974  0.00969  0.50   44179     428   43965  1113922  25.21
1872-1879       48      0.01003  0.00998  0.50   43751     437   43533  1069956  24.46
1872-1879       49      0.01050  0.01045  0.51   43314     453   43090  1026423  23.70
1872-1879       50      0.01167  0.01160  0.51   42862     497   42616   983332  22.94
1872-1879       51      0.01171  0.01165  0.51   42364     493   42121   940717  22.21
1872-1879       52      0.01273  0.01265  0.50   41871     530   41608   898596  21.46
1872-1879       53      0.01314  0.01305  0.50   41341     540   41073   856987  20.73
1872-1879       54      0.01414  0.01405  0.50   40802     573   40517   815914  20.00
1872-1879       55      0.01475  0.01464  0.51   40228     589   39938   775397  19.27
1872-1879       56      0.01579  0.01567  0.50   39639     621   39330   735460  18.55
1872-1879       57      0.01725  0.01710  0.50   39018     667   38686   696129  17.84
1872-1879       58      0.01861  0.01843  0.50   38351     707   37997   657443  17.14
1872-1879       59      0.02015  0.01995  0.50   37644     751   37268   619446  16.46
1872-1879       60      0.02174  0.02150  0.50   36893     793   36496   582177  15.78
1872-1879       61      0.02332  0.02306  0.50   36100     832   35686   545681  15.12
1872-1879       62      0.02595  0.02562  0.50   35267     903   34819   509995  14.46
1872-1879       63      0.02876  0.02835  0.50   34364     974   33880   475175  13.83
1872-1879       64      0.03160  0.03111  0.50   33390    1039   32873   441295  13.22
1872-1879       65      0.03469  0.03410  0.50   32351    1103   31803   408422  12.62
1872-1879       66      0.03730  0.03662  0.50   31248    1144   30675   376620  12.05
1872-1879       67      0.03982  0.03904  0.50   30104    1175   29514   345945  11.49
1872-1879       68      0.04359  0.04265  0.50   28928    1234   28306   316430  10.94
1872-1879       69      0.04669  0.04561  0.50   27694    1263   27058   288124  10.40
1872-1879       70      0.05116  0.04987  0.50   26431    1318   25766   261066   9.88
1872-1879       71      0.05451  0.05305  0.50   25113    1332   24442   235300   9.37
1872-1879       72      0.05866  0.05698  0.50   23781    1355   23098   210858   8.87
1872-1879       73      0.06404  0.06205  0.50   22426    1392   21730   187761   8.37
1872-1879       74      0.07067  0.06826  0.50   21034    1436   20317   166031   7.89
1872-1879       75      0.07733  0.07446  0.50   19598    1459   18871   145714   7.44
1872-1879       76      0.08749  0.08387  0.51   18139    1521   17388   126843   6.99
1872-1879       77      0.09516  0.09089  0.51   16618    1510   15872   109455   6.59
1872-1879       78      0.10632  0.10101  0.51   15107    1526   14353    93583   6.19
1872-1879       79      0.11656  0.11020  0.51   13582    1497   12841    79230   5.83
1872-1879       80      0.12574  0.11836  0.50   12085    1430   11376    66389   5.49
1872-1879       81      0.13548  0.12694  0.50   10654    1352    9982    55013   5.16
1872-1879       82      0.14881  0.13856  0.50    9302    1289    8661    45031   4.84
1872-1879       83      0.16642  0.15377  0.51    8013    1232    7404    36370   4.54
1872-1879       84      0.17823  0.16368  0.50    6781    1110    6227    28966   4.27
1872-1879       85      0.19361  0.17663  0.50    5671    1002    5174    22739   4.01
1872-1879       86      0.21042  0.19049  0.50    4669     889    4227    17565   3.76
1872-1879       87      0.23105  0.20731  0.50    3780     784    3392    13338   3.53
1872-1879       88      0.25092  0.22318  0.50    2996     669    2665     9946   3.32
1872-1879       89      0.27277  0.24023  0.50    2328     559    2050     7281   3.13
1872-1879       90      0.29289  0.25570  0.50    1768     452    1544     5231   2.96
1872-1879       91      0.30489  0.26483  0.50    1316     349    1143     3687   2.80
1872-1879       92      0.33759  0.28878  0.50     968     279     828     2544   2.63
1872-1879       93      0.35417  0.30061  0.50     688     207     584     1716   2.49
1872-1879       94      0.38551  0.32304  0.50     481     155     403     1132   2.35
1872-1879       95      0.41040  0.34065  0.50     326     111     270      729   2.24
1872-1879       96      0.41978  0.34665  0.50     215      74     177      459   2.13
1872-1879       97      0.44947  0.36535  0.49     140      51     114      281   2.00
1872-1879       98      0.47332  0.38229  0.50      89      34      72      167   1.87
1872-1879       99      0.54638  0.42873  0.50      55      24      43       95   1.73
1872-1879      100      0.57980  0.44956  0.50      31      14      24       52   1.65
1872-1879      101      0.62753  0.47398  0.48      17       8      13       27   1.59
1872-1879      102      0.55213  0.42776  0.47       9       4       7       14   1.58
1872-1879      103      0.74817  0.55103  0.52       5       3       4        7   1.41
1872-1879      104      0.60480  0.47077  0.53       2       1       2        4   1.51
1872-1879      105      0.72446  0.51656  0.44       1       1       1        2   1.38
1872-1879      106      0.68062  0.52596  0.57       1       0       0        1   1.39
1872-1879      107      0.57143  0.44444  0.50       0       0       0        0   1.30
1872-1879      108      0.81818  0.60000  0.56       0       0       0        0   0.93
1872-1879      109      2.00000  1.00000  0.50       0       0       0        0   0.50
1872-1879      110+           .        .     .       0       0       0        0      .
1880-1889        0      0.24697  0.21053  0.30  100000   21053   85244  3799439  37.99
1880-1889        1      0.09003  0.08594  0.47   78947    6785   75367  3714195  47.05
1880-1889        2      0.06016  0.05839  0.50   72162    4214   70041  3638828  50.43
1880-1889        3      0.03990  0.03911  0.50   67948    2658   66616  3568787  52.52
1880-1889        4      0.02655  0.02620  0.50   65290    1711   64432  3502171  53.64
1880-1889        5      0.01823  0.01807  0.50   63580    1149   63003  3437739  54.07
1880-1889        6      0.01195  0.01188  0.50   62431     742   62058  3374736  54.06
1880-1889        7      0.00717  0.00715  0.50   61689     441   61467  3312678  53.70
1880-1889        8      0.00414  0.00413  0.50   61249     253   61121  3251211  53.08
1880-1889        9      0.00289  0.00288  0.50   60996     176   60907  3190090  52.30
1880-1889       10      0.00305  0.00304  0.50   60820     185   60728  3129183  51.45
1880-1889       11      0.00341  0.00341  0.50   60635     207   60532  3068456  50.61
1880-1889       12      0.00369  0.00368  0.50   60428     222   60317  3007924  49.78
1880-1889       13      0.00389  0.00388  0.50   60206     234   60089  2947606  48.96
1880-1889       14      0.00402  0.00401  0.50   59972     240   59852  2887517  48.15
1880-1889       15      0.00408  0.00408  0.51   59732     243   59611  2827665  47.34
1880-1889       16      0.00426  0.00425  0.51   59488     253   59363  2768053  46.53
1880-1889       17      0.00457  0.00456  0.51   59235     270   59102  2708690  45.73
1880-1889       18      0.00503  0.00502  0.51   58965     296   58819  2649588  44.93
1880-1889       19      0.00563  0.00561  0.51   58669     329   58506  2590769  44.16
1880-1889       20      0.00620  0.00618  0.50   58340     360   58159  2532263  43.41
1880-1889       21      0.00666  0.00664  0.50   57979     385   57786  2474104  42.67
1880-1889       22      0.00697  0.00695  0.50   57594     400   57394  2416317  41.95
1880-1889       23      0.00698  0.00696  0.50   57194     398   56994  2358924  41.24
1880-1889       24      0.00668  0.00666  0.50   56796     378   56606  2301930  40.53
1880-1889       25      0.00752  0.00749  0.53   56418     423   56217  2245324  39.80
1880-1889       26      0.00997  0.00993  0.52   55995     556   55730  2189107  39.09
1880-1889       27      0.01278  0.01270  0.52   55439     704   55099  2133377  38.48
1880-1889       28      0.01531  0.01520  0.51   54735     832   54328  2078277  37.97
1880-1889       29      0.01708  0.01693  0.50   53904     913   53445  2023949  37.55
1880-1889       30      0.01684  0.01670  0.49   52991     885   52541  1970504  37.19
1880-1889       31      0.01580  0.01567  0.49   52106     817   51690  1917963  36.81
1880-1889       32      0.01476  0.01465  0.49   51289     751   50907  1866274  36.39
1880-1889       33      0.01376  0.01366  0.49   50538     691   50186  1815367  35.92
1880-1889       34      0.01282  0.01273  0.49   49848     635   49525  1765180  35.41
1880-1889       35      0.01194  0.01186  0.49   49213     584   48916  1715656  34.86
1880-1889       36      0.01112  0.01106  0.49   48629     538   48356  1666739  34.27
1880-1889       37      0.01036  0.01031  0.49   48091     496   47839  1618383  33.65
1880-1889       38      0.00909  0.00905  0.48   47596     431   47371  1570544  33.00
1880-1889       39      0.00732  0.00729  0.49   47165     344   46989  1523174  32.29
1880-1889       40      0.00692  0.00690  0.50   46821     323   46660  1476185  31.53
1880-1889       41      0.00677  0.00675  0.50   46498     314   46342  1429525  30.74
1880-1889       42      0.00730  0.00727  0.50   46184     336   46017  1383183  29.95
1880-1889       43      0.00742  0.00739  0.50   45848     339   45680  1337165  29.16
1880-1889       44      0.00782  0.00779  0.50   45510     355   45333  1291486  28.38
1880-1889       45      0.00821  0.00818  0.50   45155     369   44971  1246153  27.60
1880-1889       46      0.00845  0.00842  0.50   44786     377   44598  1201182  26.82
1880-1889       47      0.00893  0.00889  0.50   44409     395   44212  1156585  26.04
1880-1889       48      0.00942  0.00938  0.50   44014     413   43808  1112372  25.27
1880-1889       49      0.00961  0.00957  0.50   43601     417   43393  1068565  24.51
1880-1889       50      0.01044  0.01038  0.50   43184     448   42959  1025171  23.74
1880-1889       51      0.01099  0.01093  0.50   42736     467   42502   982212  22.98
1880-1889       52      0.01177  0.01170  0.50   42268     495   42022   939710  22.23
1880-1889       53      0.01279  0.01271  0.50   41774     531   41510   897688  21.49
1880-1889       54      0.01417  0.01407  0.50   41243     580   40953   856179  20.76
1880-1889       55      0.01531  0.01519  0.50   40663     618   40352   815225  20.05
1880-1889       56      0.01634  0.01621  0.50   40045     649   39718   774873  19.35
1880-1889       57      0.01698  0.01683  0.50   39396     663   39063   735154  18.66
1880-1889       58      0.01810  0.01794  0.50   38733     695   38382   696091  17.97
1880-1889       59      0.01926  0.01908  0.50   38038     726   37672   657709  17.29
1880-1889       60      0.02080  0.02058  0.49   37312     768   36924   620038  16.62
1880-1889       61      0.02174  0.02151  0.50   36544     786   36148   583113  15.96
1880-1889       62      0.02343  0.02316  0.50   35758     828   35341   546965  15.30
1880-1889       63      0.02511  0.02479  0.50   34930     866   34493   511624  14.65
1880-1889       64      0.02615  0.02581  0.50   34064     879   33622   477131  14.01
1880-1889       65      0.02807  0.02768  0.50   33185     919   32723   443509  13.36
1880-1889       66      0.03070  0.03023  0.50   32266     976   31779   410786  12.73
1880-1889       67      0.03393  0.03337  0.50   31291    1044   30771   379006  12.11
1880-1889       68      0.03759  0.03690  0.50   30247    1116   29691   348235  11.51
1880-1889       69      0.04066  0.03986  0.50   29131    1161   28553   318545  10.94
1880-1889       70      0.04516  0.04417  0.50   27970    1235   27356   289992  10.37
1880-1889       71      0.04939  0.04820  0.50   26734    1289   26094   262636   9.82
1880-1889       72      0.05402  0.05261  0.50   25446    1339   24780   236543   9.30
1880-1889       73      0.05993  0.05819  0.50   24107    1403   23409   211763   8.78
1880-1889       74      0.06561  0.06354  0.50   22704    1443   21988   188354   8.30
1880-1889       75      0.07238  0.06987  0.50   21261    1486   20523   166367   7.82
1880-1889       76      0.07920  0.07619  0.50   19776    1507   19024   145843   7.37
1880-1889       77      0.08645  0.08288  0.50   18269    1514   17514   126819   6.94
1880-1889       78      0.09553  0.09120  0.50   16755    1528   15996   109305   6.52
1880-1889       79      0.10513  0.09991  0.50   15227    1521   14470    93309   6.13
1880-1889       80      0.11870  0.11209  0.50   13706    1536   12943    78839   5.75
1880-1889       81      0.12900  0.12124  0.50   12169    1475   11437    65896   5.42
1880-1889       82      0.13974  0.13065  0.50   10694    1397    9998    54459   5.09
1880-1889       83      0.15243  0.14166  0.50    9297    1317    8640    44462   4.78
1880-1889       84      0.16574  0.15308  0.50    7980    1222    7370    35822   4.49
1880-1889       85      0.18231  0.16711  0.50    6758    1129    6195    28452   4.21
1880-1889       86      0.19711  0.17943  0.50    5629    1010    5124    22257   3.95
1880-1889       87      0.21562  0.19467  0.50    4619     899    4170    17133   3.71
1880-1889       88      0.23213  0.20783  0.50    3720     773    3330    12963   3.48
1880-1889       89      0.25488  0.22610  0.50    2947     666    2614     9632   3.27
1880-1889       90      0.27694  0.24345  0.50    2280     555    2005     7019   3.08
1880-1889       91      0.29810  0.25947  0.50    1725     448    1502     5014   2.91
1880-1889       92      0.32266  0.27787  0.50    1278     355    1100     3512   2.75
1880-1889       93      0.34103  0.29121  0.50     923     269     788     2412   2.61
1880-1889       94      0.36310  0.30691  0.50     654     201     553     1624   2.48
1880-1889       95      0.38325  0.32191  0.50     453     146     381     1072   2.36
1880-1889       96      0.40765  0.33815  0.50     307     104     255      691   2.25
1880-1889       97      0.42482  0.35013  0.50     203      71     168      436   2.14
1880-1889       98      0.45182  0.36785  0.49     132      49     108      268   2.03
1880-1889       99      0.49090  0.39592  0.51      84      33      67      161   1.92
1880-1889      100      0.51190  0.40530  0.49      50      20      40       93   1.85
1880-1889      101      0.54925  0.42901  0.49      30      13      23       53   1.78
1880-1889      102      0.55366  0.43218  0.49      17       7      13       30   1.74
1880-1889      103      0.56724  0.43794  0.48      10       4       8       16   1.69
1880-1889      104      0.62778  0.47083  0.47       5       3       4        9   1.64
1880-1889      105      0.57576  0.44882  0.51       3       1       2        5   1.68
1880-1889      106      0.64557  0.48571  0.49       2       1       1        3   1.63
1880-1889      107      0.75949  0.55556  0.52       1       0       1        1   1.71
1880-1889      108      0.28571  0.25000  0.50       0       0       0        1   2.21
1880-1889      109      0.66667  0.50000  0.50       0       0       0        0   1.78
1880-1889      110+     0.48649  1.00000  2.06       0       0       0        0   2.06
1890-1899        0      0.21576  0.18742  0.30  100000   18742   86864  3957600  39.58
1890-1899        1      0.06714  0.06484  0.47   81258    5269   78469  3870736  47.64
1890-1899        2      0.04678  0.04570  0.50   75989    3473   74240  3792267  49.91
1890-1899        3      0.03063  0.03017  0.50   72517    2188   71414  3718028  51.27
1890-1899        4      0.01921  0.01903  0.50   70329    1338   69654  3646614  51.85
1890-1899        5      0.01256  0.01248  0.50   68991     861   68558  3576960  51.85
1890-1899        6      0.00791  0.00788  0.50   68130     537   67859  3508402  51.50
1890-1899        7      0.00473  0.00472  0.50   67593     319   67433  3440543  50.90
1890-1899        8      0.00307  0.00307  0.50   67274     206   67172  3373110  50.14
1890-1899        9      0.00255  0.00254  0.50   67068     171   66983  3305938  49.29
1890-1899       10      0.00269  0.00269  0.50   66897     180   66808  3238955  48.42
1890-1899       11      0.00283  0.00282  0.50   66717     188   66624  3172146  47.55
1890-1899       12      0.00297  0.00297  0.50   66529     197   66431  3105522  46.68
1890-1899       13      0.00285  0.00284  0.50   66332     188   66238  3039092  45.82
1890-1899       14      0.00305  0.00305  0.50   66143     202   66043  2972854  44.95
1890-1899       15      0.00339  0.00339  0.51   65942     223   65831  2906811  44.08
1890-1899       16      0.00378  0.00377  0.51   65718     248   65596  2840980  43.23
1890-1899       17      0.00434  0.00433  0.51   65470     283   65331  2775385  42.39
1890-1899       18      0.01373  0.01365  0.56   65187     890   64798  2710053  41.57
1890-1899       19      0.02235  0.02211  0.52   64297    1421   63613  2645255  41.14
1890-1899       20      0.02703  0.02667  0.51   62876    1677   62047  2581642  41.06
1890-1899       21      0.02885  0.02844  0.50   61199    1741   60327  2519595  41.17
1890-1899       22      0.02860  0.02819  0.49   59458    1676   58611  2459268  41.36
1890-1899       23      0.02722  0.02685  0.49   57782    1552   56993  2400658  41.55
1890-1899       24      0.02522  0.02490  0.49   56230    1400   55517  2343664  41.68
1890-1899       25      0.02187  0.02163  0.48   54830    1186   54213  2288148  41.73
1890-1899       26      0.01745  0.01729  0.47   53644     928   53157  2233934  41.64
1890-1899       27      0.01301  0.01292  0.47   52717     681   52354  2180777  41.37
1890-1899       28      0.00922  0.00918  0.46   52035     477   51779  2128423  40.90
1890-1899       29      0.00627  0.00625  0.48   51558     322   51389  2076644  40.28
1890-1899       30      0.00551  0.00550  0.50   51236     282   51094  2025255  39.53
1890-1899       31      0.00513  0.00512  0.50   50954     261   50824  1974161  38.74
1890-1899       32      0.00519  0.00517  0.50   50693     262   50562  1923337  37.94
1890-1899       33      0.00537  0.00535  0.50   50431     270   50296  1872775  37.14
1890-1899       34      0.00531  0.00530  0.50   50161     266   50028  1822480  36.33
1890-1899       35      0.00548  0.00547  0.50   49895     273   49759  1772452  35.52
1890-1899       36      0.00554  0.00552  0.50   49623     274   49485  1722693  34.72
1890-1899       37      0.00562  0.00561  0.50   49348     277   49210  1673208  33.91
1890-1899       38      0.00592  0.00590  0.50   49072     290   48926  1623998  33.09
1890-1899       39      0.00598  0.00597  0.50   48782     291   48635  1575072  32.29
1890-1899       40      0.00633  0.00631  0.50   48491     306   48338  1526436  31.48
1890-1899       41      0.00655  0.00653  0.50   48185     315   48028  1478098  30.68
1890-1899       42      0.00703  0.00700  0.50   47871     335   47703  1430070  29.87
1890-1899       43      0.00754  0.00752  0.50   47535     357   47358  1382366  29.08
1890-1899       44      0.00849  0.00845  0.50   47178     399   46979  1335009  28.30
1890-1899       45      0.00934  0.00930  0.50   46779     435   46560  1288030  27.53
1890-1899       46      0.00967  0.00963  0.50   46345     446   46119  1241469  26.79
1890-1899       47      0.00983  0.00978  0.49   45899     449   45671  1195350  26.04
1890-1899       48      0.01021  0.01016  0.49   45450     462   45215  1149679  25.30
1890-1899       49      0.01046  0.01040  0.49   44988     468   44751  1104464  24.55
1890-1899       50      0.01114  0.01108  0.49   44520     493   44268  1059713  23.80
1890-1899       51      0.01132  0.01126  0.49   44027     496   43776  1015445  23.06
1890-1899       52      0.01177  0.01170  0.49   43531     509   43272   971669  22.32
1890-1899       53      0.01221  0.01213  0.49   43022     522   42757   928397  21.58
1890-1899       54      0.01246  0.01238  0.49   42500     526   42233   885641  20.84
1890-1899       55      0.01285  0.01277  0.49   41973     536   41703   843408  20.09
1890-1899       56      0.01392  0.01382  0.50   41437     573   41150   801705  19.35
1890-1899       57      0.01496  0.01485  0.50   40865     607   40562   760555  18.61
1890-1899       58      0.01649  0.01636  0.50   40258     659   39928   719993  17.88
1890-1899       59      0.01780  0.01764  0.50   39599     699   39251   680065  17.17
1890-1899       60      0.01947  0.01929  0.50   38900     750   38527   640814  16.47
1890-1899       61      0.02102  0.02081  0.50   38150     794   37754   602287  15.79
1890-1899       62      0.02315  0.02289  0.50   37357     855   36932   564532  15.11
1890-1899       63      0.02539  0.02508  0.50   36502     915   36045   527600  14.45
1890-1899       64      0.02771  0.02733  0.50   35586     973   35101   491555  13.81
1890-1899       65      0.03064  0.03018  0.50   34614    1045   34092   456454  13.19
1890-1899       66      0.03317  0.03263  0.50   33569    1095   33020   422363  12.58
1890-1899       67      0.03612  0.03548  0.50   32474    1152   31897   389343  11.99
1890-1899       68      0.03930  0.03854  0.50   31322    1207   30717   357446  11.41
1890-1899       69      0.04330  0.04239  0.50   30115    1276   29476   326728  10.85
1890-1899       70      0.04850  0.04735  0.50   28838    1365   28154   297252  10.31
1890-1899       71      0.05207  0.05075  0.50   27473    1394   26777   269098   9.80
1890-1899       72      0.05767  0.05605  0.50   26078    1462   25346   242321   9.29
1890-1899       73      0.06216  0.06029  0.50   24617    1484   23875   216975   8.81
1890-1899       74      0.06789  0.06566  0.50   23133    1519   22372   193100   8.35
1890-1899       75      0.07420  0.07154  0.50   21614    1546   20839   170728   7.90
1890-1899       76      0.08101  0.07785  0.50   20067    1562   19287   149889   7.47
1890-1899       77      0.08850  0.08474  0.50   18505    1568   17719   130602   7.06
1890-1899       78      0.09644  0.09201  0.50   16937    1558   16158   112883   6.66
1890-1899       79      0.10567  0.10037  0.50   15379    1544   14607    96725   6.29
1890-1899       80      0.11573  0.10943  0.50   13835    1514   13081    82118   5.94
1890-1899       81      0.12605  0.11859  0.50   12321    1461   11592    69036   5.60
1890-1899       82      0.13740  0.12860  0.50   10860    1397   10164    57444   5.29
1890-1899       83      0.14976  0.13936  0.50    9463    1319    8806    47280   5.00
1890-1899       84      0.16266  0.15040  0.50    8145    1225    7531    38474   4.72
1890-1899       85      0.17418  0.16024  0.50    6920    1109    6366    30943   4.47
1890-1899       86      0.18778  0.17165  0.50    5811     997    5312    24577   4.23
1890-1899       87      0.20156  0.18311  0.50    4813     881    4373    19266   4.00
1890-1899       88      0.21695  0.19563  0.50    3932     769    3546    14893   3.79
1890-1899       89      0.22958  0.20572  0.49    3163     651    2834    11347   3.59
1890-1899       90      0.24674  0.21941  0.50    2512     551    2234     8513   3.39
1890-1899       91      0.26402  0.23296  0.50    1961     457    1730     6279   3.20
1890-1899       92      0.28383  0.24828  0.50    1504     373    1316     4549   3.02
1890-1899       93      0.30516  0.26441  0.49    1131     299     980     3233   2.86
1890-1899       94      0.32448  0.27845  0.49     832     232     714     2253   2.71
1890-1899       95      0.34120  0.29087  0.49     600     175     512     1540   2.57
1890-1899       96      0.36320  0.30664  0.49     426     130     359     1028   2.42
1890-1899       97      0.38282  0.32003  0.49     295      94     247      669   2.27
1890-1899       98      0.41874  0.34397  0.48     201      69     165      422   2.10
1890-1899       99      0.45605  0.37107  0.50     132      49     107      257   1.95
1890-1899      100      0.53796  0.41870  0.47      83      35      64      150   1.81
1890-1899      101      0.53076  0.41574  0.48      48      20      38       86   1.78
1890-1899      102      0.54914  0.42679  0.48      28      12      22       48   1.71
1890-1899      103      0.56659  0.44189  0.50      16       7      13       26   1.62
1890-1899      104      0.60661  0.46224  0.49       9       4       7       14   1.50
1890-1899      105      0.67121  0.48936  0.45       5       2       4        7   1.38
1890-1899      106      0.79070  0.56667  0.50       2       1       2        3   1.27
1890-1899      107      0.72973  0.51923  0.44       1       1       1        1   1.28
1890-1899      108      0.86538  0.60000  0.49       1       0       0        1   1.18
1890-1899      109      0.68182  0.50000  0.47       0       0       0        0   1.23
1890-1899      110+     1.01283  1.00000  0.99       0       0       0        0   0.99
1900-1909        0      0.19563  0.17204  0.30  100000   17204   87942  4724173  47.24
1900-1909        1      0.06467  0.06257  0.48   82796    5180   80106  4636232  56.00
1900-1909        2      0.03360  0.03305  0.50   77616    2565   76327  4556126  58.70
1900-1909        3      0.01900  0.01882  0.50   75051    1413   74340  4479798  59.69
1900-1909        4      0.01182  0.01175  0.50   73638     865   73203  4405458  59.83
1900-1909        5      0.00760  0.00757  0.50   72773     551   72497  4332256  59.53
1900-1909        6      0.00575  0.00573  0.50   72222     414   72017  4259758  58.98
1900-1909        7      0.00450  0.00449  0.50   71808     322   71648  4187742  58.32
1900-1909        8      0.00407  0.00406  0.52   71486     290   71346  4116093  57.58
1900-1909        9      0.00405  0.00405  0.50   71196     288   71052  4044748  56.81
1900-1909       10      0.00387  0.00386  0.50   70908     274   70772  3973696  56.04
1900-1909       11      0.00350  0.00350  0.50   70634     247   70511  3902925  55.26
1900-1909       12      0.00355  0.00354  0.50   70387     249   70263  3832414  54.45
1900-1909       13      0.00333  0.00332  0.50   70137     233   70021  3762151  53.64
1900-1909       14      0.00374  0.00373  0.50   69905     261   69774  3692130  52.82
1900-1909       15      0.00432  0.00431  0.50   69644     300   69495  3622356  52.01
1900-1909       16      0.00497  0.00496  0.50   69344     344   69173  3552861  51.24
1900-1909       17      0.00556  0.00554  0.50   69000     382   68809  3483688  50.49
1900-1909       18      0.00666  0.00663  0.47   68617     455   68375  3414878  49.77
1900-1909       19      0.00532  0.00530  0.51   68162     362   67983  3346503  49.10
1900-1909       20      0.00563  0.00562  0.50   67801     381   67610  3278520  48.36
1900-1909       21      0.00527  0.00526  0.50   67420     355   67242  3210910  47.63
1900-1909       22      0.00502  0.00501  0.50   67065     336   66897  3143668  46.87
1900-1909       23      0.00483  0.00482  0.50   66729     321   66568  3076771  46.11
1900-1909       24      0.00458  0.00457  0.50   66408     304   66256  3010203  45.33
1900-1909       25      0.00450  0.00449  0.50   66104     297   65956  2943947  44.54
1900-1909       26      0.00439  0.00438  0.50   65808     289   65663  2877991  43.73
1900-1909       27      0.00427  0.00426  0.50   65519     279   65379  2812329  42.92
1900-1909       28      0.00428  0.00427  0.50   65240     279   65100  2746950  42.11
1900-1909       29      0.00414  0.00413  0.50   64961     268   64826  2681850  41.28
1900-1909       30      0.00437  0.00436  0.50   64692     282   64551  2617024  40.45
1900-1909       31      0.00464  0.00463  0.51   64411     298   64263  2552473  39.63
1900-1909       32      0.00497  0.00496  0.50   64112     318   63955  2488209  38.81
1900-1909       33      0.00570  0.00568  0.51   63794     362   63618  2424255  38.00
1900-1909       34      0.00643  0.00641  0.50   63432     406   63230  2360637  37.22
1900-1909       35      0.00686  0.00683  0.50   63026     431   62810  2297407  36.45
1900-1909       36      0.00688  0.00685  0.50   62595     429   62379  2234597  35.70
1900-1909       37      0.00677  0.00675  0.50   62166     419   61954  2172217  34.94
1900-1909       38      0.00667  0.00665  0.49   61747     411   61539  2110263  34.18
1900-1909       39      0.00660  0.00658  0.49   61336     403   61132  2048724  33.40
1900-1909       40      0.00677  0.00675  0.49   60933     411   60723  1987592  32.62
1900-1909       41      0.00652  0.00650  0.49   60522     393   60322  1926869  31.84
1900-1909       42      0.00648  0.00646  0.49   60128     388   59931  1866547  31.04
1900-1909       43      0.00631  0.00629  0.49   59740     376   59548  1806615  30.24
1900-1909       44      0.00608  0.00606  0.49   59364     360   59180  1747068  29.43
1900-1909       45      0.00593  0.00591  0.49   59004     349   58827  1687887  28.61
1900-1909       46      0.00617  0.00615  0.50   58655     361   58474  1629061  27.77
1900-1909       47      0.00643  0.00641  0.50   58294     374   58108  1570587  26.94
1900-1909       48      0.00688  0.00685  0.50   57921     397   57723  1512478  26.11
1900-1909       49      0.00736  0.00734  0.50   57524     422   57314  1454755  25.29
1900-1909       50      0.00810  0.00807  0.51   57102     461   56874  1397441  24.47
1900-1909       51      0.00874  0.00870  0.50   56641     493   56396  1340566  23.67
1900-1909       52      0.00941  0.00936  0.51   56148     526   55888  1284170  22.87
1900-1909       53      0.01038  0.01033  0.51   55622     574   55338  1228282  22.08
1900-1909       54      0.01145  0.01139  0.50   55048     627   54737  1172944  21.31
1900-1909       55      0.01261  0.01253  0.50   54421     682   54083  1118208  20.55
1900-1909       56      0.01363  0.01354  0.50   53739     728   53377  1064125  19.80
1900-1909       57      0.01500  0.01489  0.51   53011     790   52620  1010748  19.07
1900-1909       58      0.01626  0.01613  0.51   52222     842   51805   958128  18.35
1900-1909       59      0.01801  0.01785  0.50   51379     917   50924   906323  17.64
1900-1909       60      0.01984  0.01964  0.50   50462     991   49970   855398  16.95
1900-1909       61      0.02168  0.02145  0.50   49471    1061   48943   805428  16.28
1900-1909       62      0.02351  0.02324  0.50   48410    1125   47852   756486  15.63
1900-1909       63      0.02532  0.02501  0.50   47285    1182   46697   708634  14.99
1900-1909       64      0.02744  0.02707  0.50   46102    1248   45483   661937  14.36
1900-1909       65      0.02995  0.02952  0.50   44854    1324   44199   616454  13.74
1900-1909       66      0.03256  0.03204  0.50   43530    1395   42837   572255  13.15
1900-1909       67      0.03536  0.03475  0.50   42136    1464   41409   529418  12.56
1900-1909       68      0.03834  0.03762  0.50   40672    1530   39911   488009  12.00
1900-1909       69      0.04213  0.04127  0.50   39142    1615   38340   448097  11.45
1900-1909       70      0.04501  0.04403  0.51   37526    1652   36711   409758  10.92
1900-1909       71      0.04889  0.04774  0.51   35874    1713   35028   373047  10.40
1900-1909       72      0.05396  0.05256  0.51   34161    1796   33275   338019   9.89
1900-1909       73      0.05832  0.05669  0.51   32366    1835   31458   304743   9.42
1900-1909       74      0.06381  0.06186  0.51   30531    1889   29598   273286   8.95
1900-1909       75      0.06927  0.06698  0.51   28642    1918   27693   243688   8.51
1900-1909       76      0.07522  0.07252  0.50   26724    1938   25763   215994   8.08
1900-1909       77      0.08102  0.07790  0.51   24786    1931   23831   190231   7.67
1900-1909       78      0.08738  0.08375  0.50   22855    1914   21907   166401   7.28
1900-1909       79      0.09441  0.09018  0.50   20941    1889   20004   144494   6.90
1900-1909       80      0.10318  0.09814  0.50   19052    1870   18121   124490   6.53
1900-1909       81      0.11016  0.10444  0.50   17183    1795   16290   106369   6.19
1900-1909       82      0.11906  0.11238  0.50   15388    1729   14525    90078   5.85
1900-1909       83      0.12853  0.12079  0.50   13659    1650   12837    75553   5.53
1900-1909       84      0.13764  0.12881  0.50   12009    1547   11238    62717   5.22
1900-1909       85      0.14838  0.13815  0.50   10462    1445    9741    51478   4.92
1900-1909       86      0.15931  0.14755  0.50    9017    1330    8351    41738   4.63
1900-1909       87      0.17368  0.15974  0.50    7686    1228    7069    33386   4.34
1900-1909       88      0.18809  0.17179  0.50    6458    1109    5899    26317   4.07
1900-1909       89      0.20522  0.18600  0.50    5349     995    4848    20418   3.82
1900-1909       90      0.22357  0.20083  0.49    4354     874    3911    15570   3.58
1900-1909       91      0.24183  0.21547  0.49    3480     750    3100    11659   3.35
1900-1909       92      0.26407  0.23275  0.49    2730     635    2406     8558   3.14
1900-1909       93      0.28779  0.25097  0.49    2094     526    1827     6152   2.94
1900-1909       94      0.31054  0.26786  0.49    1569     420    1353     4326   2.76
1900-1909       95      0.33045  0.28247  0.49    1149     324     982     2973   2.59
1900-1909       96      0.36421  0.30693  0.49     824     253     695     1991   2.42
1900-1909       97      0.39828  0.33032  0.48     571     189     474     1296   2.27
1900-1909       98      0.42470  0.34787  0.48     383     133     313      822   2.15
1900-1909       99      0.43914  0.35792  0.48     249      89     203      509   2.04
1900-1909      100      0.47979  0.38499  0.49     160      62     129      306   1.91
1900-1909      101      0.51576  0.40724  0.48      99      40      78      177   1.80
1900-1909      102      0.53617  0.42016  0.49      58      25      46      100   1.71
1900-1909      103      0.60036  0.45655  0.48      34      15      26       54   1.59
1900-1909      104      0.65526  0.48874  0.48      18       9      14       28   1.52
1900-1909      105      0.64645  0.48458  0.48       9       5       7       14   1.52
1900-1909      106      0.59066  0.45726  0.51       5       2       4        7   1.50
1900-1909      107      0.72008  0.51969  0.46       3       1       2        4   1.34
1900-1909      108      0.77592  0.55738  0.49       1       1       1        2   1.29
1900-1909      109      0.56133  0.44444  0.53       1       0       0        1   1.29
1900-1909      110+     1.11245  1.00000  0.90       0       0       0        0   0.90
1910-1919        0      0.17233  0.15376  0.30  100000   15376   89223  4971570  49.72
1910-1919        1      0.06738  0.06508  0.48   84624    5508   81739  4882347  57.69
1910-1919        2      0.02971  0.02928  0.50   79117    2316   77958  4800608  60.68
1910-1919        3      0.01719  0.01704  0.50   76800    1309   76140  4722651  61.49
1910-1919        4      0.01187  0.01180  0.50   75492     891   75043  4646510  61.55
1910-1919        5      0.00839  0.00836  0.50   74601     623   74287  4571467  61.28
1910-1919        6      0.00650  0.00648  0.49   73978     480   73735  4497180  60.79
1910-1919        7      0.00498  0.00497  0.49   73498     365   73314  4423444  60.18
1910-1919        8      0.00386  0.00385  0.48   73133     281   72986  4350131  59.48
1910-1919        9      0.00276  0.00276  0.50   72851     201   72750  4277145  58.71
1910-1919       10      0.00241  0.00241  0.50   72650     175   72563  4204395  57.87
1910-1919       11      0.00214  0.00213  0.50   72476     155   72398  4131832  57.01
1910-1919       12      0.00203  0.00203  0.50   72321     147   72248  4059433  56.13
1910-1919       13      0.00200  0.00200  0.50   72174     144   72102  3987186  55.24
1910-1919       14      0.00220  0.00220  0.50   72030     158   71952  3915084  54.35
1910-1919       15      0.00243  0.00243  0.50   71872     174   71785  3843132  53.47
1910-1919       16      0.00278  0.00277  0.50   71697     199   71598  3771347  52.60
1910-1919       17      0.00315  0.00315  0.50   71499     225   71386  3699749  51.75
1910-1919       18      0.00359  0.00358  0.50   71273     255   71146  3628363  50.91
1910-1919       19      0.00379  0.00379  0.50   71018     269   70884  3557217  50.09
1910-1919       20      0.00420  0.00419  0.51   70749     297   70603  3486333  49.28
1910-1919       21      0.00480  0.00479  0.51   70453     338   70287  3415730  48.48
1910-1919       22      0.00605  0.00603  0.52   70115     423   69913  3345443  47.71
1910-1919       23      0.00799  0.00796  0.51   69692     555   69421  3275531  47.00
1910-1919       24      0.00897  0.00893  0.50   69138     617   68829  3206109  46.37
1910-1919       25      0.00914  0.00910  0.50   68521     623   68208  3137280  45.79
1910-1919       26      0.00872  0.00868  0.50   67898     589   67601  3069071  45.20
1910-1919       27      0.00835  0.00832  0.50   67308     560   67027  3001470  44.59
1910-1919       28      0.00821  0.00817  0.50   66749     546   66475  2934443  43.96
1910-1919       29      0.00794  0.00791  0.49   66203     523   65938  2867968  43.32
1910-1919       30      0.00769  0.00766  0.49   65680     503   65423  2802030  42.66
1910-1919       31      0.00668  0.00665  0.48   65176     434   64953  2736607  41.99
1910-1919       32      0.00596  0.00594  0.48   64743     384   64543  2671655  41.27
1910-1919       33      0.00475  0.00474  0.47   64358     305   64197  2607111  40.51
1910-1919       34      0.00375  0.00374  0.48   64053     239   63929  2542914  39.70
1910-1919       35      0.00320  0.00319  0.48   63814     204   63708  2478985  38.85
1910-1919       36      0.00297  0.00296  0.49   63610     188   63514  2415277  37.97
1910-1919       37      0.00293  0.00293  0.49   63422     186   63327  2351763  37.08
1910-1919       38      0.00290  0.00289  0.50   63236     183   63144  2288436  36.19
1910-1919       39      0.00297  0.00296  0.50   63053     187   62959  2225292  35.29
1910-1919       40      0.00315  0.00314  0.50   62866     197   62768  2162332  34.40
1910-1919       41      0.00332  0.00332  0.50   62669     208   62565  2099565  33.50
1910-1919       42      0.00357  0.00356  0.50   62461     223   62350  2037000  32.61
1910-1919       43      0.00383  0.00383  0.50   62238     238   62120  1974650  31.73
1910-1919       44      0.00411  0.00411  0.50   62000     255   61873  1912531  30.85
1910-1919       45      0.00460  0.00459  0.50   61746     284   61605  1850657  29.97
1910-1919       46      0.00501  0.00499  0.50   61462     307   61309  1789052  29.11
1910-1919       47      0.00542  0.00541  0.50   61155     331   60991  1727743  28.25
1910-1919       48      0.00604  0.00602  0.50   60825     366   60642  1666753  27.40
1910-1919       49      0.00668  0.00665  0.50   60458     402   60258  1606111  26.57
1910-1919       50      0.00740  0.00738  0.50   60056     443   59835  1545853  25.74
1910-1919       51      0.00806  0.00802  0.50   59613     478   59375  1486018  24.93
1910-1919       52      0.00883  0.00879  0.50   59135     520   58876  1426643  24.13
1910-1919       53      0.00971  0.00966  0.50   58615     566   58333  1367767  23.33
1910-1919       54      0.01078  0.01072  0.50   58049     622   57738  1309434  22.56
1910-1919       55      0.01166  0.01160  0.50   57426     666   57094  1251696  21.80
1910-1919       56      0.01281  0.01273  0.50   56760     723   56399  1194602  21.05
1910-1919       57      0.01402  0.01392  0.50   56038     780   55649  1138203  20.31
1910-1919       58      0.01519  0.01508  0.50   55258     833   54842  1082553  19.59
1910-1919       59      0.01679  0.01665  0.50   54425     906   53975  1027711  18.88
1910-1919       60      0.01807  0.01791  0.51   53518     958   53044   973736  18.19
1910-1919       61      0.01980  0.01961  0.50   52560    1031   52048   920692  17.52
1910-1919       62      0.02142  0.02119  0.50   51529    1092   50989   868644  16.86
1910-1919       63      0.02325  0.02298  0.50   50437    1159   49862   817655  16.21
1910-1919       64      0.02531  0.02500  0.51   49278    1232   48669   767793  15.58
1910-1919       65      0.02731  0.02695  0.50   48046    1295   47404   719124  14.97
1910-1919       66      0.02941  0.02898  0.50   46752    1355   46080   671720  14.37
1910-1919       67      0.03182  0.03132  0.51   45397    1422   44694   625640  13.78
1910-1919       68      0.03402  0.03346  0.50   43975    1471   43245   580946  13.21
1910-1919       69      0.03644  0.03579  0.50   42503    1521   41746   537701  12.65
1910-1919       70      0.03936  0.03860  0.50   40982    1582   40194   495955  12.10
1910-1919       71      0.04205  0.04119  0.50   39400    1623   38591   455761  11.57
1910-1919       72      0.04551  0.04450  0.50   37777    1681   36940   417171  11.04
1910-1919       73      0.04864  0.04749  0.50   36096    1714   35242   380231  10.53
1910-1919       74      0.05253  0.05118  0.50   34382    1760   33504   344989  10.03
1910-1919       75      0.05593  0.05441  0.50   32622    1775   31737   311485   9.55
1910-1919       76      0.05997  0.05822  0.50   30847    1796   29949   279748   9.07
1910-1919       77      0.06465  0.06262  0.50   29051    1819   28139   249799   8.60
1910-1919       78      0.06997  0.06760  0.50   27232    1841   26308   221660   8.14
1910-1919       79      0.07629  0.07347  0.50   25391    1866   24455   195352   7.69
1910-1919       80      0.08359  0.08022  0.50   23526    1887   22576   170897   7.26
1910-1919       81      0.09020  0.08627  0.50   21638    1867   20697   148321   6.85
1910-1919       82      0.09753  0.09294  0.49   19772    1838   18841   127623   6.45
1910-1919       83      0.10688  0.10140  0.49   17934    1818   17013   108783   6.07
1910-1919       84      0.11647  0.10995  0.49   16116    1772   15213    91769   5.69
1910-1919       85      0.12797  0.12014  0.49   14344    1723   13466    76556   5.34
1910-1919       86      0.14047  0.13110  0.49   12620    1655   11779    63090   5.00
1910-1919       87      0.15277  0.14173  0.49   10966    1554   10174    51311   4.68
1910-1919       88      0.16754  0.15437  0.49    9412    1453    8671    41138   4.37
1910-1919       89      0.18432  0.16847  0.49    7959    1341    7274    32466   4.08
1910-1919       90      0.19980  0.18130  0.49    6618    1200    6005    25192   3.81
1910-1919       91      0.22104  0.19859  0.49    5418    1076    4868    19187   3.54
1910-1919       92      0.24319  0.21617  0.49    4342     939    3860    14319   3.30
1910-1919       93      0.26380  0.23235  0.49    3404     791    2998    10460   3.07
1910-1919       94      0.28955  0.25217  0.49    2613     659    2275     7462   2.86
1910-1919       95      0.31824  0.27349  0.49    1954     534    1679     5186   2.65
1910-1919       96      0.34522  0.29312  0.49    1420     416    1205     3507   2.47
1910-1919       97      0.38325  0.32023  0.49    1003     321     838     2302   2.29
1910-1919       98      0.40936  0.33833  0.49     682     231     564     1464   2.15
1910-1919       99      0.44754  0.36432  0.49     451     164     367      900   1.99
1910-1919      100      0.49092  0.39237  0.49     287     113     229      532   1.86
1910-1919      101      0.52899  0.41704  0.49     174      73     137      303   1.74
1910-1919      102      0.58623  0.45046  0.49     102      46      78      166   1.63
1910-1919      103      0.59739  0.45985  0.50      56      26      43       88   1.57
1910-1919      104      0.64657  0.48381  0.48      30      15      23       45   1.48
1910-1919      105      0.69896  0.51366  0.48      16       8      11       22   1.41
1910-1919      106      0.74725  0.54191  0.49       8       4       5       11   1.40
1910-1919      107      0.61566  0.46014  0.45       3       2       3        5   1.46
1910-1919      108      0.74586  0.53607  0.48       2       1       1        2   1.32
1910-1919      109      0.62668  0.48198  0.52       1       0       1        1   1.31
1910-1919      110+     0.96423  1.00000  1.04       0       0       0        0   1.04
1920-1929        0      0.14508  0.13169  0.30  100000   13169   90770  5587413  55.87
1920-1929        1      0.04774  0.04657  0.48   86831    4044   84711  5496643  63.30
1920-1929        2      0.01728  0.01713  0.49   82787    1418   82066  5411932  65.37
1920-1929        3      0.00917  0.00913  0.49   81370     743   80994  5329866  65.50
1920-1929        4      0.00593  0.00591  0.49   80627     476   80385  5248872  65.10
1920-1929        5      0.00410  0.00409  0.49   80151     328   79983  5168487  64.48
1920-1929        6      0.00316  0.00315  0.49   79823     252   79695  5088504  63.75
1920-1929        7      0.00254  0.00254  0.49   79571     202   79468  5008809  62.95
1920-1929        8      0.00221  0.00221  0.49   79369     175   79280  4929341  62.11
1920-1929        9      0.00191  0.00191  0.49   79194     151   79116  4850061  61.24
1920-1929       10      0.00182  0.00181  0.49   79042     143   78970  4770945  60.36
1920-1929       11      0.00171  0.00171  0.49   78899     135   78831  4691975  59.47
1920-1929       12      0.00168  0.00168  0.50   78764     132   78698  4613144  58.57
1920-1929       13      0.00173  0.00173  0.50   78632     136   78564  4534447  57.67
1920-1929       14      0.00206  0.00206  0.50   78496     162   78416  4455882  56.77
1920-1929       15      0.00264  0.00264  0.50   78334     207   78232  4377466  55.88
1920-1929       16      0.00307  0.00306  0.50   78127     239   78007  4299235  55.03
1920-1929       17      0.00347  0.00347  0.50   77888     270   77752  4221227  54.20
1920-1929       18      0.00728  0.00725  0.52   77618     563   77349  4143475  53.38
1920-1929       19      0.00944  0.00940  0.51   77055     724   76704  4066126  52.77
1920-1929       20      0.01078  0.01073  0.50   76331     819   75924  3989423  52.26
1920-1929       21      0.01067  0.01062  0.50   75512     802   75108  3913499  51.83
1920-1929       22      0.00926  0.00921  0.48   74710     688   74351  3838391  51.38
1920-1929       23      0.00672  0.00669  0.47   74022     495   73758  3764040  50.85
1920-1929       24      0.00447  0.00446  0.47   73527     328   73352  3690282  50.19
1920-1929       25      0.00289  0.00289  0.47   73199     212   73086  3616929  49.41
1920-1929       26      0.00229  0.00228  0.48   72988     167   72902  3543843  48.55
1920-1929       27      0.00206  0.00206  0.49   72821     150   72745  3470941  47.66
1920-1929       28      0.00193  0.00193  0.50   72671     140   72601  3398197  46.76
1920-1929       29      0.00182  0.00181  0.49   72531     132   72465  3325596  45.85
1920-1929       30      0.00188  0.00188  0.50   72400     136   72331  3253131  44.93
1920-1929       31      0.00186  0.00186  0.50   72264     134   72196  3180800  44.02
1920-1929       32      0.00189  0.00189  0.50   72129     136   72061  3108604  43.10
1920-1929       33      0.00197  0.00196  0.50   71993     141   71922  3036543  42.18
1920-1929       34      0.00206  0.00206  0.50   71852     148   71777  2964621  41.26
1920-1929       35      0.00211  0.00211  0.50   71703     151   71628  2892844  40.34
1920-1929       36      0.00225  0.00224  0.50   71552     161   71472  2821216  39.43
1920-1929       37      0.00241  0.00241  0.49   71392     172   71305  2749745  38.52
1920-1929       38      0.00255  0.00255  0.50   71220     182   71129  2678440  37.61
1920-1929       39      0.00277  0.00277  0.50   71038     197   70940  2607311  36.70
1920-1929       40      0.00304  0.00304  0.50   70842     215   70734  2536371  35.80
1920-1929       41      0.00320  0.00319  0.50   70627     226   70514  2465637  34.91
1920-1929       42      0.00348  0.00348  0.50   70401     245   70279  2395123  34.02
1920-1929       43      0.00379  0.00379  0.50   70156     266   70024  2324844  33.14
1920-1929       44      0.00413  0.00412  0.50   69891     288   69746  2254821  32.26
1920-1929       45      0.00455  0.00454  0.50   69602     316   69445  2185074  31.39
1920-1929       46      0.00502  0.00500  0.50   69287     347   69115  2115630  30.53
1920-1929       47      0.00549  0.00547  0.50   68940     377   68752  2046515  29.69
1920-1929       48      0.00605  0.00603  0.50   68563     414   68356  1977763  28.85
1920-1929       49      0.00666  0.00664  0.50   68149     452   67924  1909407  28.02
1920-1929       50      0.00724  0.00722  0.50   67697     489   67455  1841483  27.20
1920-1929       51      0.00802  0.00799  0.50   67208     537   66942  1774029  26.40
1920-1929       52      0.00876  0.00872  0.50   66671     582   66383  1707086  25.60
1920-1929       53      0.00942  0.00937  0.50   66090     619   65782  1640704  24.83
1920-1929       54      0.01031  0.01025  0.50   65470     671   65135  1574922  24.06
1920-1929       55      0.01116  0.01110  0.50   64799     719   64441  1509786  23.30
1920-1929       56      0.01221  0.01213  0.50   64080     778   63693  1445345  22.56
1920-1929       57      0.01315  0.01307  0.50   63302     827   62891  1381652  21.83
1920-1929       58      0.01398  0.01388  0.50   62475     867   62044  1318761  21.11
1920-1929       59      0.01504  0.01492  0.50   61608     919   61150  1256716  20.40
1920-1929       60      0.01622  0.01609  0.50   60688     976   60201  1195566  19.70
1920-1929       61      0.01756  0.01741  0.50   59712    1039   59192  1135365  19.01
1920-1929       62      0.01873  0.01856  0.50   58672    1089   58130  1076173  18.34
1920-1929       63      0.01986  0.01967  0.50   57584    1133   57017  1018043  17.68
1920-1929       64      0.02127  0.02105  0.50   56451    1188   55857   961027  17.02
1920-1929       65      0.02262  0.02237  0.50   55263    1236   54643   905170  16.38
1920-1929       66      0.02424  0.02395  0.50   54027    1294   53378   850526  15.74
1920-1929       67      0.02602  0.02569  0.50   52733    1355   52052   797148  15.12
1920-1929       68      0.02761  0.02723  0.50   51378    1399   50674   745096  14.50
1920-1929       69      0.02968  0.02924  0.50   49979    1461   49242   694422  13.89
1920-1929       70      0.03167  0.03117  0.49   48518    1512   47753   645180  13.30
1920-1929       71      0.03417  0.03359  0.49   47006    1579   46206   597427  12.71
1920-1929       72      0.03650  0.03584  0.49   45427    1628   44600   551221  12.13
1920-1929       73      0.03920  0.03843  0.49   43799    1683   42944   506621  11.57
1920-1929       74      0.04208  0.04120  0.49   42116    1735   41230   463677  11.01
1920-1929       75      0.04565  0.04461  0.49   40380    1802   39464   422448  10.46
1920-1929       76      0.04921  0.04800  0.49   38579    1852   37635   382984   9.93
1920-1929       77      0.05268  0.05130  0.49   36727    1884   35767   345349   9.40
1920-1929       78      0.05702  0.05541  0.49   34843    1931   33857   309582   8.89
1920-1929       79      0.06199  0.06009  0.49   32912    1978   31904   275725   8.38
1920-1929       80      0.06828  0.06598  0.49   30935    2041   29893   243820   7.88
1920-1929       81      0.07454  0.07181  0.49   28894    2075   27833   213928   7.40
1920-1929       82      0.08247  0.07915  0.49   26819    2123   25738   186094   6.94
1920-1929       83      0.09057  0.08656  0.49   24696    2138   23604   160356   6.49
1920-1929       84      0.10000  0.09515  0.49   22558    2146   21465   136752   6.06
1920-1929       85      0.11033  0.10448  0.49   20412    2133   19329   115287   5.65
1920-1929       86      0.12289  0.11568  0.49   18279    2114   17206    95958   5.25
1920-1929       87      0.13698  0.12811  0.49   16165    2071   15119    78752   4.87
1920-1929       88      0.15362  0.14256  0.50   14094    2009   13080    63633   4.51
1920-1929       89      0.17019  0.15678  0.50   12085    1895   11132    50554   4.18
1920-1929       90      0.18966  0.17321  0.50   10190    1765    9306    39421   3.87
1920-1929       91      0.21354  0.19290  0.50    8425    1625    7611    30115   3.57
1920-1929       92      0.23668  0.21158  0.50    6800    1439    6079    22504   3.31
1920-1929       93      0.26427  0.23346  0.50    5361    1252    4736    16426   3.06
1920-1929       94      0.28973  0.25312  0.50    4110    1040    3590    11690   2.84
1920-1929       95      0.31918  0.27496  0.50    3069     844    2644     8099   2.64
1920-1929       96      0.35100  0.29823  0.50    2225     664    1891     5455   2.45
1920-1929       97      0.38408  0.32169  0.49    1562     502    1308     3564   2.28
1920-1929       98      0.41244  0.34110  0.49    1059     361     876     2256   2.13
1920-1929       99      0.45255  0.36858  0.50     698     257     568     1380   1.98
1920-1929      100      0.50252  0.40043  0.49     441     176     351      812   1.84
1920-1929      101      0.51594  0.40959  0.50     264     108     210      461   1.74
1920-1929      102      0.60377  0.46071  0.49     156      72     119      251   1.61
1920-1929      103      0.60359  0.46395  0.50      84      39      65      132   1.57
1920-1929      104      0.64652  0.48192  0.47      45      22      34       67   1.49
1920-1929      105      0.68028  0.50285  0.48      23      12      17       33   1.43
1920-1929      106      0.74725  0.54191  0.49      12       6       8       16   1.40
1920-1929      107      0.61512  0.45908  0.45       5       2       4        8   1.47
1920-1929      108      0.74940  0.53800  0.48       3       2       2        4   1.33
1920-1929      109      0.61567  0.47594  0.52       1       1       1        2   1.33
1920-1929      110+     0.94779  1.00000  1.06       1       1       1        1   1.06
