Hungary, Life tables (period 1x10), Males	Last modified: 30 Nov 2021;  Methods Protocol: v6 (2017)

  Year          Age         mx       qx    ax      lx      dx      Lx       Tx     ex
1950-1959        0      0.07664  0.07262  0.28  100000    7262   94758  6294912  62.95
1950-1959        1      0.00572  0.00570  0.50   92738     529   92473  6200154  66.86
1950-1959        2      0.00221  0.00221  0.50   92209     204   92107  6107681  66.24
1950-1959        3      0.00148  0.00148  0.50   92005     136   91937  6015574  65.38
1950-1959        4      0.00112  0.00112  0.50   91869     103   91817  5923637  64.48
1950-1959        5      0.00094  0.00094  0.50   91765      86   91722  5831820  63.55
1950-1959        6      0.00094  0.00094  0.50   91679      86   91636  5740097  62.61
1950-1959        7      0.00085  0.00085  0.50   91593      78   91554  5648461  61.67
1950-1959        8      0.00077  0.00077  0.50   91515      71   91480  5556907  60.72
1950-1959        9      0.00074  0.00074  0.50   91445      68   91411  5465427  59.77
1950-1959       10      0.00079  0.00079  0.50   91377      72   91341  5374016  58.81
1950-1959       11      0.00071  0.00071  0.50   91305      65   91273  5282675  57.86
1950-1959       12      0.00078  0.00078  0.50   91241      71   91205  5191402  56.90
1950-1959       13      0.00083  0.00083  0.50   91169      75   91131  5100197  55.94
1950-1959       14      0.00092  0.00092  0.50   91094      84   91052  5009066  54.99
1950-1959       15      0.00108  0.00108  0.50   91010      99   90961  4918014  54.04
1950-1959       16      0.00134  0.00134  0.50   90911     122   90850  4827054  53.10
1950-1959       17      0.00157  0.00157  0.50   90789     143   90718  4736203  52.17
1950-1959       18      0.00185  0.00185  0.50   90647     167   90563  4645485  51.25
1950-1959       19      0.00199  0.00199  0.50   90479     180   90389  4554922  50.34
1950-1959       20      0.00227  0.00226  0.50   90299     204   90197  4464533  49.44
1950-1959       21      0.00235  0.00235  0.50   90095     211   89989  4374336  48.55
1950-1959       22      0.00234  0.00234  0.50   89883     211   89778  4284347  47.67
1950-1959       23      0.00230  0.00229  0.50   89673     206   89570  4194569  46.78
1950-1959       24      0.00221  0.00220  0.50   89467     197   89368  4104999  45.88
1950-1959       25      0.00218  0.00218  0.50   89270     194   89173  4015631  44.98
1950-1959       26      0.00225  0.00225  0.50   89076     200   88975  3926458  44.08
1950-1959       27      0.00229  0.00229  0.50   88875     203   88774  3837482  43.18
1950-1959       28      0.00234  0.00233  0.50   88672     207   88568  3748709  42.28
1950-1959       29      0.00240  0.00240  0.50   88465     212   88359  3660140  41.37
1950-1959       30      0.00239  0.00239  0.50   88253     211   88148  3571781  40.47
1950-1959       31      0.00236  0.00236  0.50   88042     207   87939  3483634  39.57
1950-1959       32      0.00231  0.00230  0.50   87835     202   87734  3395695  38.66
1950-1959       33      0.00240  0.00240  0.50   87633     210   87528  3307961  37.75
1950-1959       34      0.00252  0.00252  0.50   87422     220   87312  3220434  36.84
1950-1959       35      0.00269  0.00268  0.50   87202     234   87085  3133122  35.93
1950-1959       36      0.00275  0.00275  0.50   86968     239   86848  3046037  35.02
1950-1959       37      0.00319  0.00318  0.50   86729     276   86591  2959188  34.12
1950-1959       38      0.00326  0.00326  0.50   86453     281   86312  2872597  33.23
1950-1959       39      0.00332  0.00331  0.50   86171     286   86029  2786285  32.33
1950-1959       40      0.00369  0.00368  0.50   85886     316   85728  2700257  31.44
1950-1959       41      0.00403  0.00402  0.50   85570     344   85398  2614529  30.55
1950-1959       42      0.00434  0.00433  0.50   85226     369   85041  2529131  29.68
1950-1959       43      0.00468  0.00467  0.50   84857     396   84659  2444090  28.80
1950-1959       44      0.00496  0.00495  0.50   84461     418   84252  2359431  27.94
1950-1959       45      0.00538  0.00537  0.50   84043     451   83817  2275179  27.07
1950-1959       46      0.00581  0.00580  0.50   83592     485   83350  2191362  26.22
1950-1959       47      0.00658  0.00656  0.50   83107     545   82835  2108013  25.36
1950-1959       48      0.00697  0.00694  0.50   82562     573   82276  2025178  24.53
1950-1959       49      0.00776  0.00773  0.50   81989     633   81672  1942902  23.70
1950-1959       50      0.00859  0.00856  0.50   81356     696   81007  1861230  22.88
1950-1959       51      0.00953  0.00948  0.50   80659     765   80277  1780223  22.07
1950-1959       52      0.01046  0.01041  0.50   79895     831   79479  1699945  21.28
1950-1959       53      0.01137  0.01131  0.50   79063     894   78616  1620466  20.50
1950-1959       54      0.01262  0.01254  0.50   78169     981   77679  1541850  19.72
1950-1959       55      0.01364  0.01354  0.50   77189    1045   76666  1464171  18.97
1950-1959       56      0.01490  0.01479  0.50   76143    1126   75580  1387505  18.22
1950-1959       57      0.01655  0.01642  0.50   75017    1231   74401  1311925  17.49
1950-1959       58      0.01807  0.01791  0.50   73785    1321   73125  1237524  16.77
1950-1959       59      0.01959  0.01940  0.50   72464    1405   71761  1164399  16.07
1950-1959       60      0.02178  0.02154  0.50   71059    1531   70293  1092638  15.38
1950-1959       61      0.02362  0.02335  0.50   69528    1623   68716  1022344  14.70
1950-1959       62      0.02619  0.02586  0.50   67905    1756   67027   953628  14.04
1950-1959       63      0.02830  0.02791  0.50   66149    1846   65226   886601  13.40
1950-1959       64      0.03150  0.03101  0.50   64303    1994   63306   821375  12.77
1950-1959       65      0.03402  0.03345  0.50   62309    2084   61267   758069  12.17
1950-1959       66      0.03627  0.03563  0.50   60225    2146   59152   696802  11.57
1950-1959       67      0.04037  0.03957  0.50   58079    2298   56930   637650  10.98
1950-1959       68      0.04428  0.04332  0.50   55781    2417   54573   580720  10.41
1950-1959       69      0.04806  0.04693  0.50   53365    2504   52112   526147   9.86
1950-1959       70      0.05262  0.05127  0.50   50860    2608   49556   474034   9.32
1950-1959       71      0.05822  0.05657  0.50   48252    2730   46888   424478   8.80
1950-1959       72      0.06403  0.06204  0.50   45523    2824   44111   377590   8.29
1950-1959       73      0.06970  0.06735  0.50   42698    2876   41260   333480   7.81
1950-1959       74      0.07808  0.07515  0.50   39823    2993   38326   292219   7.34
1950-1959       75      0.08628  0.08271  0.50   36830    3046   35307   253893   6.89
1950-1959       76      0.09589  0.09151  0.50   33784    3091   32238   218586   6.47
1950-1959       77      0.10498  0.09975  0.50   30692    3062   29162   186348   6.07
1950-1959       78      0.11496  0.10871  0.50   27631    3004   26129   157187   5.69
1950-1959       79      0.12471  0.11739  0.50   24627    2891   23181   131058   5.32
1950-1959       80      0.13960  0.13049  0.50   21736    2836   20318   107876   4.96
1950-1959       81      0.15386  0.14287  0.50   18900    2700   17549    87559   4.63
1950-1959       82      0.17002  0.15670  0.50   16199    2538   14930    70009   4.32
1950-1959       83      0.18972  0.17328  0.50   13661    2367   12477    55079   4.03
1950-1959       84      0.20569  0.18651  0.50   11294    2106   10240    42602   3.77
1950-1959       85      0.22893  0.20542  0.50    9187    1887    8244    32361   3.52
1950-1959       86      0.24692  0.21978  0.50    7300    1604    6498    24118   3.30
1950-1959       87      0.27070  0.23843  0.50    5696    1358    5017    17620   3.09
1950-1959       88      0.28961  0.25298  0.50    4338    1097    3789    12603   2.91
1950-1959       89      0.31615  0.27299  0.50    3240     885    2798     8814   2.72
1950-1959       90      0.34418  0.29365  0.50    2356     692    2010     6016   2.55
1950-1959       91      0.35582  0.30208  0.50    1664     503    1413     4006   2.41
1950-1959       92      0.40653  0.33785  0.50    1161     392     965     2594   2.23
1950-1959       93      0.43022  0.35406  0.50     769     272     633     1628   2.12
1950-1959       94      0.46633  0.37816  0.50     497     188     403      996   2.00
1950-1959       95      0.48406  0.38973  0.50     309     120     249      593   1.92
1950-1959       96      0.51325  0.40843  0.50     188      77     150      344   1.83
1950-1959       97      0.54235  0.42665  0.50     112      48      88      194   1.74
1950-1959       98      0.57116  0.44428  0.50      64      28      50      106   1.66
1950-1959       99      0.59950  0.46124  0.50      36      16      27       57   1.60
1950-1959      100      0.62719  0.47746  0.50      19       9      15       29   1.53
1950-1959      101      0.65407  0.49288  0.50      10       5       8       15   1.48
1950-1959      102      0.68000  0.50746  0.50       5       3       4        7   1.43
1950-1959      103      0.70486  0.52118  0.50       2       1       2        3   1.38
1950-1959      104      0.72857  0.53403  0.50       1       1       1        2   1.34
1950-1959      105      0.75104  0.54600  0.50       1       0       0        1   1.30
1950-1959      106      0.77223  0.55712  0.50       0       0       0        0   1.27
1950-1959      107      0.79212  0.56740  0.50       0       0       0        0   1.24
1950-1959      108      0.81070  0.57687  0.50       0       0       0        0   1.22
1950-1959      109      0.82797  0.58556  0.50       0       0       0        0   1.20
1950-1959      110+     0.84398  1.00000  1.18       0       0       0        0   1.18
1960-1969        0      0.04641  0.04470  0.18  100000    4470   96332  6661017  66.61
1960-1969        1      0.00288  0.00287  0.50   95530     274   95392  6564685  68.72
1960-1969        2      0.00122  0.00122  0.50   95255     117   95197  6469292  67.92
1960-1969        3      0.00084  0.00084  0.50   95139      80   95099  6374095  67.00
1960-1969        4      0.00065  0.00065  0.50   95058      62   95027  6278997  66.05
1960-1969        5      0.00055  0.00055  0.50   94996      53   94970  6183969  65.10
1960-1969        6      0.00051  0.00051  0.50   94944      48   94920  6088999  64.13
1960-1969        7      0.00052  0.00052  0.50   94895      49   94871  5994080  63.17
1960-1969        8      0.00047  0.00047  0.50   94847      44   94824  5899209  62.20
1960-1969        9      0.00044  0.00044  0.50   94802      42   94781  5804384  61.23
1960-1969       10      0.00046  0.00046  0.50   94760      43   94738  5709603  60.25
1960-1969       11      0.00046  0.00046  0.50   94717      44   94695  5614865  59.28
1960-1969       12      0.00046  0.00046  0.50   94673      44   94651  5520170  58.31
1960-1969       13      0.00052  0.00052  0.50   94630      49   94605  5425518  57.33
1960-1969       14      0.00063  0.00063  0.50   94580      60   94551  5330913  56.36
1960-1969       15      0.00068  0.00068  0.50   94521      64   94489  5236363  55.40
1960-1969       16      0.00087  0.00087  0.50   94456      82   94415  5141874  54.44
1960-1969       17      0.00106  0.00106  0.50   94375     100   94325  5047459  53.48
1960-1969       18      0.00123  0.00123  0.50   94275     116   94217  4953134  52.54
1960-1969       19      0.00147  0.00147  0.50   94159     139   94090  4858917  51.60
1960-1969       20      0.00147  0.00147  0.50   94020     138   93951  4764827  50.68
1960-1969       21      0.00140  0.00140  0.50   93882     132   93816  4670876  49.75
1960-1969       22      0.00153  0.00153  0.50   93750     143   93679  4577060  48.82
1960-1969       23      0.00155  0.00155  0.50   93607     145   93534  4483381  47.90
1960-1969       24      0.00155  0.00155  0.50   93462     145   93389  4389847  46.97
1960-1969       25      0.00151  0.00151  0.50   93317     141   93246  4296458  46.04
1960-1969       26      0.00161  0.00161  0.50   93176     150   93101  4203211  45.11
1960-1969       27      0.00160  0.00160  0.50   93026     149   92952  4110110  44.18
1960-1969       28      0.00159  0.00158  0.50   92877     147   92804  4017158  43.25
1960-1969       29      0.00167  0.00166  0.50   92730     154   92653  3924355  42.32
1960-1969       30      0.00173  0.00173  0.50   92576     160   92496  3831702  41.39
1960-1969       31      0.00191  0.00191  0.50   92416     176   92327  3739206  40.46
1960-1969       32      0.00196  0.00196  0.50   92239     181   92149  3646878  39.54
1960-1969       33      0.00212  0.00212  0.50   92058     195   91961  3554730  38.61
1960-1969       34      0.00211  0.00211  0.50   91864     194   91767  3462768  37.69
1960-1969       35      0.00222  0.00221  0.50   91670     203   91569  3371002  36.77
1960-1969       36      0.00245  0.00245  0.50   91467     224   91355  3279433  35.85
1960-1969       37      0.00254  0.00253  0.50   91243     231   91128  3188078  34.94
1960-1969       38      0.00274  0.00274  0.50   91012     249   90887  3096950  34.03
1960-1969       39      0.00295  0.00294  0.50   90763     267   90629  3006062  33.12
1960-1969       40      0.00313  0.00313  0.50   90496     283   90354  2915433  32.22
1960-1969       41      0.00340  0.00340  0.50   90213     306   90060  2825079  31.32
1960-1969       42      0.00362  0.00362  0.50   89906     325   89744  2735020  30.42
1960-1969       43      0.00390  0.00389  0.50   89581     349   89407  2645276  29.53
1960-1969       44      0.00406  0.00406  0.50   89233     362   89052  2555869  28.64
1960-1969       45      0.00446  0.00445  0.50   88871     396   88673  2466817  27.76
1960-1969       46      0.00492  0.00491  0.50   88475     434   88258  2378145  26.88
1960-1969       47      0.00538  0.00536  0.50   88041     472   87805  2289887  26.01
1960-1969       48      0.00595  0.00594  0.50   87568     520   87309  2202082  25.15
1960-1969       49      0.00631  0.00630  0.50   87049     548   86775  2114774  24.29
1960-1969       50      0.00702  0.00700  0.50   86501     605   86198  2027999  23.44
1960-1969       51      0.00771  0.00768  0.50   85895     660   85565  1941801  22.61
1960-1969       52      0.00840  0.00837  0.50   85236     713   84879  1856236  21.78
1960-1969       53      0.00947  0.00942  0.50   84522     797   84124  1771357  20.96
1960-1969       54      0.01066  0.01060  0.50   83726     888   83282  1687232  20.15
1960-1969       55      0.01168  0.01161  0.50   82838     962   82357  1603950  19.36
1960-1969       56      0.01321  0.01313  0.50   81876    1075   81339  1521593  18.58
1960-1969       57      0.01456  0.01445  0.50   80802    1168   80218  1440254  17.82
1960-1969       58      0.01644  0.01631  0.50   79634    1299   78984  1360036  17.08
1960-1969       59      0.01780  0.01765  0.50   78335    1382   77644  1281052  16.35
1960-1969       60      0.02035  0.02015  0.50   76953    1551   76177  1203408  15.64
1960-1969       61      0.02196  0.02172  0.50   75402    1638   74583  1127230  14.95
1960-1969       62      0.02428  0.02399  0.50   73764    1769   72879  1052647  14.27
1960-1969       63      0.02733  0.02696  0.50   71995    1941   71024   979768  13.61
1960-1969       64      0.02954  0.02911  0.50   70053    2039   69034   908744  12.97
1960-1969       65      0.03265  0.03213  0.50   68014    2185   66922   839710  12.35
1960-1969       66      0.03614  0.03550  0.50   65829    2337   64661   772788  11.74
1960-1969       67      0.03870  0.03797  0.50   63492    2411   62287   708128  11.15
1960-1969       68      0.04315  0.04224  0.50   61082    2580   59792   645841  10.57
1960-1969       69      0.04744  0.04634  0.50   58502    2711   57146   586049  10.02
1960-1969       70      0.05262  0.05127  0.50   55790    2860   54360   528903   9.48
1960-1969       71      0.05787  0.05624  0.50   52930    2977   51442   474543   8.97
1960-1969       72      0.06299  0.06106  0.50   49953    3050   48428   423102   8.47
1960-1969       73      0.06923  0.06692  0.50   46903    3139   45333   374674   7.99
1960-1969       74      0.07517  0.07245  0.50   43764    3171   42179   329340   7.53
1960-1969       75      0.08300  0.07969  0.50   40593    3235   38976   287162   7.07
1960-1969       76      0.09163  0.08761  0.50   37358    3273   35722   248186   6.64
1960-1969       77      0.10104  0.09618  0.50   34085    3278   32446   212464   6.23
1960-1969       78      0.11239  0.10641  0.50   30807    3278   29168   180018   5.84
1960-1969       79      0.12118  0.11426  0.50   27529    3145   25956   150850   5.48
1960-1969       80      0.13439  0.12593  0.50   24383    3071   22848   124894   5.12
1960-1969       81      0.14871  0.13841  0.50   21313    2950   19838   102046   4.79
1960-1969       82      0.16441  0.15192  0.50   18363    2790   16968    82208   4.48
1960-1969       83      0.17869  0.16403  0.50   15573    2555   14296    65240   4.19
1960-1969       84      0.19736  0.17963  0.50   13019    2339   11849    50944   3.91
1960-1969       85      0.21524  0.19432  0.50   10680    2075    9642    39095   3.66
1960-1969       86      0.23959  0.21396  0.50    8605    1841    7684    29453   3.42
1960-1969       87      0.25607  0.22700  0.50    6764    1535    5996    21769   3.22
1960-1969       88      0.27348  0.24058  0.50    5228    1258    4599    15773   3.02
1960-1969       89      0.30634  0.26565  0.50    3970    1055    3443    11174   2.81
1960-1969       90      0.32531  0.27980  0.50    2916     816    2508     7731   2.65
1960-1969       91      0.34555  0.29464  0.50    2100     619    1791     5223   2.49
1960-1969       92      0.38362  0.32188  0.50    1481     477    1243     3432   2.32
1960-1969       93      0.42079  0.34765  0.50    1004     349     830     2190   2.18
1960-1969       94      0.44948  0.36700  0.50     655     240     535     1360   2.08
1960-1969       95      0.46486  0.37719  0.50     415     156     337      825   1.99
1960-1969       96      0.49349  0.39582  0.50     258     102     207      488   1.89
1960-1969       97      0.52216  0.41406  0.50     156      65     124      281   1.80
1960-1969       98      0.55069  0.43180  0.50      91      39      72      157   1.72
1960-1969       99      0.57889  0.44895  0.50      52      23      40       86   1.65
1960-1969      100      0.60659  0.46543  0.50      29      13      22       45   1.58
1960-1969      101      0.63362  0.48118  0.50      15       7      12       23   1.52
1960-1969      102      0.65983  0.49614  0.50       8       4       6       12   1.47
1960-1969      103      0.68510  0.51029  0.50       4       2       3        6   1.42
1960-1969      104      0.70931  0.52361  0.50       2       1       1        3   1.37
1960-1969      105      0.73240  0.53608  0.50       1       1       1        1   1.34
1960-1969      106      0.75428  0.54771  0.50       0       0       0        1   1.30
1960-1969      107      0.77493  0.55852  0.50       0       0       0        0   1.27
1960-1969      108      0.79431  0.56852  0.50       0       0       0        0   1.24
1960-1969      109      0.81243  0.57774  0.50       0       0       0        0   1.22
1960-1969      110+     0.82929  1.00000  1.21       0       0       0        0   1.21
1970-1979        0      0.03534  0.03431  0.14  100000    3431   97062  6642679  66.43
1970-1979        1      0.00142  0.00142  0.50   96569     137   96501  6545618  67.78
1970-1979        2      0.00081  0.00080  0.50   96432      78   96393  6449117  66.88
1970-1979        3      0.00054  0.00054  0.50   96354      52   96329  6352724  65.93
1970-1979        4      0.00051  0.00051  0.50   96303      49   96278  6256395  64.97
1970-1979        5      0.00050  0.00050  0.50   96254      48   96230  6160117  64.00
1970-1979        6      0.00043  0.00043  0.50   96206      41   96185  6063887  63.03
1970-1979        7      0.00041  0.00041  0.50   96165      39   96145  5967702  62.06
1970-1979        8      0.00037  0.00037  0.50   96126      35   96108  5871557  61.08
1970-1979        9      0.00040  0.00040  0.50   96090      38   96071  5775449  60.10
1970-1979       10      0.00035  0.00035  0.50   96052      34   96035  5679378  59.13
1970-1979       11      0.00038  0.00038  0.50   96018      36   96000  5583343  58.15
1970-1979       12      0.00038  0.00038  0.50   95981      37   95963  5487343  57.17
1970-1979       13      0.00045  0.00045  0.50   95945      43   95923  5391380  56.19
1970-1979       14      0.00060  0.00060  0.50   95901      57   95873  5295457  55.22
1970-1979       15      0.00062  0.00062  0.50   95844      60   95814  5199585  54.25
1970-1979       16      0.00076  0.00076  0.50   95784      73   95748  5103771  53.28
1970-1979       17      0.00106  0.00105  0.50   95712     101   95661  5008023  52.32
1970-1979       18      0.00131  0.00131  0.50   95611     125   95548  4912361  51.38
1970-1979       19      0.00146  0.00145  0.50   95485     139   95416  4816813  50.45
1970-1979       20      0.00143  0.00142  0.50   95346     136   95279  4721397  49.52
1970-1979       21      0.00143  0.00143  0.50   95211     136   95143  4626119  48.59
1970-1979       22      0.00148  0.00148  0.50   95075     141   95004  4530976  47.66
1970-1979       23      0.00140  0.00140  0.50   94934     133   94867  4435972  46.73
1970-1979       24      0.00149  0.00149  0.50   94801     141   94730  4341104  45.79
1970-1979       25      0.00149  0.00149  0.50   94660     141   94589  4246374  44.86
1970-1979       26      0.00160  0.00160  0.50   94519     151   94443  4151785  43.93
1970-1979       27      0.00154  0.00154  0.50   94368     145   94295  4057341  42.99
1970-1979       28      0.00165  0.00164  0.50   94223     155   94145  3963046  42.06
1970-1979       29      0.00168  0.00168  0.50   94068     158   93989  3868901  41.13
1970-1979       30      0.00195  0.00195  0.50   93910     183   93818  3774912  40.20
1970-1979       31      0.00205  0.00204  0.50   93726     192   93631  3681094  39.27
1970-1979       32      0.00211  0.00211  0.50   93535     197   93436  3587463  38.35
1970-1979       33      0.00234  0.00234  0.50   93338     218   93229  3494027  37.43
1970-1979       34      0.00241  0.00241  0.50   93120     224   93008  3400798  36.52
1970-1979       35      0.00267  0.00266  0.50   92896     247   92772  3307790  35.61
1970-1979       36      0.00284  0.00284  0.50   92648     263   92517  3215019  34.70
1970-1979       37      0.00304  0.00304  0.50   92385     281   92245  3122502  33.80
1970-1979       38      0.00335  0.00334  0.50   92104     308   91950  3030257  32.90
1970-1979       39      0.00365  0.00364  0.50   91797     334   91629  2938307  32.01
1970-1979       40      0.00398  0.00397  0.50   91462     363   91281  2846677  31.12
1970-1979       41      0.00432  0.00431  0.50   91099     393   90903  2755396  30.25
1970-1979       42      0.00469  0.00468  0.50   90706     425   90494  2664494  29.37
1970-1979       43      0.00513  0.00512  0.50   90282     462   90050  2574000  28.51
1970-1979       44      0.00551  0.00549  0.50   89819     493   89573  2483949  27.65
1970-1979       45      0.00611  0.00609  0.50   89326     544   89054  2394376  26.80
1970-1979       46      0.00671  0.00669  0.50   88782     594   88485  2305323  25.97
1970-1979       47      0.00740  0.00737  0.50   88188     650   87863  2216838  25.14
1970-1979       48      0.00771  0.00768  0.50   87538     673   87202  2128974  24.32
1970-1979       49      0.00857  0.00854  0.50   86866     741   86495  2041772  23.50
1970-1979       50      0.00927  0.00923  0.50   86124     795   85727  1955277  22.70
1970-1979       51      0.01012  0.01007  0.50   85329     860   84900  1869550  21.91
1970-1979       52      0.01104  0.01098  0.50   84470     928   84006  1784651  21.13
1970-1979       53      0.01191  0.01184  0.50   83542     989   83047  1700645  20.36
1970-1979       54      0.01288  0.01280  0.50   82553    1057   82024  1617598  19.59
1970-1979       55      0.01391  0.01382  0.50   81496    1126   80933  1535573  18.84
1970-1979       56      0.01513  0.01502  0.50   80370    1207   79767  1454640  18.10
1970-1979       57      0.01638  0.01625  0.50   79163    1286   78520  1374874  17.37
1970-1979       58      0.01770  0.01755  0.50   77877    1367   77193  1296354  16.65
1970-1979       59      0.01950  0.01931  0.50   76510    1477   75772  1219160  15.93
1970-1979       60      0.02100  0.02078  0.50   75033    1560   74253  1143389  15.24
1970-1979       61      0.02329  0.02303  0.50   73473    1692   72627  1069136  14.55
1970-1979       62      0.02599  0.02566  0.50   71782    1842   70861   996508  13.88
1970-1979       63      0.02827  0.02788  0.50   69940    1950   68965   925648  13.23
1970-1979       64      0.03143  0.03094  0.50   67990    2104   66938   856683  12.60
1970-1979       65      0.03446  0.03388  0.50   65886    2232   64770   789745  11.99
1970-1979       66      0.03845  0.03773  0.50   63654    2402   62453   724975  11.39
1970-1979       67      0.04189  0.04103  0.50   61253    2513   59996   662521  10.82
1970-1979       68      0.04665  0.04559  0.50   58739    2678   57400   602525  10.26
1970-1979       69      0.05138  0.05009  0.50   56061    2808   54657   545125   9.72
1970-1979       70      0.05620  0.05466  0.50   53253    2911   51798   490468   9.21
1970-1979       71      0.06226  0.06038  0.50   50342    3040   48822   438670   8.71
1970-1979       72      0.06819  0.06594  0.50   47303    3119   45743   389848   8.24
1970-1979       73      0.07467  0.07198  0.50   44184    3181   42593   344105   7.79
1970-1979       74      0.08158  0.07839  0.50   41003    3214   39396   301511   7.35
1970-1979       75      0.09030  0.08640  0.50   37789    3265   36156   262115   6.94
1970-1979       76      0.09764  0.09309  0.50   34524    3214   32917   225959   6.55
1970-1979       77      0.10698  0.10155  0.50   31310    3180   29720   193042   6.17
1970-1979       78      0.11520  0.10893  0.50   28130    3064   26598   163322   5.81
1970-1979       79      0.12686  0.11930  0.50   25066    2990   23571   136724   5.45
1970-1979       80      0.13802  0.12911  0.50   22076    2850   20651   113153   5.13
1970-1979       81      0.15166  0.14097  0.50   19226    2710   17870    92502   4.81
1970-1979       82      0.16489  0.15233  0.50   16515    2516   15257    74632   4.52
1970-1979       83      0.18169  0.16656  0.50   14000    2332   12834    59374   4.24
1970-1979       84      0.19802  0.18018  0.50   11668    2102   10617    46541   3.99
1970-1979       85      0.20990  0.18996  0.50    9566    1817    8657    35924   3.76
1970-1979       86      0.23073  0.20686  0.50    7748    1603    6947    27267   3.52
1970-1979       87      0.25019  0.22237  0.50    6146    1367    5462    20320   3.31
1970-1979       88      0.27481  0.24161  0.50    4779    1155    4202    14858   3.11
1970-1979       89      0.28921  0.25268  0.50    3624     916    3166    10656   2.94
1970-1979       90      0.31408  0.27145  0.50    2709     735    2341     7490   2.77
1970-1979       91      0.32415  0.27894  0.50    1973     550    1698     5149   2.61
1970-1979       92      0.37756  0.31760  0.50    1423     452    1197     3451   2.43
1970-1979       93      0.39010  0.32643  0.50     971     317     812     2254   2.32
1970-1979       94      0.41588  0.34429  0.50     654     225     541     1441   2.20
1970-1979       95      0.43904  0.36001  0.50     429     154     352      900   2.10
1970-1979       96      0.46524  0.37744  0.50     274     104     223      548   2.00
1970-1979       97      0.49163  0.39463  0.50     171      67     137      325   1.90
1970-1979       98      0.51807  0.41148  0.50     103      43      82      188   1.82
1970-1979       99      0.54440  0.42792  0.50      61      26      48      106   1.74
1970-1979      100      0.57049  0.44388  0.50      35      15      27       58   1.67
1970-1979      101      0.59620  0.45928  0.50      19       9      15       31   1.61
1970-1979      102      0.62138  0.47409  0.50      10       5       8       16   1.55
1970-1979      103      0.64593  0.48825  0.50       6       3       4        8   1.50
1970-1979      104      0.66974  0.50172  0.50       3       1       2        4   1.45
1970-1979      105      0.69270  0.51450  0.50       1       1       1        2   1.41
1970-1979      106      0.71475  0.52657  0.50       1       0       1        1   1.37
1970-1979      107      0.73582  0.53791  0.50       0       0       0        0   1.33
1970-1979      108      0.75586  0.54855  0.50       0       0       0        0   1.30
1970-1979      109      0.77485  0.55848  0.50       0       0       0        0   1.28
1970-1979      110+     0.79276  1.00000  1.26       0       0       0        0   1.26
1980-1989        0      0.02156  0.02115  0.11  100000    2115   98110  6532957  65.33
1980-1989        1      0.00106  0.00105  0.50   97885     103   97833  6434847  65.74
1980-1989        2      0.00061  0.00061  0.50   97782      60   97752  6337014  64.81
1980-1989        3      0.00043  0.00043  0.50   97722      42   97701  6239262  63.85
1980-1989        4      0.00044  0.00044  0.50   97679      43   97658  6141561  62.87
1980-1989        5      0.00034  0.00034  0.50   97637      33   97620  6043903  61.90
1980-1989        6      0.00037  0.00037  0.50   97603      36   97586  5946283  60.92
1980-1989        7      0.00033  0.00033  0.50   97568      32   97552  5848698  59.94
1980-1989        8      0.00032  0.00032  0.50   97536      31   97520  5751146  58.96
1980-1989        9      0.00029  0.00029  0.50   97505      28   97491  5653626  57.98
1980-1989       10      0.00035  0.00035  0.50   97476      34   97459  5556135  57.00
1980-1989       11      0.00028  0.00028  0.50   97442      27   97428  5458676  56.02
1980-1989       12      0.00030  0.00030  0.50   97415      29   97400  5361248  55.04
1980-1989       13      0.00039  0.00039  0.50   97385      38   97366  5263848  54.05
1980-1989       14      0.00043  0.00043  0.50   97347      42   97326  5166481  53.07
1980-1989       15      0.00057  0.00057  0.50   97305      56   97277  5069155  52.10
1980-1989       16      0.00071  0.00071  0.50   97249      69   97215  4971878  51.12
1980-1989       17      0.00101  0.00101  0.50   97180      98   97132  4874663  50.16
1980-1989       18      0.00121  0.00121  0.50   97083     118   97024  4777531  49.21
1980-1989       19      0.00146  0.00146  0.50   96965     142   96894  4680508  48.27
1980-1989       20      0.00142  0.00142  0.50   96823     137   96755  4583613  47.34
1980-1989       21      0.00142  0.00142  0.50   96686     137   96618  4486859  46.41
1980-1989       22      0.00141  0.00141  0.50   96549     136   96481  4390241  45.47
1980-1989       23      0.00143  0.00143  0.50   96413     138   96344  4293760  44.53
1980-1989       24      0.00163  0.00163  0.50   96275     157   96197  4197416  43.60
1980-1989       25      0.00164  0.00164  0.50   96118     157   96040  4101219  42.67
1980-1989       26      0.00179  0.00179  0.50   95961     172   95875  4005179  41.74
1980-1989       27      0.00186  0.00186  0.50   95789     178   95700  3909304  40.81
1980-1989       28      0.00194  0.00194  0.50   95611     186   95518  3813604  39.89
1980-1989       29      0.00203  0.00203  0.50   95425     194   95328  3718086  38.96
1980-1989       30      0.00231  0.00230  0.50   95231     219   95122  3622758  38.04
1980-1989       31      0.00258  0.00258  0.50   95012     245   94889  3527636  37.13
1980-1989       32      0.00272  0.00272  0.50   94767     258   94638  3432747  36.22
1980-1989       33      0.00292  0.00291  0.50   94509     275   94371  3338109  35.32
1980-1989       34      0.00335  0.00334  0.50   94234     315   94076  3243737  34.42
1980-1989       35      0.00352  0.00351  0.50   93919     330   93754  3149661  33.54
1980-1989       36      0.00380  0.00380  0.50   93589     355   93412  3055907  32.65
1980-1989       37      0.00422  0.00421  0.50   93234     393   93038  2962495  31.77
1980-1989       38      0.00464  0.00463  0.50   92841     430   92626  2869457  30.91
1980-1989       39      0.00517  0.00516  0.50   92412     477   92173  2776831  30.05
1980-1989       40      0.00548  0.00547  0.50   91935     503   91683  2684658  29.20
1980-1989       41      0.00608  0.00606  0.50   91432     554   91155  2592975  28.36
1980-1989       42      0.00685  0.00682  0.50   90878     620   90568  2501820  27.53
1980-1989       43      0.00732  0.00730  0.50   90258     659   89929  2411252  26.72
1980-1989       44      0.00797  0.00794  0.50   89599     712   89244  2321323  25.91
1980-1989       45      0.00889  0.00885  0.50   88888     786   88495  2232080  25.11
1980-1989       46      0.00947  0.00942  0.50   88101     830   87686  2143585  24.33
1980-1989       47      0.01030  0.01025  0.50   87271     895   86824  2055899  23.56
1980-1989       48      0.01118  0.01112  0.50   86376     960   85896  1969075  22.80
1980-1989       49      0.01212  0.01204  0.50   85416    1029   84902  1883179  22.05
1980-1989       50      0.01319  0.01310  0.50   84387    1106   83834  1798277  21.31
1980-1989       51      0.01427  0.01417  0.50   83282    1180   82691  1714443  20.59
1980-1989       52      0.01568  0.01556  0.50   82101    1278   81462  1631751  19.87
1980-1989       53      0.01678  0.01664  0.50   80824    1345   80151  1550289  19.18
1980-1989       54      0.01770  0.01754  0.50   79479    1394   78782  1470138  18.50
1980-1989       55      0.01931  0.01913  0.50   78085    1493   77338  1391356  17.82
1980-1989       56      0.02079  0.02058  0.50   76591    1576   75803  1314018  17.16
1980-1989       57      0.02250  0.02225  0.50   75015    1669   74180  1238215  16.51
1980-1989       58      0.02397  0.02368  0.50   73346    1737   72477  1164035  15.87
1980-1989       59      0.02564  0.02531  0.50   71609    1813   70702  1091557  15.24
1980-1989       60      0.02803  0.02765  0.50   69796    1930   68831  1020855  14.63
1980-1989       61      0.03027  0.02982  0.50   67866    2024   66854   952024  14.03
1980-1989       62      0.03286  0.03232  0.50   65842    2128   64778   885169  13.44
1980-1989       63      0.03498  0.03438  0.50   63714    2191   62619   820391  12.88
1980-1989       64      0.03699  0.03631  0.50   61524    2234   60406   757772  12.32
1980-1989       65      0.03955  0.03878  0.50   59289    2299   58140   697366  11.76
1980-1989       66      0.04229  0.04142  0.50   56990    2360   55810   639226  11.22
1980-1989       67      0.04558  0.04457  0.50   54630    2435   53412   583416  10.68
1980-1989       68      0.04908  0.04790  0.50   52195    2500   50945   530004  10.15
1980-1989       69      0.05402  0.05260  0.50   49695    2614   48388   479059   9.64
1980-1989       70      0.05771  0.05609  0.50   47081    2641   45760   430671   9.15
1980-1989       71      0.06397  0.06199  0.50   44440    2755   43063   384910   8.66
1980-1989       72      0.06963  0.06729  0.50   41685    2805   40283   341848   8.20
1980-1989       73      0.07592  0.07314  0.50   38880    2844   37458   301565   7.76
1980-1989       74      0.08349  0.08014  0.50   36037    2888   34593   264106   7.33
1980-1989       75      0.09026  0.08636  0.50   33149    2863   31717   229514   6.92
1980-1989       76      0.09914  0.09446  0.50   30286    2861   28855   197797   6.53
1980-1989       77      0.10677  0.10136  0.50   27425    2780   26035   168941   6.16
1980-1989       78      0.11692  0.11046  0.50   24645    2722   23284   142906   5.80
1980-1989       79      0.12821  0.12049  0.50   21923    2641   20602   119622   5.46
1980-1989       80      0.13885  0.12984  0.50   19281    2503   18029    99020   5.14
1980-1989       81      0.15329  0.14238  0.50   16778    2389   15583    80991   4.83
1980-1989       82      0.16636  0.15358  0.50   14389    2210   13284    65408   4.55
1980-1989       83      0.17951  0.16472  0.50   12179    2006   11176    52124   4.28
1980-1989       84      0.19719  0.17949  0.50   10173    1826    9260    40948   4.03
1980-1989       85      0.21285  0.19238  0.50    8347    1606    7544    31688   3.80
1980-1989       86      0.22495  0.20221  0.50    6741    1363    6060    24144   3.58
1980-1989       87      0.24685  0.21973  0.50    5378    1182    4787    18084   3.36
1980-1989       88      0.25934  0.22957  0.50    4196     963    3715    13297   3.17
1980-1989       89      0.28663  0.25070  0.50    3233     811    2828     9582   2.96
1980-1989       90      0.30806  0.26695  0.50    2422     647    2099     6755   2.79
1980-1989       91      0.34133  0.29157  0.50    1776     518    1517     4655   2.62
1980-1989       92      0.35840  0.30394  0.50    1258     382    1067     3139   2.49
1980-1989       93      0.37019  0.31237  0.50     876     274     739     2072   2.37
1980-1989       94      0.43081  0.35446  0.50     602     213     495     1333   2.21
1980-1989       95      0.42687  0.35179  0.50     389     137     320      837   2.15
1980-1989       96      0.45193  0.36863  0.50     252      93     206      517   2.05
1980-1989       97      0.47723  0.38529  0.50     159      61     128      311   1.96
1980-1989       98      0.50265  0.40170  0.50      98      39      78      183   1.87
1980-1989       99      0.52806  0.41776  0.50      59      24      46      105   1.79
1980-1989      100      0.55333  0.43342  0.50      34      15      27       59   1.72
1980-1989      101      0.57832  0.44860  0.50      19       9      15       32   1.66
1980-1989      102      0.60291  0.46326  0.50      11       5       8       17   1.60
1980-1989      103      0.62700  0.47735  0.50       6       3       4        9   1.54
1980-1989      104      0.65047  0.49084  0.50       3       1       2        4   1.49
1980-1989      105      0.67324  0.50369  0.50       2       1       1        2   1.44
1980-1989      106      0.69522  0.51589  0.50       1       0       1        1   1.40
1980-1989      107      0.71634  0.52743  0.50       0       0       0        0   1.37
1980-1989      108      0.73655  0.53831  0.50       0       0       0        0   1.34
1980-1989      109      0.75581  0.54852  0.50       0       0       0        0   1.31
1980-1989      110+     0.77410  1.00000  1.29       0       0       0        0   1.29
1990-1999        0      0.01327  0.01311  0.12  100000    1311   98850  6556124  65.56
1990-1999        1      0.00082  0.00082  0.50   98689      81   98648  6457274  65.43
1990-1999        2      0.00054  0.00054  0.50   98607      53   98581  6358626  64.48
1990-1999        3      0.00039  0.00039  0.50   98554      39   98535  6260045  63.52
1990-1999        4      0.00032  0.00032  0.50   98516      31   98500  6161510  62.54
1990-1999        5      0.00025  0.00025  0.50   98484      25   98472  6063010  61.56
1990-1999        6      0.00024  0.00024  0.50   98459      24   98447  5964538  60.58
1990-1999        7      0.00026  0.00026  0.50   98436      26   98423  5866091  59.59
1990-1999        8      0.00027  0.00027  0.50   98410      26   98397  5767668  58.61
1990-1999        9      0.00024  0.00024  0.50   98384      24   98372  5669272  57.62
1990-1999       10      0.00027  0.00027  0.50   98360      26   98347  5570900  56.64
1990-1999       11      0.00022  0.00022  0.50   98334      22   98323  5472553  55.65
1990-1999       12      0.00021  0.00021  0.50   98312      21   98301  5374230  54.67
1990-1999       13      0.00031  0.00031  0.50   98291      31   98275  5275929  53.68
1990-1999       14      0.00036  0.00036  0.50   98260      35   98242  5177654  52.69
1990-1999       15      0.00047  0.00047  0.50   98225      46   98201  5079411  51.71
1990-1999       16      0.00059  0.00059  0.50   98178      58   98149  4981210  50.74
1990-1999       17      0.00076  0.00076  0.50   98121      74   98083  4883060  49.77
1990-1999       18      0.00090  0.00090  0.50   98046      88   98002  4784977  48.80
1990-1999       19      0.00104  0.00104  0.50   97958     102   97907  4686975  47.85
1990-1999       20      0.00107  0.00107  0.50   97856     105   97804  4589068  46.90
1990-1999       21      0.00111  0.00111  0.50   97751     108   97697  4491264  45.95
1990-1999       22      0.00119  0.00119  0.50   97643     116   97585  4393567  45.00
1990-1999       23      0.00129  0.00129  0.50   97527     126   97464  4295982  44.05
1990-1999       24      0.00123  0.00123  0.50   97402     120   97342  4198518  43.11
1990-1999       25      0.00127  0.00127  0.50   97282     124   97220  4101176  42.16
1990-1999       26      0.00145  0.00145  0.50   97158     141   97087  4003956  41.21
1990-1999       27      0.00162  0.00162  0.50   97017     158   96938  3906868  40.27
1990-1999       28      0.00175  0.00175  0.50   96859     169   96775  3809930  39.33
1990-1999       29      0.00189  0.00189  0.50   96690     183   96599  3713156  38.40
1990-1999       30      0.00213  0.00213  0.50   96507     206   96405  3616557  37.47
1990-1999       31      0.00238  0.00238  0.50   96302     229   96187  3520152  36.55
1990-1999       32      0.00281  0.00281  0.50   96072     270   95937  3423965  35.64
1990-1999       33      0.00309  0.00309  0.50   95803     296   95655  3328028  34.74
1990-1999       34      0.00351  0.00351  0.50   95506     335   95339  3232373  33.84
1990-1999       35      0.00386  0.00386  0.50   95172     367   94988  3137034  32.96
1990-1999       36      0.00444  0.00443  0.50   94805     420   94595  3042046  32.09
1990-1999       37      0.00505  0.00504  0.50   94385     476   94147  2947451  31.23
1990-1999       38      0.00559  0.00557  0.50   93909     523   93648  2853304  30.38
1990-1999       39      0.00616  0.00615  0.50   93386     574   93099  2759657  29.55
1990-1999       40      0.00661  0.00659  0.50   92812     611   92506  2666557  28.73
1990-1999       41      0.00753  0.00750  0.50   92201     691   91855  2574051  27.92
1990-1999       42      0.00824  0.00821  0.50   91509     751   91134  2482196  27.13
1990-1999       43      0.00891  0.00887  0.50   90758     805   90356  2391062  26.35
1990-1999       44      0.00973  0.00969  0.50   89953     871   89517  2300707  25.58
1990-1999       45      0.01042  0.01036  0.50   89082     923   88620  2211189  24.82
1990-1999       46      0.01127  0.01121  0.50   88159     988   87665  2122569  24.08
1990-1999       47      0.01215  0.01208  0.50   87171    1053   86644  2034905  23.34
1990-1999       48      0.01308  0.01300  0.50   86118    1119   85558  1948261  22.62
1990-1999       49      0.01394  0.01385  0.50   84998    1177   84410  1862703  21.91
1990-1999       50      0.01525  0.01514  0.50   83821    1269   83187  1778293  21.22
1990-1999       51      0.01644  0.01630  0.50   82552    1346   81879  1695106  20.53
1990-1999       52      0.01764  0.01748  0.50   81206    1420   80497  1613227  19.87
1990-1999       53      0.01882  0.01864  0.50   79787    1487   79043  1532730  19.21
1990-1999       54      0.02006  0.01986  0.50   78300    1555   77522  1453687  18.57
1990-1999       55      0.02123  0.02100  0.50   76745    1612   75939  1376165  17.93
1990-1999       56      0.02258  0.02233  0.50   75133    1677   74294  1300226  17.31
1990-1999       57      0.02399  0.02370  0.50   73455    1741   72585  1225932  16.69
1990-1999       58      0.02606  0.02573  0.50   71714    1845   70792  1153347  16.08
1990-1999       59      0.02729  0.02692  0.50   69869    1881   68929  1082555  15.49
1990-1999       60      0.02949  0.02906  0.50   67989    1976   67001  1013626  14.91
1990-1999       61      0.03127  0.03079  0.50   66013    2033   64996   946626  14.34
1990-1999       62      0.03337  0.03283  0.50   63980    2100   62930   881629  13.78
1990-1999       63      0.03589  0.03526  0.50   61880    2182   60789   818700  13.23
1990-1999       64      0.03811  0.03739  0.50   59698    2232   58582   757911  12.70
1990-1999       65      0.04049  0.03968  0.50   57465    2280   56325   699329  12.17
1990-1999       66      0.04332  0.04240  0.50   55185    2340   54015   643004  11.65
1990-1999       67      0.04640  0.04535  0.50   52845    2397   51647   588989  11.15
1990-1999       68      0.04982  0.04861  0.50   50448    2452   49222   537342  10.65
1990-1999       69      0.05283  0.05147  0.50   47996    2470   46761   488120  10.17
1990-1999       70      0.05777  0.05615  0.50   45526    2556   44248   441359   9.69
1990-1999       71      0.06188  0.06002  0.50   42970    2579   41680   397111   9.24
1990-1999       72      0.06570  0.06361  0.50   40391    2569   39106   355430   8.80
1990-1999       73      0.07021  0.06783  0.50   37822    2565   36539   316324   8.36
1990-1999       74      0.07417  0.07152  0.50   35256    2521   33996   279785   7.94
1990-1999       75      0.08080  0.07766  0.50   32735    2542   31464   245790   7.51
1990-1999       76      0.08719  0.08355  0.50   30193    2522   28931   214326   7.10
1990-1999       77      0.09440  0.09015  0.50   27670    2494   26423   185394   6.70
1990-1999       78      0.10393  0.09879  0.50   25176    2487   23932   158971   6.31
1990-1999       79      0.11082  0.10500  0.50   22689    2382   21497   135039   5.95
1990-1999       80      0.12323  0.11608  0.50   20306    2357   19128   113542   5.59
1990-1999       81      0.13595  0.12730  0.50   17949    2285   16807    94414   5.26
1990-1999       82      0.14459  0.13484  0.50   15664    2112   14608    77607   4.95
1990-1999       83      0.15995  0.14811  0.50   13552    2007   12548    62999   4.65
1990-1999       84      0.17081  0.15737  0.50   11545    1817   10636    50451   4.37
1990-1999       85      0.18842  0.17220  0.50    9728    1675    8890    39814   4.09
1990-1999       86      0.20203  0.18350  0.50    8053    1478    7314    30924   3.84
1990-1999       87      0.21837  0.19687  0.50    6575    1294    5928    23610   3.59
1990-1999       88      0.24640  0.21937  0.50    5281    1158    4702    17682   3.35
1990-1999       89      0.26508  0.23406  0.50    4122     965    3640    12980   3.15
1990-1999       90      0.28933  0.25277  0.50    3157     798    2758     9340   2.96
1990-1999       91      0.30900  0.26765  0.50    2359     631    2044     6582   2.79
1990-1999       92      0.33682  0.28827  0.50    1728     498    1479     4538   2.63
1990-1999       93      0.36212  0.30661  0.50    1230     377    1041     3059   2.49
1990-1999       94      0.38561  0.32328  0.50     853     276     715     2018   2.37
1990-1999       95      0.40238  0.33498  0.50     577     193     480     1303   2.26
1990-1999       96      0.42799  0.35254  0.50     384     135     316      823   2.14
1990-1999       97      0.45398  0.37000  0.50     248      92     202      507   2.04
1990-1999       98      0.48024  0.38725  0.50     157      61     126      304   1.94
1990-1999       99      0.50660  0.40421  0.50      96      39      77      178   1.86
1990-1999      100      0.53292  0.42080  0.50      57      24      45      101   1.78
1990-1999      101      0.55906  0.43693  0.50      33      14      26       56   1.70
1990-1999      102      0.58488  0.45254  0.50      19       8      14       31   1.64
1990-1999      103      0.61025  0.46758  0.50      10       5       8       16   1.58
1990-1999      104      0.63502  0.48199  0.50       5       3       4        8   1.52
1990-1999      105      0.65911  0.49574  0.50       3       1       2        4   1.47
1990-1999      106      0.68240  0.50880  0.50       1       1       1        2   1.43
1990-1999      107      0.70481  0.52115  0.50       1       0       1        1   1.39
1990-1999      108      0.72627  0.53279  0.50       0       0       0        0   1.35
1990-1999      109      0.74673  0.54373  0.50       0       0       0        0   1.32
1990-1999      110+     0.76616  1.00000  1.31       0       0       0        0   1.31
2000-2009        0      0.00731  0.00727  0.13  100000     727   99371  6876082  68.76
2000-2009        1      0.00055  0.00055  0.50   99273      54   99246  6776711  68.26
2000-2009        2      0.00032  0.00032  0.50   99219      32   99203  6677465  67.30
2000-2009        3      0.00029  0.00029  0.50   99187      29   99173  6578262  66.32
2000-2009        4      0.00021  0.00021  0.50   99159      21   99148  6479089  65.34
2000-2009        5      0.00016  0.00016  0.50   99138      16   99130  6379940  64.35
2000-2009        6      0.00017  0.00017  0.50   99122      17   99113  6280811  63.36
2000-2009        7      0.00016  0.00016  0.50   99105      16   99097  6181697  62.38
2000-2009        8      0.00017  0.00017  0.50   99090      17   99081  6082600  61.38
2000-2009        9      0.00017  0.00017  0.50   99073      17   99064  5983519  60.40
2000-2009       10      0.00014  0.00014  0.50   99056      14   99049  5884454  59.41
2000-2009       11      0.00019  0.00019  0.50   99042      19   99033  5785405  58.41
2000-2009       12      0.00021  0.00021  0.50   99023      21   99013  5686372  57.42
2000-2009       13      0.00024  0.00024  0.50   99003      24   98991  5587359  56.44
2000-2009       14      0.00031  0.00031  0.50   98979      31   98963  5488369  55.45
2000-2009       15      0.00032  0.00032  0.50   98948      31   98932  5389405  54.47
2000-2009       16      0.00038  0.00038  0.50   98917      38   98898  5290473  53.48
2000-2009       17      0.00055  0.00055  0.50   98879      55   98852  5191575  52.50
2000-2009       18      0.00067  0.00067  0.50   98824      66   98791  5092724  51.53
2000-2009       19      0.00077  0.00077  0.50   98758      76   98720  4993933  50.57
2000-2009       20      0.00075  0.00075  0.50   98682      74   98645  4895213  49.61
2000-2009       21      0.00080  0.00080  0.50   98608      79   98569  4796567  48.64
2000-2009       22      0.00084  0.00084  0.50   98529      83   98487  4697999  47.68
2000-2009       23      0.00083  0.00083  0.50   98446      81   98405  4599511  46.72
2000-2009       24      0.00093  0.00093  0.50   98365      91   98319  4501106  45.76
2000-2009       25      0.00093  0.00093  0.50   98273      91   98228  4402787  44.80
2000-2009       26      0.00096  0.00096  0.50   98182      94   98135  4304560  43.84
2000-2009       27      0.00101  0.00101  0.50   98088      99   98038  4206425  42.88
2000-2009       28      0.00106  0.00106  0.50   97988     104   97936  4108387  41.93
2000-2009       29      0.00111  0.00111  0.50   97884     109   97830  4010451  40.97
2000-2009       30      0.00126  0.00126  0.50   97775     123   97714  3912621  40.02
2000-2009       31      0.00138  0.00138  0.50   97652     134   97585  3814908  39.07
2000-2009       32      0.00140  0.00140  0.50   97518     137   97450  3717323  38.12
2000-2009       33      0.00157  0.00157  0.50   97381     153   97305  3619873  37.17
2000-2009       34      0.00185  0.00185  0.50   97228     180   97138  3522568  36.23
2000-2009       35      0.00201  0.00201  0.50   97049     195   96951  3425430  35.30
2000-2009       36      0.00226  0.00225  0.50   96854     218   96745  3328479  34.37
2000-2009       37      0.00256  0.00256  0.50   96636     247   96512  3231734  33.44
2000-2009       38      0.00304  0.00303  0.50   96388     292   96242  3135222  32.53
2000-2009       39      0.00367  0.00366  0.50   96096     352   95920  3038980  31.62
2000-2009       40      0.00422  0.00421  0.50   95745     403   95543  2943059  30.74
2000-2009       41      0.00485  0.00484  0.50   95341     462   95110  2847516  29.87
2000-2009       42      0.00557  0.00555  0.50   94879     527   94616  2752406  29.01
2000-2009       43      0.00648  0.00646  0.50   94353     609   94048  2657790  28.17
2000-2009       44      0.00734  0.00731  0.50   93743     686   93400  2563742  27.35
2000-2009       45      0.00834  0.00831  0.50   93058     773   92671  2470342  26.55
2000-2009       46      0.00896  0.00892  0.50   92284     823   91873  2377671  25.76
2000-2009       47      0.00995  0.00990  0.50   91461     906   91008  2285798  24.99
2000-2009       48      0.01124  0.01118  0.50   90555    1012   90049  2194790  24.24
2000-2009       49      0.01177  0.01170  0.50   89543    1047   89019  2104741  23.51
2000-2009       50      0.01287  0.01279  0.50   88496    1132   87930  2015721  22.78
2000-2009       51      0.01410  0.01400  0.50   87364    1223   86752  1927791  22.07
2000-2009       52      0.01501  0.01490  0.50   86141    1284   85499  1841039  21.37
2000-2009       53      0.01619  0.01606  0.50   84857    1363   84176  1755540  20.69
2000-2009       54      0.01696  0.01682  0.50   83494    1404   82792  1671364  20.02
2000-2009       55      0.01790  0.01774  0.50   82090    1457   81361  1588572  19.35
2000-2009       56      0.01968  0.01949  0.50   80633    1571   79847  1507211  18.69
2000-2009       57      0.02048  0.02027  0.50   79062    1603   78260  1427363  18.05
2000-2009       58      0.02202  0.02178  0.50   77459    1687   76615  1349103  17.42
2000-2009       59      0.02315  0.02289  0.50   75772    1734   74905  1272488  16.79
2000-2009       60      0.02510  0.02479  0.50   74038    1836   73120  1197583  16.18
2000-2009       61      0.02667  0.02632  0.50   72202    1900   71252  1124463  15.57
2000-2009       62      0.02858  0.02818  0.50   70302    1981   69311  1053211  14.98
2000-2009       63      0.03041  0.02996  0.50   68321    2047   67297   983900  14.40
2000-2009       64      0.03223  0.03172  0.50   66274    2102   65223   916602  13.83
2000-2009       65      0.03479  0.03420  0.50   64172    2195   63074   851380  13.27
2000-2009       66      0.03637  0.03572  0.50   61977    2214   60870   788305  12.72
2000-2009       67      0.03886  0.03812  0.50   59763    2278   58624   727435  12.17
2000-2009       68      0.04179  0.04093  0.50   57485    2353   56308   668811  11.63
2000-2009       69      0.04493  0.04394  0.50   55132    2423   53921   612503  11.11
2000-2009       70      0.04776  0.04665  0.50   52709    2459   51480   558582  10.60
2000-2009       71      0.05227  0.05094  0.50   50250    2560   48971   507103  10.09
2000-2009       72      0.05562  0.05411  0.50   47691    2581   46400   458132   9.61
2000-2009       73      0.06037  0.05860  0.50   45110    2644   43788   411732   9.13
2000-2009       74      0.06456  0.06254  0.50   42466    2656   41138   367944   8.66
2000-2009       75      0.07026  0.06788  0.50   39811    2702   38459   326805   8.21
2000-2009       76      0.07566  0.07291  0.50   37108    2705   35756   288346   7.77
2000-2009       77      0.08331  0.07998  0.50   34403    2751   33027   252590   7.34
2000-2009       78      0.08855  0.08480  0.50   31651    2684   30309   219563   6.94
2000-2009       79      0.09657  0.09213  0.50   28967    2669   27633   189253   6.53
2000-2009       80      0.10721  0.10176  0.50   26299    2676   24961   161620   6.15
2000-2009       81      0.11806  0.11148  0.50   23623    2633   22306   136660   5.79
2000-2009       82      0.12788  0.12019  0.50   20989    2523   19728   114353   5.45
2000-2009       83      0.13906  0.13002  0.50   18467    2401   17266    94626   5.12
2000-2009       84      0.15046  0.13993  0.50   16066    2248   14941    77360   4.82
2000-2009       85      0.16201  0.14987  0.50   13817    2071   12782    62418   4.52
2000-2009       86      0.17886  0.16418  0.50   11747    1929   10782    49636   4.23
2000-2009       87      0.19719  0.17950  0.50    9818    1762    8937    38854   3.96
2000-2009       88      0.20993  0.18999  0.50    8056    1531    7290    29917   3.71
2000-2009       89      0.23244  0.20824  0.50    6525    1359    5846    22626   3.47
2000-2009       90      0.25296  0.22456  0.50    5166    1160    4586    16781   3.25
2000-2009       91      0.27752  0.24371  0.50    4006     976    3518    12194   3.04
2000-2009       92      0.29996  0.26084  0.50    3030     790    2635     8676   2.86
2000-2009       93      0.33257  0.28516  0.50    2240     639    1920     6041   2.70
2000-2009       94      0.34711  0.29577  0.50    1601     474    1364     4121   2.57
2000-2009       95      0.36561  0.30910  0.50    1127     348     953     2757   2.45
2000-2009       96      0.39045  0.32667  0.50     779     254     652     1804   2.32
2000-2009       97      0.41587  0.34428  0.50     524     181     434     1152   2.20
2000-2009       98      0.44174  0.36183  0.50     344     124     282      718   2.09
2000-2009       99      0.46794  0.37921  0.50     219      83     178      436   1.99
2000-2009      100      0.49431  0.39635  0.50     136      54     109      258   1.90
2000-2009      101      0.52071  0.41315  0.50      82      34      65      149   1.81
2000-2009      102      0.54700  0.42953  0.50      48      21      38       84   1.74
2000-2009      103      0.57303  0.44542  0.50      28      12      21       46   1.67
2000-2009      104      0.59867  0.46075  0.50      15       7      12       24   1.60
2000-2009      105      0.62377  0.47548  0.50       8       4       6       13   1.55
2000-2009      106      0.64822  0.48955  0.50       4       2       3        6   1.49
2000-2009      107      0.67193  0.50295  0.50       2       1       2        3   1.45
2000-2009      108      0.69478  0.51565  0.50       1       1       1        2   1.41
2000-2009      109      0.71672  0.52764  0.50       1       0       0        1   1.38
2000-2009      110+     0.73767  1.00000  1.36       0       0       0        0   1.36
2010-2019        0      0.00464  0.00463  0.14  100000     463   99602  7207223  72.07
2010-2019        1      0.00034  0.00034  0.50   99537      34   99521  7107621  71.41
2010-2019        2      0.00022  0.00022  0.50   99504      22   99493  7008100  70.43
2010-2019        3      0.00016  0.00016  0.50   99482      16   99474  6908608  69.45
2010-2019        4      0.00014  0.00014  0.50   99466      14   99459  6809134  68.46
2010-2019        5      0.00010  0.00010  0.50   99452      10   99447  6709674  67.47
2010-2019        6      0.00009  0.00009  0.50   99442       9   99438  6610227  66.47
2010-2019        7      0.00010  0.00010  0.50   99433      10   99428  6510790  65.48
2010-2019        8      0.00011  0.00011  0.50   99423      11   99418  6411362  64.49
2010-2019        9      0.00013  0.00013  0.50   99412      13   99406  6311944  63.49
2010-2019       10      0.00015  0.00015  0.50   99399      15   99392  6212538  62.50
2010-2019       11      0.00013  0.00013  0.50   99385      13   99378  6113146  61.51
2010-2019       12      0.00012  0.00012  0.50   99372      12   99366  6013768  60.52
2010-2019       13      0.00018  0.00018  0.50   99360      17   99351  5914402  59.53
2010-2019       14      0.00020  0.00020  0.50   99342      20   99332  5815051  58.54
2010-2019       15      0.00024  0.00024  0.50   99322      24   99310  5715718  57.55
2010-2019       16      0.00031  0.00031  0.50   99298      31   99283  5616408  56.56
2010-2019       17      0.00037  0.00037  0.50   99267      36   99249  5517125  55.58
2010-2019       18      0.00047  0.00047  0.50   99231      47   99208  5417876  54.60
2010-2019       19      0.00056  0.00056  0.50   99184      56   99156  5318668  53.62
2010-2019       20      0.00055  0.00055  0.50   99128      55   99101  5219512  52.65
2010-2019       21      0.00054  0.00054  0.50   99074      54   99047  5120411  51.68
2010-2019       22      0.00059  0.00059  0.50   99020      59   98991  5021364  50.71
2010-2019       23      0.00062  0.00062  0.50   98961      61   98931  4922374  49.74
2010-2019       24      0.00062  0.00062  0.50   98900      61   98870  4823443  48.77
2010-2019       25      0.00065  0.00065  0.50   98839      65   98807  4724574  47.80
2010-2019       26      0.00069  0.00069  0.50   98774      68   98741  4625767  46.83
2010-2019       27      0.00069  0.00069  0.50   98707      68   98673  4527026  45.86
2010-2019       28      0.00080  0.00080  0.50   98639      79   98599  4428354  44.89
2010-2019       29      0.00077  0.00077  0.50   98560      76   98522  4329754  43.93
2010-2019       30      0.00078  0.00078  0.50   98484      77   98445  4231233  42.96
2010-2019       31      0.00092  0.00092  0.50   98407      90   98362  4132787  42.00
2010-2019       32      0.00093  0.00093  0.50   98317      91   98271  4034426  41.03
2010-2019       33      0.00103  0.00103  0.50   98226     102   98175  3936154  40.07
2010-2019       34      0.00114  0.00114  0.50   98124     112   98068  3837979  39.11
2010-2019       35      0.00123  0.00123  0.50   98013     121   97952  3739911  38.16
2010-2019       36      0.00135  0.00135  0.50   97892     132   97826  3641959  37.20
2010-2019       37      0.00148  0.00148  0.50   97760     145   97688  3544133  36.25
2010-2019       38      0.00160  0.00160  0.50   97615     156   97537  3446445  35.31
2010-2019       39      0.00176  0.00176  0.50   97459     171   97374  3348908  34.36
2010-2019       40      0.00199  0.00199  0.50   97288     193   97192  3251534  33.42
2010-2019       41      0.00237  0.00237  0.50   97095     230   96980  3154342  32.49
2010-2019       42      0.00258  0.00257  0.50   96865     249   96741  3057362  31.56
2010-2019       43      0.00307  0.00306  0.50   96616     296   96468  2960622  30.64
2010-2019       44      0.00343  0.00343  0.50   96320     330   96155  2864154  29.74
2010-2019       45      0.00406  0.00405  0.50   95990     389   95796  2767999  28.84
2010-2019       46      0.00459  0.00458  0.50   95601     438   95383  2672203  27.95
2010-2019       47      0.00546  0.00544  0.50   95164     518   94905  2576821  27.08
2010-2019       48      0.00639  0.00637  0.50   94646     603   94344  2481916  26.22
2010-2019       49      0.00721  0.00718  0.50   94043     676   93705  2387572  25.39
2010-2019       50      0.00837  0.00833  0.50   93367     778   92978  2293867  24.57
2010-2019       51      0.00925  0.00921  0.50   92589     853   92163  2200889  23.77
2010-2019       52      0.01066  0.01060  0.50   91736     973   91250  2108726  22.99
2010-2019       53      0.01184  0.01177  0.50   90764    1068   90230  2017476  22.23
2010-2019       54      0.01324  0.01315  0.50   89696    1180   89106  1927246  21.49
2010-2019       55      0.01479  0.01468  0.50   88516    1300   87866  1838141  20.77
2010-2019       56      0.01593  0.01581  0.50   87216    1379   86527  1750275  20.07
2010-2019       57      0.01761  0.01745  0.50   85838    1498   85088  1663748  19.38
2010-2019       58      0.01867  0.01850  0.50   84339    1560   83559  1578659  18.72
2010-2019       59      0.01992  0.01973  0.50   82779    1633   81963  1495100  18.06
2010-2019       60      0.02173  0.02150  0.50   81146    1745   80274  1413137  17.41
2010-2019       61      0.02319  0.02293  0.50   79402    1820   78491  1332863  16.79
2010-2019       62      0.02490  0.02460  0.50   77581    1908   76627  1254372  16.17
2010-2019       63      0.02700  0.02664  0.50   75673    2016   74665  1177744  15.56
2010-2019       64      0.02919  0.02877  0.50   73657    2119   72597  1103080  14.98
2010-2019       65      0.03071  0.03025  0.50   71538    2164   70456  1030482  14.40
2010-2019       66      0.03206  0.03155  0.50   69374    2189   68279   960026  13.84
2010-2019       67      0.03360  0.03305  0.50   67185    2220   66075   891747  13.27
2010-2019       68      0.03553  0.03491  0.50   64965    2268   63831   825672  12.71
2010-2019       69      0.03775  0.03705  0.50   62697    2323   61535   761842  12.15
2010-2019       70      0.04087  0.04005  0.50   60374    2418   59165   700306  11.60
2010-2019       71      0.04329  0.04237  0.50   57955    2456   56728   641142  11.06
2010-2019       72      0.04726  0.04617  0.50   55500    2563   54219   584414  10.53
2010-2019       73      0.05014  0.04892  0.50   52937    2589   51643   530195  10.02
2010-2019       74      0.05436  0.05293  0.50   50348    2665   49016   478553   9.50
2010-2019       75      0.05873  0.05705  0.50   47683    2720   46323   429537   9.01
2010-2019       76      0.06412  0.06213  0.50   44963    2794   43566   383214   8.52
2010-2019       77      0.07028  0.06789  0.50   42169    2863   40738   339648   8.05
2010-2019       78      0.07750  0.07461  0.50   39306    2932   37840   298910   7.60
2010-2019       79      0.08275  0.07947  0.50   36374    2890   34929   261070   7.18
2010-2019       80      0.09217  0.08811  0.50   33483    2950   32008   226142   6.75
2010-2019       81      0.10044  0.09564  0.50   30533    2920   29073   194134   6.36
2010-2019       82      0.10910  0.10345  0.50   27613    2857   26185   165061   5.98
2010-2019       83      0.11996  0.11318  0.50   24756    2802   23355   138876   5.61
2010-2019       84      0.13056  0.12256  0.50   21954    2691   20609   115521   5.26
2010-2019       85      0.14472  0.13495  0.50   19264    2600   17964    94912   4.93
2010-2019       86      0.15721  0.14576  0.50   16664    2429   15450    76948   4.62
2010-2019       87      0.17262  0.15891  0.50   14235    2262   13104    61498   4.32
2010-2019       88      0.18758  0.17149  0.50   11973    2053   10946    48394   4.04
2010-2019       89      0.20705  0.18763  0.50    9920    1861    8989    37448   3.78
2010-2019       90      0.22845  0.20503  0.50    8059    1652    7232    28458   3.53
2010-2019       91      0.24308  0.21674  0.50    6406    1389    5712    21226   3.31
2010-2019       92      0.27500  0.24176  0.50    5018    1213    4411    15514   3.09
2010-2019       93      0.29437  0.25660  0.50    3805     976    3317    11103   2.92
2010-2019       94      0.31843  0.27469  0.50    2828     777    2440     7786   2.75
2010-2019       95      0.33694  0.28836  0.50    2051     592    1756     5346   2.61
2010-2019       96      0.36177  0.30635  0.50    1460     447    1236     3591   2.46
2010-2019       97      0.38735  0.32450  0.50    1013     329     848     2354   2.32
2010-2019       98      0.41357  0.34271  0.50     684     234     567     1506   2.20
2010-2019       99      0.44030  0.36085  0.50     450     162     368      939   2.09
2010-2019      100      0.46737  0.37884  0.50     287     109     233      571   1.99
2010-2019      101      0.49463  0.39656  0.50     179      71     143      338   1.89
2010-2019      102      0.52193  0.41391  0.50     108      45      85      195   1.81
2010-2019      103      0.54910  0.43082  0.50      63      27      50      109   1.73
2010-2019      104      0.57597  0.44719  0.50      36      16      28       60   1.66
2010-2019      105      0.60241  0.46296  0.50      20       9      15       32   1.59
2010-2019      106      0.62826  0.47808  0.50      11       5       8       16   1.54
2010-2019      107      0.65340  0.49250  0.50       6       3       4        8   1.48
2010-2019      108      0.67771  0.50619  0.50       3       1       2        4   1.44
2010-2019      109      0.70109  0.51912  0.50       1       1       1        2   1.41
2010-2019      110+     0.72347  1.00000  1.38       1       1       1        1   1.38
