New Zealand, Life tables (period 1x10), Males	Last modified: 06 Jun 2022;  Methods Protocol: v6 (2017)

  Year          Age         mx       qx    ax      lx      dx      Lx       Tx     ex
1948-1949        0      0.03297  0.03205  0.14  100000    3205   97230  6711666  67.12
1948-1949        1      0.00453  0.00452  0.50   96795     437   96576  6614436  68.33
1948-1949        2      0.00247  0.00246  0.50   96357     237   96239  6517860  67.64
1948-1949        3      0.00178  0.00178  0.50   96120     171   96034  6421621  66.81
1948-1949        4      0.00126  0.00126  0.50   95949     121   95888  6325587  65.93
1948-1949        5      0.00138  0.00138  0.50   95828     133   95761  6229699  65.01
1948-1949        6      0.00091  0.00091  0.50   95695      87   95652  6133938  64.10
1948-1949        7      0.00068  0.00068  0.50   95608      65   95576  6038286  63.16
1948-1949        8      0.00082  0.00082  0.50   95544      78   95505  5942710  62.20
1948-1949        9      0.00053  0.00053  0.50   95466      51   95440  5847206  61.25
1948-1949       10      0.00094  0.00093  0.50   95415      89   95371  5751765  60.28
1948-1949       11      0.00113  0.00112  0.50   95326     107   95272  5656395  59.34
1948-1949       12      0.00091  0.00091  0.50   95219      87   95175  5561123  58.40
1948-1949       13      0.00086  0.00086  0.50   95132      81   95091  5465947  57.46
1948-1949       14      0.00117  0.00116  0.50   95051     111   94995  5370856  56.51
1948-1949       15      0.00109  0.00109  0.50   94940     103   94888  5275861  55.57
1948-1949       16      0.00141  0.00141  0.50   94836     133   94770  5180973  54.63
1948-1949       17      0.00159  0.00159  0.50   94703     151   94628  5086203  53.71
1948-1949       18      0.00179  0.00178  0.50   94552     169   94468  4991575  52.79
1948-1949       19      0.00206  0.00206  0.50   94384     195   94287  4897107  51.89
1948-1949       20      0.00202  0.00202  0.50   94189     190   94094  4802820  50.99
1948-1949       21      0.00190  0.00190  0.50   93999     179   93910  4708726  50.09
1948-1949       22      0.00245  0.00245  0.50   93820     230   93705  4614817  49.19
1948-1949       23      0.00157  0.00157  0.50   93591     147   93517  4521111  48.31
1948-1949       24      0.00195  0.00195  0.50   93443     182   93352  4427594  47.38
1948-1949       25      0.00154  0.00154  0.50   93262     143   93190  4334242  46.47
1948-1949       26      0.00179  0.00179  0.50   93118     167   93035  4241052  45.54
1948-1949       27      0.00183  0.00183  0.50   92952     170   92867  4148017  44.63
1948-1949       28      0.00172  0.00172  0.50   92782     160   92702  4055150  43.71
1948-1949       29      0.00129  0.00129  0.50   92622     119   92562  3962449  42.78
1948-1949       30      0.00181  0.00180  0.50   92503     167   92419  3869886  41.84
1948-1949       31      0.00170  0.00170  0.50   92336     157   92257  3777467  40.91
1948-1949       32      0.00202  0.00202  0.50   92179     186   92086  3685210  39.98
1948-1949       33      0.00221  0.00221  0.50   91993     203   91891  3593124  39.06
1948-1949       34      0.00163  0.00162  0.50   91790     149   91715  3501233  38.14
1948-1949       35      0.00225  0.00225  0.50   91640     206   91537  3409518  37.21
1948-1949       36      0.00257  0.00257  0.50   91434     235   91317  3317981  36.29
1948-1949       37      0.00196  0.00196  0.50   91199     179   91110  3226664  35.38
1948-1949       38      0.00246  0.00245  0.50   91020     223   90909  3135554  34.45
1948-1949       39      0.00294  0.00293  0.50   90797     266   90664  3044645  33.53
1948-1949       40      0.00285  0.00284  0.50   90531     257   90402  2953981  32.63
1948-1949       41      0.00271  0.00270  0.50   90274     244   90152  2863579  31.72
1948-1949       42      0.00448  0.00447  0.50   90030     402   89829  2773427  30.81
1948-1949       43      0.00337  0.00337  0.50   89628     302   89477  2683599  29.94
1948-1949       44      0.00334  0.00333  0.50   89326     297   89177  2594122  29.04
1948-1949       45      0.00528  0.00527  0.50   89028     469   88794  2504945  28.14
1948-1949       46      0.00436  0.00435  0.50   88559     385   88366  2416151  27.28
1948-1949       47      0.00443  0.00442  0.50   88174     389   87979  2327785  26.40
1948-1949       48      0.00782  0.00779  0.50   87784     684   87442  2239806  25.51
1948-1949       49      0.00775  0.00772  0.50   87100     673   86764  2152363  24.71
1948-1949       50      0.00908  0.00904  0.50   86428     782   86037  2065599  23.90
1948-1949       51      0.00663  0.00661  0.50   85646     566   85363  1979562  23.11
1948-1949       52      0.01013  0.01008  0.50   85081     857   84652  1894198  22.26
1948-1949       53      0.00942  0.00938  0.50   84223     790   83829  1809546  21.49
1948-1949       54      0.01313  0.01304  0.50   83434    1088   82890  1725718  20.68
1948-1949       55      0.01037  0.01032  0.50   82345     850   81921  1642828  19.95
1948-1949       56      0.01340  0.01331  0.50   81496    1085   80953  1560908  19.15
1948-1949       57      0.01382  0.01372  0.50   80411    1104   79859  1479954  18.40
1948-1949       58      0.01757  0.01742  0.50   79308    1382   78617  1400095  17.65
1948-1949       59      0.01756  0.01741  0.50   77926    1356   77248  1321478  16.96
1948-1949       60      0.02125  0.02103  0.50   76570    1610   75764  1244230  16.25
1948-1949       61      0.01926  0.01908  0.50   74959    1430   74244  1168466  15.59
1948-1949       62      0.02227  0.02203  0.50   73529    1620   72719  1094222  14.88
1948-1949       63      0.02858  0.02817  0.50   71910    2026   70897  1021503  14.21
1948-1949       64      0.03030  0.02984  0.50   69884    2086   68841   950606  13.60
1948-1949       65      0.03734  0.03666  0.50   67798    2485   66555   881765  13.01
1948-1949       66      0.03263  0.03211  0.50   65313    2097   64264   815210  12.48
1948-1949       67      0.03438  0.03380  0.50   63215    2137   62147   750946  11.88
1948-1949       68      0.04043  0.03963  0.50   61079    2421   59869   688799  11.28
1948-1949       69      0.04244  0.04155  0.50   58658    2438   57439   628930  10.72
1948-1949       70      0.04817  0.04704  0.50   56221    2644   54898   571491  10.17
1948-1949       71      0.04487  0.04388  0.50   53576    2351   52401   516592   9.64
1948-1949       72      0.05808  0.05644  0.50   51225    2891   49780   464192   9.06
1948-1949       73      0.07217  0.06966  0.50   48334    3367   46650   414412   8.57
1948-1949       74      0.08058  0.07746  0.50   44967    3483   43226   367762   8.18
1948-1949       75      0.06881  0.06653  0.50   41484    2760   40104   324536   7.82
1948-1949       76      0.08997  0.08610  0.50   38724    3334   37057   284432   7.35
1948-1949       77      0.08056  0.07744  0.50   35390    2741   34020   247375   6.99
1948-1949       78      0.11049  0.10471  0.50   32649    3419   30940   213355   6.53
1948-1949       79      0.11582  0.10948  0.50   29231    3200   27631   182415   6.24
1948-1949       80      0.11087  0.10505  0.50   26030    2734   24663   154785   5.95
1948-1949       81      0.10946  0.10378  0.50   23296    2418   22087   130121   5.59
1948-1949       82      0.13045  0.12246  0.50   20878    2557   19600   108034   5.17
1948-1949       83      0.14924  0.13888  0.50   18322    2545   17049    88434   4.83
1948-1949       84      0.16287  0.15060  0.50   15777    2376   14589    71385   4.52
1948-1949       85      0.16454  0.15203  0.50   13401    2037   12382    56796   4.24
1948-1949       86      0.22925  0.20567  0.50   11364    2337   10195    44413   3.91
1948-1949       87      0.20455  0.18557  0.50    9026    1675    8189    34218   3.79
1948-1949       88      0.25257  0.22425  0.50    7351    1649    6527    26029   3.54
1948-1949       89      0.23233  0.20815  0.50    5703    1187    5109    19502   3.42
1948-1949       90      0.26256  0.23209  0.50    4516    1048    3992    14393   3.19
1948-1949       91      0.28367  0.24844  0.50    3468     861    3037    10401   3.00
1948-1949       92      0.30578  0.26523  0.50    2606     691    2261     7364   2.83
1948-1949       93      0.32881  0.28238  0.50    1915     541    1645     5104   2.67
1948-1949       94      0.35270  0.29982  0.50    1374     412    1168     3459   2.52
1948-1949       95      0.37735  0.31745  0.50     962     305     809     2291   2.38
1948-1949       96      0.40264  0.33517  0.50     657     220     547     1481   2.26
1948-1949       97      0.42847  0.35287  0.50     437     154     360      935   2.14
1948-1949       98      0.45470  0.37047  0.50     283     105     230      575   2.04
1948-1949       99      0.48117  0.38786  0.50     178      69     143      345   1.94
1948-1949      100      0.50776  0.40495  0.50     109      44      87      202   1.85
1948-1949      101      0.53430  0.42165  0.50      65      27      51      115   1.77
1948-1949      102      0.56064  0.43789  0.50      37      16      29       64   1.70
1948-1949      103      0.58665  0.45360  0.50      21      10      16       34   1.63
1948-1949      104      0.61219  0.46872  0.50      12       5       9       18   1.57
1948-1949      105      0.63712  0.48319  0.50       6       3       5        9   1.52
1948-1949      106      0.66134  0.49700  0.50       3       2       2        5   1.47
1948-1949      107      0.68474  0.51010  0.50       2       1       1        2   1.42
1948-1949      108      0.70724  0.52248  0.50       1       0       1        1   1.39
1948-1949      109      0.72877  0.53414  0.50       0       0       0        1   1.35
1948-1949      110+     0.74927  1.00000  1.33       0       0       0        0   1.33
1950-1959        0      0.02903  0.02831  0.12  100000    2831   97517  6789551  67.90
1950-1959        1      0.00298  0.00297  0.50   97169     289   97025  6692034  68.87
1950-1959        2      0.00172  0.00172  0.50   96880     167   96797  6595009  68.07
1950-1959        3      0.00124  0.00124  0.50   96714     120   96654  6498212  67.19
1950-1959        4      0.00089  0.00089  0.50   96594      86   96551  6401558  66.27
1950-1959        5      0.00080  0.00080  0.50   96508      77   96470  6305007  65.33
1950-1959        6      0.00073  0.00073  0.50   96432      71   96396  6208537  64.38
1950-1959        7      0.00069  0.00069  0.50   96361      66   96328  6112141  63.43
1950-1959        8      0.00064  0.00064  0.50   96294      62   96264  6015813  62.47
1950-1959        9      0.00054  0.00054  0.50   96233      52   96207  5919549  61.51
1950-1959       10      0.00057  0.00057  0.50   96180      55   96153  5823343  60.55
1950-1959       11      0.00059  0.00059  0.50   96125      57   96097  5727190  59.58
1950-1959       12      0.00063  0.00063  0.50   96068      60   96038  5631093  58.62
1950-1959       13      0.00059  0.00059  0.50   96008      56   95980  5535055  57.65
1950-1959       14      0.00071  0.00071  0.50   95952      69   95918  5439075  56.69
1950-1959       15      0.00108  0.00108  0.50   95883     104   95832  5343157  55.73
1950-1959       16      0.00102  0.00101  0.50   95780      97   95731  5247325  54.79
1950-1959       17      0.00131  0.00131  0.50   95683     125   95620  5151594  53.84
1950-1959       18      0.00172  0.00171  0.50   95558     164   95476  5055974  52.91
1950-1959       19      0.00185  0.00184  0.50   95394     176   95306  4960498  52.00
1950-1959       20      0.00213  0.00212  0.50   95218     202   95117  4865193  51.10
1950-1959       21      0.00180  0.00180  0.50   95016     171   94930  4770076  50.20
1950-1959       22      0.00196  0.00195  0.50   94844     185   94752  4675146  49.29
1950-1959       23      0.00193  0.00193  0.50   94659     183   94568  4580394  48.39
1950-1959       24      0.00163  0.00163  0.50   94476     154   94399  4485827  47.48
1950-1959       25      0.00174  0.00174  0.50   94322     164   94240  4391427  46.56
1950-1959       26      0.00163  0.00163  0.50   94158     154   94081  4297187  45.64
1950-1959       27      0.00158  0.00158  0.50   94005     148   93930  4203106  44.71
1950-1959       28      0.00182  0.00182  0.50   93856     171   93771  4109175  43.78
1950-1959       29      0.00153  0.00153  0.50   93686     144   93614  4015404  42.86
1950-1959       30      0.00191  0.00191  0.50   93542     178   93453  3921791  41.93
1950-1959       31      0.00151  0.00151  0.50   93363     141   93293  3828338  41.00
1950-1959       32      0.00183  0.00183  0.50   93223     171   93137  3735045  40.07
1950-1959       33      0.00183  0.00183  0.50   93052     170   92967  3641907  39.14
1950-1959       34      0.00181  0.00181  0.50   92882     168   92798  3548940  38.21
1950-1959       35      0.00196  0.00196  0.50   92714     182   92623  3456143  37.28
1950-1959       36      0.00227  0.00227  0.50   92532     210   92427  3363520  36.35
1950-1959       37      0.00207  0.00207  0.50   92322     191   92226  3271093  35.43
1950-1959       38      0.00252  0.00252  0.50   92131     232   92015  3178867  34.50
1950-1959       39      0.00268  0.00268  0.50   91899     246   91776  3086852  33.59
1950-1959       40      0.00270  0.00269  0.50   91653     247   91529  2995076  32.68
1950-1959       41      0.00261  0.00261  0.50   91406     238   91287  2903547  31.77
1950-1959       42      0.00343  0.00343  0.50   91168     313   91011  2812260  30.85
1950-1959       43      0.00331  0.00331  0.50   90855     301   90705  2721248  29.95
1950-1959       44      0.00374  0.00373  0.50   90554     338   90385  2630544  29.05
1950-1959       45      0.00436  0.00435  0.50   90216     392   90020  2540158  28.16
1950-1959       46      0.00465  0.00464  0.50   89824     416   89616  2450138  27.28
1950-1959       47      0.00525  0.00524  0.50   89408     468   89174  2360522  26.40
1950-1959       48      0.00598  0.00596  0.50   88939     530   88674  2271349  25.54
1950-1959       49      0.00709  0.00707  0.50   88410     625   88097  2182674  24.69
1950-1959       50      0.00711  0.00709  0.50   87785     622   87474  2094577  23.86
1950-1959       51      0.00718  0.00716  0.50   87163     624   86851  2007103  23.03
1950-1959       52      0.00941  0.00936  0.50   86539     810   86134  1920252  22.19
1950-1959       53      0.00999  0.00994  0.50   85729     852   85303  1834118  21.39
1950-1959       54      0.01121  0.01115  0.50   84877     946   84404  1748815  20.60
1950-1959       55      0.01177  0.01170  0.50   83930     982   83439  1664412  19.83
1950-1959       56      0.01381  0.01372  0.50   82948    1138   82379  1580972  19.06
1950-1959       57      0.01490  0.01479  0.50   81810    1210   81206  1498593  18.32
1950-1959       58      0.01713  0.01698  0.50   80601    1369   79916  1417388  17.59
1950-1959       59      0.01872  0.01855  0.50   79232    1469   78497  1337471  16.88
1950-1959       60      0.02035  0.02015  0.50   77763    1567   76979  1258974  16.19
1950-1959       61      0.01952  0.01934  0.50   76196    1473   75460  1181994  15.51
1950-1959       62      0.02522  0.02490  0.50   74723    1861   73792  1106535  14.81
1950-1959       63      0.02696  0.02660  0.50   72862    1938   71893  1032742  14.17
1950-1959       64      0.02981  0.02937  0.50   70924    2083   69882   960849  13.55
1950-1959       65      0.03527  0.03466  0.50   68841    2386   67648   890967  12.94
1950-1959       66      0.03365  0.03310  0.50   66455    2200   65355   823319  12.39
1950-1959       67      0.03810  0.03739  0.50   64255    2403   63054   757964  11.80
1950-1959       68      0.04005  0.03926  0.50   61853    2429   60638   694910  11.23
1950-1959       69      0.04465  0.04368  0.50   59424    2596   58126   634272  10.67
1950-1959       70      0.04995  0.04874  0.50   56828    2770   55444   576146  10.14
1950-1959       71      0.04740  0.04630  0.50   54059    2503   52807   520702   9.63
1950-1959       72      0.05994  0.05819  0.50   51556    3000   50056   467895   9.08
1950-1959       73      0.06598  0.06388  0.50   48556    3102   47005   417839   8.61
1950-1959       74      0.07413  0.07148  0.50   45454    3249   43830   370834   8.16
1950-1959       75      0.07757  0.07468  0.50   42205    3152   40629   327005   7.75
1950-1959       76      0.08874  0.08497  0.50   39053    3318   37394   286376   7.33
1950-1959       77      0.08734  0.08369  0.50   35735    2991   34240   248982   6.97
1950-1959       78      0.10351  0.09841  0.50   32745    3222   31133   214742   6.56
1950-1959       79      0.11425  0.10808  0.50   29522    3191   27927   183608   6.22
1950-1959       80      0.11605  0.10969  0.50   26331    2888   24887   155682   5.91
1950-1959       81      0.11327  0.10719  0.50   23443    2513   22187   130795   5.58
1950-1959       82      0.13330  0.12497  0.50   20930    2616   19622   108608   5.19
1950-1959       83      0.14705  0.13698  0.50   18315    2509   17060    88986   4.86
1950-1959       84      0.17224  0.15858  0.50   15806    2507   14552    71925   4.55
1950-1959       85      0.17899  0.16429  0.50   13299    2185   12207    57373   4.31
1950-1959       86      0.20395  0.18508  0.50   11114    2057   10086    45166   4.06
1950-1959       87      0.22100  0.19901  0.50    9057    1803    8156    35080   3.87
1950-1959       88      0.21720  0.19592  0.50    7255    1421    6544    26924   3.71
1950-1959       89      0.24645  0.21942  0.50    5833    1280    5193    20380   3.49
1950-1959       90      0.24791  0.22057  0.50    4553    1004    4051    15187   3.34
1950-1959       91      0.24869  0.22119  0.50    3549     785    3157    11135   3.14
1950-1959       92      0.30867  0.26740  0.50    2764     739    2395     7979   2.89
1950-1959       93      0.32242  0.27766  0.50    2025     562    1744     5584   2.76
1950-1959       94      0.31721  0.27379  0.50    1463     400    1262     3840   2.63
1950-1959       95      0.37042  0.31254  0.50    1062     332     896     2578   2.43
1950-1959       96      0.39444  0.32947  0.50     730     241     610     1682   2.30
1950-1959       97      0.41899  0.34641  0.50     490     170     405     1072   2.19
1950-1959       98      0.44393  0.36329  0.50     320     116     262      667   2.08
1950-1959       99      0.46917  0.38002  0.50     204      77     165      405   1.99
1950-1959      100      0.49456  0.39651  0.50     126      50     101      240   1.90
1950-1959      101      0.51998  0.41269  0.50      76      31      61      139   1.82
1950-1959      102      0.54530  0.42848  0.50      45      19      35       78   1.74
1950-1959      103      0.57039  0.44382  0.50      26      11      20       43   1.68
1950-1959      104      0.59512  0.45864  0.50      14       7      11       23   1.61
1950-1959      105      0.61938  0.47292  0.50       8       4       6       12   1.56
1950-1959      106      0.64305  0.48660  0.50       4       2       3        6   1.51
1950-1959      107      0.66605  0.49965  0.50       2       1       2        3   1.46
1950-1959      108      0.68828  0.51206  0.50       1       1       1        1   1.42
1950-1959      109      0.70968  0.52381  0.50       1       0       0        1   1.39
1950-1959      110+     0.73018  1.00000  1.37       0       0       0        0   1.37
1960-1969        0      0.02276  0.02231  0.10  100000    2231   98001  6837087  68.37
1960-1969        1      0.00218  0.00218  0.50   97769     213   97663  6739086  68.93
1960-1969        2      0.00120  0.00120  0.50   97556     117   97498  6641423  68.08
1960-1969        3      0.00086  0.00086  0.50   97439      84   97397  6543925  67.16
1960-1969        4      0.00078  0.00078  0.50   97355      75   97318  6446528  66.22
1960-1969        5      0.00060  0.00060  0.50   97280      59   97251  6349211  65.27
1960-1969        6      0.00057  0.00057  0.50   97221      56   97194  6251960  64.31
1960-1969        7      0.00051  0.00051  0.50   97166      49   97141  6154766  63.34
1960-1969        8      0.00050  0.00050  0.50   97116      49   97092  6057625  62.37
1960-1969        9      0.00040  0.00040  0.50   97068      38   97048  5960533  61.41
1960-1969       10      0.00045  0.00045  0.50   97029      44   97007  5863485  60.43
1960-1969       11      0.00045  0.00045  0.50   96985      44   96964  5766478  59.46
1960-1969       12      0.00044  0.00044  0.50   96942      43   96920  5669514  58.48
1960-1969       13      0.00050  0.00050  0.50   96899      48   96875  5572594  57.51
1960-1969       14      0.00055  0.00055  0.50   96851      53   96824  5475719  56.54
1960-1969       15      0.00074  0.00074  0.50   96798      72   96762  5378894  55.57
1960-1969       16      0.00092  0.00092  0.50   96726      89   96682  5282132  54.61
1960-1969       17      0.00139  0.00139  0.50   96637     134   96570  5185451  53.66
1960-1969       18      0.00163  0.00163  0.50   96503     157   96424  5088880  52.73
1960-1969       19      0.00160  0.00160  0.50   96346     154   96268  4992456  51.82
1960-1969       20      0.00169  0.00169  0.50   96191     163   96110  4896188  50.90
1960-1969       21      0.00157  0.00157  0.50   96029     151   95953  4800078  49.99
1960-1969       22      0.00156  0.00156  0.50   95877     150   95803  4704125  49.06
1960-1969       23      0.00163  0.00163  0.50   95728     156   95650  4608322  48.14
1960-1969       24      0.00132  0.00132  0.50   95572     126   95508  4512673  47.22
1960-1969       25      0.00124  0.00124  0.50   95445     118   95386  4417164  46.28
1960-1969       26      0.00144  0.00144  0.50   95327     138   95259  4321778  45.34
1960-1969       27      0.00138  0.00138  0.50   95190     131   95124  4226519  44.40
1960-1969       28      0.00140  0.00140  0.50   95058     133   94992  4131395  43.46
1960-1969       29      0.00150  0.00150  0.50   94926     142   94855  4036403  42.52
1960-1969       30      0.00148  0.00148  0.50   94784     140   94713  3941548  41.58
1960-1969       31      0.00139  0.00138  0.50   94643     131   94578  3846835  40.65
1960-1969       32      0.00158  0.00158  0.50   94512     150   94437  3752257  39.70
1960-1969       33      0.00175  0.00175  0.50   94363     165   94280  3657820  38.76
1960-1969       34      0.00176  0.00176  0.50   94197     166   94114  3563540  37.83
1960-1969       35      0.00187  0.00187  0.50   94031     176   93944  3469425  36.90
1960-1969       36      0.00214  0.00214  0.50   93856     200   93756  3375482  35.96
1960-1969       37      0.00205  0.00205  0.50   93655     192   93559  3281726  35.04
1960-1969       38      0.00220  0.00220  0.50   93463     206   93360  3188167  34.11
1960-1969       39      0.00263  0.00262  0.50   93258     245   93135  3094807  33.19
1960-1969       40      0.00276  0.00276  0.50   93013     257   92884  3001671  32.27
1960-1969       41      0.00276  0.00276  0.50   92756     256   92628  2908787  31.36
1960-1969       42      0.00330  0.00330  0.50   92500     305   92348  2816159  30.44
1960-1969       43      0.00356  0.00355  0.50   92195     327   92031  2723812  29.54
1960-1969       44      0.00395  0.00394  0.50   91868     362   91687  2631780  28.65
1960-1969       45      0.00450  0.00449  0.50   91506     411   91300  2540093  27.76
1960-1969       46      0.00502  0.00501  0.50   91095     456   90867  2448793  26.88
1960-1969       47      0.00583  0.00582  0.50   90638     527   90375  2357927  26.01
1960-1969       48      0.00649  0.00646  0.50   90111     583   89820  2267552  25.16
1960-1969       49      0.00720  0.00717  0.50   89529     642   89208  2177732  24.32
1960-1969       50      0.00735  0.00733  0.50   88887     651   88561  2088524  23.50
1960-1969       51      0.00783  0.00780  0.50   88236     688   87891  1999963  22.67
1960-1969       52      0.00952  0.00947  0.50   87547     829   87133  1912072  21.84
1960-1969       53      0.01073  0.01067  0.50   86718     926   86255  1824939  21.04
1960-1969       54      0.01123  0.01117  0.50   85793     958   85313  1738683  20.27
1960-1969       55      0.01211  0.01204  0.50   84834    1022   84324  1653370  19.49
1960-1969       56      0.01389  0.01379  0.50   83813    1156   83235  1569046  18.72
1960-1969       57      0.01528  0.01517  0.50   82657    1254   82030  1485812  17.98
1960-1969       58      0.01761  0.01746  0.50   81403    1421   80693  1403782  17.24
1960-1969       59      0.02007  0.01988  0.50   79982    1590   79187  1323089  16.54
1960-1969       60      0.02091  0.02069  0.50   78392    1622   77581  1243902  15.87
1960-1969       61      0.02109  0.02087  0.50   76770    1602   75969  1166320  15.19
1960-1969       62      0.02581  0.02548  0.50   75168    1915   74211  1090351  14.51
1960-1969       63      0.02898  0.02856  0.50   73253    2092   72207  1016141  13.87
1960-1969       64      0.03135  0.03086  0.50   71160    2196   70062   943934  13.26
1960-1969       65      0.03477  0.03418  0.50   68964    2357   67786   873872  12.67
1960-1969       66      0.03430  0.03372  0.50   66607    2246   65484   806086  12.10
1960-1969       67      0.03938  0.03862  0.50   64361    2485   63118   740602  11.51
1960-1969       68      0.04383  0.04289  0.50   61875    2654   60548   677484  10.95
1960-1969       69      0.04746  0.04636  0.50   59221    2745   57849   616936  10.42
1960-1969       70      0.05143  0.05014  0.50   56476    2832   55060   559087   9.90
1960-1969       71      0.05233  0.05100  0.50   53644    2736   52276   504027   9.40
1960-1969       72      0.06165  0.05981  0.50   50908    3045   49386   451751   8.87
1960-1969       73      0.06874  0.06646  0.50   47864    3181   46273   402364   8.41
1960-1969       74      0.07490  0.07219  0.50   44683    3226   43070   356091   7.97
1960-1969       75      0.08449  0.08107  0.50   41457    3361   39777   313021   7.55
1960-1969       76      0.09177  0.08775  0.50   38096    3343   36425   273245   7.17
1960-1969       77      0.09137  0.08737  0.50   34753    3037   33235   236820   6.81
1960-1969       78      0.10440  0.09922  0.50   31717    3147   30143   203585   6.42
1960-1969       79      0.11691  0.11046  0.50   28570    3156   26992   173442   6.07
1960-1969       80      0.11867  0.11202  0.50   25414    2847   23991   146450   5.76
1960-1969       81      0.11959  0.11284  0.50   22567    2546   21294   122459   5.43
1960-1969       82      0.13920  0.13014  0.50   20021    2605   18718   101165   5.05
1960-1969       83      0.15316  0.14227  0.50   17415    2478   16176    82448   4.73
1960-1969       84      0.17247  0.15878  0.50   14938    2372   13752    66271   4.44
1960-1969       85      0.18390  0.16842  0.50   12566    2116   11508    52520   4.18
1960-1969       86      0.20598  0.18675  0.50   10449    1951    9474    41012   3.92
1960-1969       87      0.22559  0.20272  0.50    8498    1723    7637    31538   3.71
1960-1969       88      0.23464  0.21000  0.50    6775    1423    6064    23901   3.53
1960-1969       89      0.26133  0.23113  0.50    5352    1237    4734    17838   3.33
1960-1969       90      0.26943  0.23744  0.50    4115     977    3627    13104   3.18
1960-1969       91      0.25481  0.22601  0.50    3138     709    2784     9477   3.02
1960-1969       92      0.31837  0.27465  0.50    2429     667    2095     6693   2.76
1960-1969       93      0.32800  0.28179  0.50    1762     496    1514     4598   2.61
1960-1969       94      0.37407  0.31513  0.50    1265     399    1066     3084   2.44
1960-1969       95      0.38814  0.32505  0.50     867     282     726     2018   2.33
1960-1969       96      0.41325  0.34248  0.50     585     200     485     1293   2.21
1960-1969       97      0.43882  0.35986  0.50     385     138     315      808   2.10
1960-1969       98      0.46472  0.37709  0.50     246      93     200      492   2.00
1960-1969       99      0.49081  0.39409  0.50     153      60     123      293   1.91
1960-1969      100      0.51695  0.41077  0.50      93      38      74      170   1.82
1960-1969      101      0.54300  0.42705  0.50      55      23      43       96   1.75
1960-1969      102      0.56881  0.44286  0.50      31      14      24       53   1.68
1960-1969      103      0.59426  0.45813  0.50      17       8      13       28   1.61
1960-1969      104      0.61921  0.47282  0.50       9       4       7       15   1.56
1960-1969      105      0.64354  0.48688  0.50       5       2       4        8   1.50
1960-1969      106      0.66716  0.50028  0.50       3       1       2        4   1.46
1960-1969      107      0.68997  0.51299  0.50       1       1       1        2   1.41
1960-1969      108      0.71189  0.52501  0.50       1       0       0        1   1.38
1960-1969      109      0.73285  0.53633  0.50       0       0       0        0   1.35
1960-1969      110+     0.75283  1.00000  1.33       0       0       0        0   1.33
1970-1979        0      0.01752  0.01726  0.11  100000    1726   98472  6900030  69.00
1970-1979        1      0.00153  0.00153  0.50   98274     150   98199  6801558  69.21
1970-1979        2      0.00094  0.00094  0.50   98124      92   98078  6703359  68.31
1970-1979        3      0.00078  0.00078  0.50   98033      77   97994  6605280  67.38
1970-1979        4      0.00061  0.00061  0.50   97956      60   97926  6507286  66.43
1970-1979        5      0.00052  0.00052  0.50   97896      51   97871  6409360  65.47
1970-1979        6      0.00049  0.00049  0.50   97845      48   97821  6311490  64.50
1970-1979        7      0.00043  0.00043  0.50   97797      42   97776  6213668  63.54
1970-1979        8      0.00042  0.00042  0.50   97755      41   97735  6115892  62.56
1970-1979        9      0.00038  0.00038  0.50   97714      37   97696  6018157  61.59
1970-1979       10      0.00032  0.00032  0.50   97677      31   97662  5920462  60.61
1970-1979       11      0.00032  0.00032  0.50   97646      32   97630  5822800  59.63
1970-1979       12      0.00043  0.00043  0.50   97615      42   97594  5725170  58.65
1970-1979       13      0.00059  0.00059  0.50   97573      57   97544  5627576  57.68
1970-1979       14      0.00059  0.00059  0.50   97515      57   97487  5530032  56.71
1970-1979       15      0.00081  0.00081  0.50   97458      79   97419  5432545  55.74
1970-1979       16      0.00125  0.00125  0.50   97379     122   97318  5335127  54.79
1970-1979       17      0.00173  0.00173  0.50   97257     168   97173  5237808  53.86
1970-1979       18      0.00216  0.00216  0.50   97089     209   96985  5140635  52.95
1970-1979       19      0.00203  0.00202  0.50   96880     196   96782  5043650  52.06
1970-1979       20      0.00194  0.00194  0.50   96684     188   96590  4946868  51.17
1970-1979       21      0.00203  0.00203  0.50   96496     196   96398  4850278  50.26
1970-1979       22      0.00170  0.00170  0.50   96300     163   96219  4753879  49.37
1970-1979       23      0.00150  0.00150  0.50   96137     144   96065  4657660  48.45
1970-1979       24      0.00148  0.00147  0.50   95993     142   95922  4561595  47.52
1970-1979       25      0.00148  0.00148  0.50   95851     141   95781  4465673  46.59
1970-1979       26      0.00140  0.00140  0.50   95710     134   95643  4369893  45.66
1970-1979       27      0.00137  0.00137  0.50   95576     131   95510  4274250  44.72
1970-1979       28      0.00128  0.00128  0.50   95445     122   95384  4178740  43.78
1970-1979       29      0.00136  0.00136  0.50   95322     129   95258  4083356  42.84
1970-1979       30      0.00133  0.00132  0.50   95193     126   95130  3988098  41.89
1970-1979       31      0.00132  0.00132  0.50   95067     125   95004  3892968  40.95
1970-1979       32      0.00152  0.00152  0.50   94942     144   94870  3797964  40.00
1970-1979       33      0.00150  0.00150  0.50   94798     142   94727  3703094  39.06
1970-1979       34      0.00154  0.00154  0.50   94656     146   94583  3608367  38.12
1970-1979       35      0.00168  0.00168  0.50   94510     159   94431  3513784  37.18
1970-1979       36      0.00193  0.00193  0.50   94352     182   94260  3419353  36.24
1970-1979       37      0.00205  0.00205  0.50   94169     193   94073  3325093  35.31
1970-1979       38      0.00221  0.00220  0.50   93976     207   93873  3231020  34.38
1970-1979       39      0.00237  0.00237  0.50   93769     222   93658  3137148  33.46
1970-1979       40      0.00267  0.00267  0.50   93547     250   93422  3043490  32.53
1970-1979       41      0.00287  0.00287  0.50   93297     268   93163  2950068  31.62
1970-1979       42      0.00315  0.00315  0.50   93029     293   92883  2856905  30.71
1970-1979       43      0.00353  0.00353  0.50   92736     327   92573  2764022  29.81
1970-1979       44      0.00400  0.00399  0.50   92409     369   92224  2671450  28.91
1970-1979       45      0.00437  0.00436  0.50   92040     401   91839  2579225  28.02
1970-1979       46      0.00497  0.00496  0.50   91639     454   91412  2487386  27.14
1970-1979       47      0.00548  0.00546  0.50   91185     498   90936  2395975  26.28
1970-1979       48      0.00640  0.00638  0.50   90687     578   90397  2305039  25.42
1970-1979       49      0.00699  0.00697  0.50   90108     628   89794  2214642  24.58
1970-1979       50      0.00725  0.00723  0.50   89480     647   89157  2124847  23.75
1970-1979       51      0.00800  0.00797  0.50   88834     708   88480  2035690  22.92
1970-1979       52      0.00916  0.00912  0.50   88126     804   87724  1947210  22.10
1970-1979       53      0.01026  0.01020  0.50   87322     891   86877  1859486  21.29
1970-1979       54      0.01127  0.01121  0.50   86431     969   85947  1772610  20.51
1970-1979       55      0.01234  0.01226  0.50   85462    1048   84938  1686663  19.74
1970-1979       56      0.01401  0.01392  0.50   84414    1175   83827  1601725  18.97
1970-1979       57      0.01490  0.01479  0.50   83240    1231   82624  1517898  18.24
1970-1979       58      0.01659  0.01646  0.50   82009    1350   81334  1435273  17.50
1970-1979       59      0.01887  0.01870  0.50   80659    1508   79905  1353940  16.79
1970-1979       60      0.02088  0.02067  0.50   79151    1636   78333  1274034  16.10
1970-1979       61      0.02141  0.02119  0.50   77515    1642   76694  1195701  15.43
1970-1979       62      0.02375  0.02348  0.50   75873    1781   74982  1119008  14.75
1970-1979       63      0.02728  0.02691  0.50   74092    1994   73095  1044025  14.09
1970-1979       64      0.03084  0.03037  0.50   72098    2190   71003   970931  13.47
1970-1979       65      0.03380  0.03324  0.50   69908    2324   68746   899928  12.87
1970-1979       66      0.03430  0.03372  0.50   67584    2279   66444   831182  12.30
1970-1979       67      0.03672  0.03606  0.50   65305    2355   64127   764738  11.71
1970-1979       68      0.04148  0.04064  0.50   62950    2558   61671   700611  11.13
1970-1979       69      0.04703  0.04595  0.50   60392    2775   59004   638940  10.58
1970-1979       70      0.04902  0.04785  0.50   57617    2757   56238   579936  10.07
1970-1979       71      0.05367  0.05227  0.50   54860    2867   53426   523697   9.55
1970-1979       72      0.06138  0.05955  0.50   51993    3096   50445   470271   9.04
1970-1979       73      0.06812  0.06588  0.50   48897    3221   47286   419826   8.59
1970-1979       74      0.07415  0.07150  0.50   45675    3266   44042   372540   8.16
1970-1979       75      0.07889  0.07590  0.50   42410    3219   40800   328498   7.75
1970-1979       76      0.08662  0.08303  0.50   39191    3254   37564   287698   7.34
1970-1979       77      0.08862  0.08486  0.50   35937    3050   34412   250134   6.96
1970-1979       78      0.10178  0.09686  0.50   32887    3185   31295   215722   6.56
1970-1979       79      0.11201  0.10607  0.50   29702    3150   28127   184427   6.21
1970-1979       80      0.11455  0.10835  0.50   26552    2877   25113   156300   5.89
1970-1979       81      0.11716  0.11068  0.50   23675    2620   22365   131187   5.54
1970-1979       82      0.13898  0.12995  0.50   21055    2736   19687   108822   5.17
1970-1979       83      0.15132  0.14068  0.50   18319    2577   17030    89135   4.87
1970-1979       84      0.16991  0.15660  0.50   15742    2465   14509    72105   4.58
1970-1979       85      0.17511  0.16102  0.50   13276    2138   12208    57596   4.34
1970-1979       86      0.19593  0.17844  0.50   11139    1988   10145    45389   4.07
1970-1979       87      0.21019  0.19020  0.50    9151    1741    8281    35244   3.85
1970-1979       88      0.22789  0.20458  0.50    7411    1516    6653    26963   3.64
1970-1979       89      0.24320  0.21683  0.50    5894    1278    5255    20311   3.45
1970-1979       90      0.26551  0.23439  0.50    4616    1082    4075    15055   3.26
1970-1979       91      0.26034  0.23036  0.50    3534     814    3127    10980   3.11
1970-1979       92      0.31276  0.27046  0.50    2720     736    2352     7853   2.89
1970-1979       93      0.30268  0.26289  0.50    1984     522    1724     5500   2.77
1970-1979       94      0.33030  0.28349  0.50    1463     415    1255     3777   2.58
1970-1979       95      0.37414  0.31518  0.50    1048     330     883     2521   2.41
1970-1979       96      0.39840  0.33222  0.50     718     238     599     1638   2.28
1970-1979       97      0.42317  0.34927  0.50     479     167     396     1040   2.17
1970-1979       98      0.44834  0.36624  0.50     312     114     255      644   2.07
1970-1979       99      0.47377  0.38303  0.50     198      76     160      389   1.97
1970-1979      100      0.49934  0.39958  0.50     122      49      98      230   1.88
1970-1979      101      0.52491  0.41579  0.50      73      30      58      132   1.80
1970-1979      102      0.55035  0.43159  0.50      43      18      34       74   1.73
1970-1979      103      0.57553  0.44692  0.50      24      11      19       40   1.66
1970-1979      104      0.60033  0.46173  0.50      13       6      10       22   1.60
1970-1979      105      0.62462  0.47597  0.50       7       3       6       11   1.55
1970-1979      106      0.64830  0.48960  0.50       4       2       3        6   1.50
1970-1979      107      0.67127  0.50259  0.50       2       1       1        3   1.45
1970-1979      108      0.69346  0.51492  0.50       1       0       1        1   1.41
1970-1979      109      0.71478  0.52658  0.50       0       0       0        1   1.38
1970-1979      110+     0.73518  1.00000  1.36       0       0       0        0   1.36
1980-1989        0      0.01276  0.01262  0.12  100000    1262   98894  7097804  70.98
1980-1989        1      0.00109  0.00109  0.50   98738     108   98684  6998910  70.88
1980-1989        2      0.00072  0.00072  0.50   98630      71   98595  6900226  69.96
1980-1989        3      0.00057  0.00057  0.50   98559      56   98531  6801631  69.01
1980-1989        4      0.00044  0.00044  0.50   98503      44   98482  6703100  68.05
1980-1989        5      0.00040  0.00040  0.50   98460      40   98440  6604618  67.08
1980-1989        6      0.00036  0.00036  0.50   98420      35   98403  6506179  66.11
1980-1989        7      0.00029  0.00029  0.50   98385      29   98371  6407776  65.13
1980-1989        8      0.00029  0.00029  0.50   98356      29   98342  6309405  64.15
1980-1989        9      0.00031  0.00031  0.50   98328      31   98312  6211063  63.17
1980-1989       10      0.00026  0.00026  0.50   98297      26   98284  6112751  62.19
1980-1989       11      0.00030  0.00030  0.50   98271      29   98256  6014467  61.20
1980-1989       12      0.00031  0.00031  0.50   98242      30   98226  5916211  60.22
1980-1989       13      0.00038  0.00038  0.50   98211      38   98193  5817985  59.24
1980-1989       14      0.00054  0.00054  0.50   98174      53   98147  5719792  58.26
1980-1989       15      0.00083  0.00083  0.50   98120      81   98080  5621645  57.29
1980-1989       16      0.00100  0.00100  0.50   98039      98   97990  5523565  56.34
1980-1989       17      0.00150  0.00150  0.50   97941     147   97867  5425575  55.40
1980-1989       18      0.00186  0.00185  0.50   97794     181   97703  5327708  54.48
1980-1989       19      0.00193  0.00192  0.50   97612     188   97518  5230005  53.58
1980-1989       20      0.00194  0.00193  0.50   97425     188   97330  5132486  52.68
1980-1989       21      0.00198  0.00198  0.50   97236     192   97140  5035156  51.78
1980-1989       22      0.00172  0.00172  0.50   97044     167   96960  4938016  50.88
1980-1989       23      0.00178  0.00178  0.50   96877     173   96790  4841056  49.97
1980-1989       24      0.00167  0.00167  0.50   96704     161   96623  4744266  49.06
1980-1989       25      0.00163  0.00163  0.50   96543     157   96464  4647642  48.14
1980-1989       26      0.00147  0.00147  0.50   96386     142   96315  4551178  47.22
1980-1989       27      0.00161  0.00161  0.50   96244     155   96167  4454863  46.29
1980-1989       28      0.00136  0.00136  0.50   96089     131   96024  4358696  45.36
1980-1989       29      0.00133  0.00132  0.50   95959     127   95895  4262673  44.42
1980-1989       30      0.00150  0.00150  0.50   95831     144   95760  4166778  43.48
1980-1989       31      0.00142  0.00142  0.50   95688     136   95620  4071018  42.54
1980-1989       32      0.00131  0.00131  0.50   95552     125   95489  3975398  41.60
1980-1989       33      0.00135  0.00135  0.50   95427     129   95362  3879909  40.66
1980-1989       34      0.00153  0.00152  0.50   95298     145   95225  3784547  39.71
1980-1989       35      0.00140  0.00140  0.50   95152     133   95086  3689322  38.77
1980-1989       36      0.00150  0.00150  0.50   95019     143   94948  3594236  37.83
1980-1989       37      0.00167  0.00167  0.50   94876     159   94797  3499288  36.88
1980-1989       38      0.00188  0.00188  0.50   94718     178   94629  3404491  35.94
1980-1989       39      0.00176  0.00176  0.50   94539     166   94456  3309863  35.01
1980-1989       40      0.00206  0.00206  0.50   94373     195   94276  3215407  34.07
1980-1989       41      0.00230  0.00230  0.50   94179     217   94070  3121131  33.14
1980-1989       42      0.00250  0.00250  0.50   93962     235   93845  3027060  32.22
1980-1989       43      0.00293  0.00293  0.50   93727     275   93590  2933216  31.30
1980-1989       44      0.00306  0.00306  0.50   93453     286   93310  2839626  30.39
1980-1989       45      0.00323  0.00322  0.50   93167     300   93017  2746316  29.48
1980-1989       46      0.00380  0.00380  0.50   92867     353   92690  2653299  28.57
1980-1989       47      0.00433  0.00432  0.50   92514     400   92314  2560608  27.68
1980-1989       48      0.00462  0.00461  0.50   92114     425   91902  2468294  26.80
1980-1989       49      0.00528  0.00527  0.50   91690     483   91448  2376392  25.92
1980-1989       50      0.00608  0.00606  0.50   91207     553   90930  2284944  25.05
1980-1989       51      0.00640  0.00638  0.50   90654     578   90364  2194013  24.20
1980-1989       52      0.00753  0.00750  0.50   90075     676   89737  2103649  23.35
1980-1989       53      0.00813  0.00810  0.50   89400     724   89038  2013911  22.53
1980-1989       54      0.00905  0.00901  0.50   88675     799   88276  1924874  21.71
1980-1989       55      0.00997  0.00992  0.50   87876     872   87440  1836598  20.90
1980-1989       56      0.01163  0.01156  0.50   87004    1006   86501  1749158  20.10
1980-1989       57      0.01256  0.01248  0.50   85998    1074   85462  1662656  19.33
1980-1989       58      0.01408  0.01398  0.50   84925    1187   84331  1577195  18.57
1980-1989       59      0.01518  0.01506  0.50   83738    1261   83107  1492864  17.83
1980-1989       60      0.01745  0.01730  0.50   82476    1427   81763  1409756  17.09
1980-1989       61      0.01802  0.01786  0.50   81050    1447   80326  1327993  16.38
1980-1989       62      0.02076  0.02054  0.50   79603    1635   78785  1247667  15.67
1980-1989       63      0.02281  0.02255  0.50   77967    1758   77088  1168882  14.99
1980-1989       64      0.02504  0.02473  0.50   76209    1884   75267  1091794  14.33
1980-1989       65      0.02757  0.02720  0.50   74325    2021   73314  1016527  13.68
1980-1989       66      0.03002  0.02958  0.50   72304    2139   71234   943212  13.05
1980-1989       67      0.03366  0.03311  0.50   70165    2323   69003   871978  12.43
1980-1989       68      0.03674  0.03608  0.50   67842    2448   66618   802975  11.84
1980-1989       69      0.03933  0.03857  0.50   65394    2523   64133   736357  11.26
1980-1989       70      0.04224  0.04136  0.50   62872    2601   61571   672224  10.69
1980-1989       71      0.04756  0.04646  0.50   60271    2800   58871   610653  10.13
1980-1989       72      0.05358  0.05218  0.50   57471    2999   55971   551782   9.60
1980-1989       73      0.05845  0.05679  0.50   54472    3093   52925   495810   9.10
1980-1989       74      0.06361  0.06165  0.50   51379    3168   49795   442885   8.62
1980-1989       75      0.07072  0.06831  0.50   48211    3293   46564   393090   8.15
1980-1989       76      0.07753  0.07464  0.50   44918    3353   43241   346526   7.71
1980-1989       77      0.08403  0.08065  0.50   41565    3352   39889   303284   7.30
1980-1989       78      0.09214  0.08808  0.50   38213    3366   36530   263395   6.89
1980-1989       79      0.09862  0.09399  0.50   34847    3275   33210   226865   6.51
1980-1989       80      0.11223  0.10627  0.50   31572    3355   29895   193655   6.13
1980-1989       81      0.11869  0.11204  0.50   28217    3161   26636   163760   5.80
1980-1989       82      0.12939  0.12153  0.50   25056    3045   23533   137124   5.47
1980-1989       83      0.13627  0.12758  0.50   22011    2808   20607   113591   5.16
1980-1989       84      0.14660  0.13659  0.50   19203    2623   17891    92984   4.84
1980-1989       85      0.16726  0.15435  0.50   16580    2559   15300    75093   4.53
1980-1989       86      0.17802  0.16347  0.50   14021    2292   12875    59793   4.26
1980-1989       87      0.20642  0.18711  0.50   11729    2194   10631    46918   4.00
1980-1989       88      0.21578  0.19476  0.50    9534    1857    8606    36287   3.81
1980-1989       89      0.21848  0.19697  0.50    7677    1512    6921    27681   3.61
1980-1989       90      0.24798  0.22062  0.50    6165    1360    5485    20760   3.37
1980-1989       91      0.26104  0.23090  0.50    4805    1109    4250    15275   3.18
1980-1989       92      0.28010  0.24569  0.50    3695     908    3241    11025   2.98
1980-1989       93      0.32751  0.28143  0.50    2788     784    2395     7783   2.79
1980-1989       94      0.32906  0.28257  0.50    2003     566    1720     5388   2.69
1980-1989       95      0.34955  0.29754  0.50    1437     428    1223     3668   2.55
1980-1989       96      0.37236  0.31392  0.50    1009     317     851     2445   2.42
1980-1989       97      0.39576  0.33039  0.50     693     229     578     1594   2.30
1980-1989       98      0.41965  0.34687  0.50     464     161     383     1016   2.19
1980-1989       99      0.44392  0.36329  0.50     303     110     248      632   2.09
1980-1989      100      0.46847  0.37956  0.50     193      73     156      384   1.99
1980-1989      101      0.49316  0.39561  0.50     120      47      96      228   1.91
1980-1989      102      0.51789  0.41137  0.50      72      30      57      132   1.83
1980-1989      103      0.54253  0.42676  0.50      43      18      33       75   1.75
1980-1989      104      0.56697  0.44174  0.50      24      11      19       41   1.69
1980-1989      105      0.59108  0.45624  0.50      14       6      11       22   1.63
1980-1989      106      0.61476  0.47022  0.50       7       3       6       12   1.57
1980-1989      107      0.63791  0.48365  0.50       4       2       3        6   1.52
1980-1989      108      0.66044  0.49649  0.50       2       1       2        3   1.48
1980-1989      109      0.68227  0.50872  0.50       1       1       1        1   1.44
1980-1989      110+     0.70332  1.00000  1.42       1       1       1        1   1.42
1990-1999        0      0.00772  0.00767  0.13  100000     767   99336  7406369  74.06
1990-1999        1      0.00075  0.00075  0.50   99233      74   99196  7307033  73.64
1990-1999        2      0.00048  0.00048  0.50   99159      47   99135  7207837  72.69
1990-1999        3      0.00037  0.00037  0.50   99111      37   99093  7108702  71.72
1990-1999        4      0.00030  0.00030  0.50   99074      30   99059  7009610  70.75
1990-1999        5      0.00023  0.00023  0.50   99044      23   99033  6910551  69.77
1990-1999        6      0.00023  0.00023  0.50   99022      23   99010  6811518  68.79
1990-1999        7      0.00023  0.00023  0.50   98999      23   98988  6712507  67.80
1990-1999        8      0.00022  0.00022  0.50   98976      22   98966  6613520  66.82
1990-1999        9      0.00017  0.00017  0.50   98955      17   98946  6514554  65.83
1990-1999       10      0.00022  0.00022  0.50   98938      22   98927  6415608  64.84
1990-1999       11      0.00022  0.00022  0.50   98916      22   98905  6316681  63.86
1990-1999       12      0.00027  0.00027  0.50   98894      26   98881  6217775  62.87
1990-1999       13      0.00027  0.00027  0.50   98868      27   98854  6118894  61.89
1990-1999       14      0.00043  0.00043  0.50   98841      42   98820  6020040  60.91
1990-1999       15      0.00057  0.00057  0.50   98799      56   98771  5921220  59.93
1990-1999       16      0.00102  0.00102  0.50   98743     101   98692  5822450  58.97
1990-1999       17      0.00123  0.00123  0.50   98642     121   98581  5723757  58.03
1990-1999       18      0.00142  0.00142  0.50   98520     140   98450  5625177  57.10
1990-1999       19      0.00159  0.00159  0.50   98380     156   98302  5526726  56.18
1990-1999       20      0.00175  0.00175  0.50   98224     172   98138  5428424  55.27
1990-1999       21      0.00160  0.00160  0.50   98052     156   97974  5330286  54.36
1990-1999       22      0.00149  0.00148  0.50   97896     145   97823  5232312  53.45
1990-1999       23      0.00155  0.00155  0.50   97750     151   97675  5134489  52.53
1990-1999       24      0.00160  0.00160  0.50   97599     156   97521  5036815  51.61
1990-1999       25      0.00160  0.00160  0.50   97443     156   97365  4939294  50.69
1990-1999       26      0.00145  0.00145  0.50   97288     141   97217  4841928  49.77
1990-1999       27      0.00141  0.00141  0.50   97147     137   97078  4744711  48.84
1990-1999       28      0.00149  0.00149  0.50   97009     144   96937  4647633  47.91
1990-1999       29      0.00134  0.00134  0.50   96865     130   96800  4550696  46.98
1990-1999       30      0.00129  0.00129  0.50   96735     124   96673  4453896  46.04
1990-1999       31      0.00130  0.00130  0.50   96611     125   96548  4357223  45.10
1990-1999       32      0.00133  0.00132  0.50   96485     128   96422  4260674  44.16
1990-1999       33      0.00123  0.00123  0.50   96358     118   96299  4164253  43.22
1990-1999       34      0.00137  0.00137  0.50   96239     132   96173  4067954  42.27
1990-1999       35      0.00142  0.00142  0.50   96108     136   96039  3971781  41.33
1990-1999       36      0.00145  0.00145  0.50   95971     139   95902  3875741  40.38
1990-1999       37      0.00157  0.00157  0.50   95833     150   95758  3779839  39.44
1990-1999       38      0.00163  0.00163  0.50   95682     156   95605  3684082  38.50
1990-1999       39      0.00168  0.00168  0.50   95527     161   95446  3588477  37.57
1990-1999       40      0.00184  0.00183  0.50   95366     175   95279  3493031  36.63
1990-1999       41      0.00174  0.00174  0.50   95191     166   95108  3397752  35.69
1990-1999       42      0.00208  0.00208  0.50   95025     197   94927  3302644  34.76
1990-1999       43      0.00230  0.00230  0.50   94828     218   94719  3207718  33.83
1990-1999       44      0.00224  0.00224  0.50   94609     212   94504  3112999  32.90
1990-1999       45      0.00244  0.00244  0.50   94398     230   94282  3018496  31.98
1990-1999       46      0.00280  0.00280  0.50   94167     263   94035  2924213  31.05
1990-1999       47      0.00311  0.00311  0.50   93904     292   93758  2830178  30.14
1990-1999       48      0.00349  0.00349  0.50   93612     326   93449  2736420  29.23
1990-1999       49      0.00374  0.00374  0.50   93285     349   93111  2642971  28.33
1990-1999       50      0.00401  0.00400  0.50   92937     372   92751  2549860  27.44
1990-1999       51      0.00460  0.00459  0.50   92565     425   92353  2457109  26.54
1990-1999       52      0.00543  0.00541  0.50   92140     499   91891  2364757  25.66
1990-1999       53      0.00594  0.00592  0.50   91641     543   91370  2272866  24.80
1990-1999       54      0.00692  0.00689  0.50   91099     628   90785  2181496  23.95
1990-1999       55      0.00748  0.00745  0.50   90471     674   90134  2090711  23.11
1990-1999       56      0.00825  0.00821  0.50   89796     737   89428  2000578  22.28
1990-1999       57      0.00866  0.00863  0.50   89059     768   88675  1911150  21.46
1990-1999       58      0.00977  0.00972  0.50   88291     859   87861  1822475  20.64
1990-1999       59      0.01130  0.01124  0.50   87432     982   86941  1734614  19.84
1990-1999       60      0.01266  0.01258  0.50   86450    1087   85906  1647673  19.06
1990-1999       61      0.01314  0.01305  0.50   85362    1114   84805  1561767  18.30
1990-1999       62      0.01511  0.01499  0.50   84248    1263   83616  1476962  17.53
1990-1999       63      0.01671  0.01657  0.50   82985    1375   82297  1393346  16.79
1990-1999       64      0.01924  0.01906  0.50   81610    1555   80832  1311048  16.06
1990-1999       65      0.02058  0.02037  0.50   80054    1631   79239  1230217  15.37
1990-1999       66      0.02257  0.02232  0.50   78424    1750   77548  1150978  14.68
1990-1999       67      0.02478  0.02448  0.50   76673    1877   75735  1073429  14.00
1990-1999       68      0.02750  0.02712  0.50   74796    2029   73782   997695  13.34
1990-1999       69      0.03080  0.03033  0.50   72767    2207   71664   923913  12.70
1990-1999       70      0.03319  0.03265  0.50   70560    2304   69408   852249  12.08
1990-1999       71      0.03636  0.03571  0.50   68257    2437   67038   782841  11.47
1990-1999       72      0.03981  0.03903  0.50   65819    2569   64535   715803  10.88
1990-1999       73      0.04449  0.04352  0.50   63250    2753   61874   651268  10.30
1990-1999       74      0.04844  0.04730  0.50   60498    2861   59067   589394   9.74
1990-1999       75      0.05396  0.05254  0.50   57636    3028   56122   530327   9.20
1990-1999       76      0.06037  0.05860  0.50   54608    3200   53008   474205   8.68
1990-1999       77      0.06428  0.06227  0.50   51408    3201   49807   421197   8.19
1990-1999       78      0.07064  0.06823  0.50   48206    3289   46562   371390   7.70
1990-1999       79      0.08113  0.07797  0.50   44917    3502   43166   324828   7.23
1990-1999       80      0.09140  0.08741  0.50   41415    3620   39605   281662   6.80
1990-1999       81      0.09714  0.09264  0.50   37795    3502   36044   242057   6.40
1990-1999       82      0.10961  0.10391  0.50   34294    3564   32512   206012   6.01
1990-1999       83      0.12070  0.11383  0.50   30730    3498   28981   173500   5.65
1990-1999       84      0.13045  0.12247  0.50   27232    3335   25565   144519   5.31
1990-1999       85      0.14553  0.13566  0.50   23897    3242   22276   118955   4.98
1990-1999       86      0.15768  0.14616  0.50   20655    3019   19146    96679   4.68
1990-1999       87      0.17766  0.16317  0.50   17636    2878   16197    77533   4.40
1990-1999       88      0.17672  0.16237  0.50   14759    2396   13560    61336   4.16
1990-1999       89      0.19986  0.18171  0.50   12362    2246   11239    47775   3.86
1990-1999       90      0.21719  0.19591  0.50   10116    1982    9125    36536   3.61
1990-1999       91      0.23876  0.21330  0.50    8134    1735    7267    27411   3.37
1990-1999       92      0.27865  0.24458  0.50    6399    1565    5617    20144   3.15
1990-1999       93      0.28162  0.24686  0.50    4834    1193    4237    14528   3.01
1990-1999       94      0.30401  0.26390  0.50    3641     961    3160    10291   2.83
1990-1999       95      0.32927  0.28272  0.50    2680     758    2301     7130   2.66
1990-1999       96      0.35331  0.30027  0.50    1922     577    1634     4829   2.51
1990-1999       97      0.37812  0.31800  0.50    1345     428    1131     3196   2.38
1990-1999       98      0.40359  0.33582  0.50     917     308     763     2064   2.25
1990-1999       99      0.42958  0.35363  0.50     609     215     502     1301   2.14
1990-1999      100      0.45597  0.37132  0.50     394     146     321      800   2.03
1990-1999      101      0.48261  0.38879  0.50     248      96     199      479   1.93
1990-1999      102      0.50935  0.40596  0.50     151      61     121      279   1.85
1990-1999      103      0.53603  0.42273  0.50      90      38      71      159   1.77
1990-1999      104      0.56251  0.43903  0.50      52      23      41       88   1.69
1990-1999      105      0.58864  0.45479  0.50      29      13      22       47   1.63
1990-1999      106      0.61428  0.46994  0.50      16       7      12       25   1.57
1990-1999      107      0.63930  0.48445  0.50       8       4       6       13   1.52
1990-1999      108      0.66358  0.49826  0.50       4       2       3        6   1.47
1990-1999      109      0.68704  0.51137  0.50       2       1       2        3   1.43
1990-1999      110+     0.70957  1.00000  1.41       1       1       1        1   1.41
2000-2009        0      0.00577  0.00574  0.14  100000     574   99505  7736918  77.37
2000-2009        1      0.00060  0.00060  0.50   99426      59   99397  7637412  76.81
2000-2009        2      0.00031  0.00031  0.50   99367      31   99351  7538016  75.86
2000-2009        3      0.00024  0.00024  0.50   99336      24   99324  7438664  74.88
2000-2009        4      0.00020  0.00020  0.50   99312      20   99302  7339340  73.90
2000-2009        5      0.00016  0.00016  0.50   99292      16   99284  7240038  72.92
2000-2009        6      0.00013  0.00013  0.50   99276      13   99270  7140754  71.93
2000-2009        7      0.00017  0.00017  0.50   99263      16   99255  7041484  70.94
2000-2009        8      0.00009  0.00009  0.50   99247       9   99242  6942229  69.95
2000-2009        9      0.00016  0.00016  0.50   99238      15   99230  6842987  68.96
2000-2009       10      0.00011  0.00011  0.50   99222      11   99217  6743757  67.97
2000-2009       11      0.00015  0.00015  0.50   99211      15   99204  6644540  66.97
2000-2009       12      0.00020  0.00020  0.50   99196      20   99186  6545336  65.98
2000-2009       13      0.00024  0.00024  0.50   99176      24   99164  6446150  65.00
2000-2009       14      0.00036  0.00036  0.50   99152      35   99135  6346986  64.01
2000-2009       15      0.00046  0.00046  0.50   99117      46   99094  6247851  63.04
2000-2009       16      0.00075  0.00075  0.50   99071      74   99034  6148757  62.06
2000-2009       17      0.00098  0.00098  0.50   98997      97   98949  6049723  61.11
2000-2009       18      0.00108  0.00108  0.50   98900     107   98847  5950774  60.17
2000-2009       19      0.00099  0.00099  0.50   98793      98   98744  5851928  59.23
2000-2009       20      0.00105  0.00105  0.50   98695     104   98643  5753184  58.29
2000-2009       21      0.00106  0.00106  0.50   98591     105   98539  5654541  57.35
2000-2009       22      0.00110  0.00110  0.50   98487     108   98433  5556002  56.41
2000-2009       23      0.00098  0.00098  0.50   98378      97   98330  5457569  55.48
2000-2009       24      0.00099  0.00099  0.50   98282      97   98233  5359239  54.53
2000-2009       25      0.00106  0.00106  0.50   98184     104   98132  5261006  53.58
2000-2009       26      0.00095  0.00095  0.50   98080      93   98033  5162874  52.64
2000-2009       27      0.00096  0.00096  0.50   97987      94   97940  5064841  51.69
2000-2009       28      0.00101  0.00101  0.50   97893      99   97844  4966901  50.74
2000-2009       29      0.00109  0.00109  0.50   97795     106   97741  4869057  49.79
2000-2009       30      0.00104  0.00104  0.50   97688     102   97637  4771315  48.84
2000-2009       31      0.00094  0.00094  0.50   97587      92   97541  4673678  47.89
2000-2009       32      0.00127  0.00127  0.50   97495     124   97433  4576137  46.94
2000-2009       33      0.00114  0.00114  0.50   97371     111   97315  4478705  46.00
2000-2009       34      0.00117  0.00117  0.50   97260     114   97203  4381389  45.05
2000-2009       35      0.00118  0.00118  0.50   97146     115   97089  4284187  44.10
2000-2009       36      0.00123  0.00123  0.50   97031     119   96972  4187098  43.15
2000-2009       37      0.00138  0.00138  0.50   96912     133   96846  4090126  42.20
2000-2009       38      0.00135  0.00135  0.50   96779     131   96714  3993281  41.26
2000-2009       39      0.00138  0.00138  0.50   96648     134   96582  3896567  40.32
2000-2009       40      0.00157  0.00157  0.50   96515     152   96439  3799986  39.37
2000-2009       41      0.00159  0.00159  0.50   96363     153   96286  3703547  38.43
2000-2009       42      0.00164  0.00164  0.50   96210     158   96131  3607260  37.49
2000-2009       43      0.00191  0.00191  0.50   96052     183   95960  3511129  36.55
2000-2009       44      0.00197  0.00197  0.50   95868     189   95774  3415169  35.62
2000-2009       45      0.00230  0.00230  0.50   95680     220   95569  3319395  34.69
2000-2009       46      0.00230  0.00230  0.50   95459     219   95350  3223826  33.77
2000-2009       47      0.00248  0.00248  0.50   95240     236   95122  3128476  32.85
2000-2009       48      0.00269  0.00269  0.50   95004     255   94876  3033354  31.93
2000-2009       49      0.00303  0.00303  0.50   94749     287   94605  2938478  31.01
2000-2009       50      0.00321  0.00320  0.50   94462     303   94311  2843873  30.11
2000-2009       51      0.00374  0.00373  0.50   94159     351   93984  2749562  29.20
2000-2009       52      0.00389  0.00388  0.50   93808     364   93626  2655578  28.31
2000-2009       53      0.00430  0.00429  0.50   93444     401   93244  2561952  27.42
2000-2009       54      0.00463  0.00462  0.50   93043     430   92828  2468709  26.53
2000-2009       55      0.00535  0.00534  0.50   92613     494   92366  2375880  25.65
2000-2009       56      0.00564  0.00562  0.50   92119     518   91860  2283514  24.79
2000-2009       57      0.00605  0.00603  0.50   91601     553   91325  2191655  23.93
2000-2009       58      0.00642  0.00640  0.50   91048     582   90757  2100330  23.07
2000-2009       59      0.00788  0.00785  0.50   90466     710   90111  2009573  22.21
2000-2009       60      0.00815  0.00812  0.50   89756     729   89392  1919461  21.39
2000-2009       61      0.00953  0.00948  0.50   89028     844   88605  1830070  20.56
2000-2009       62      0.01032  0.01027  0.50   88183     906   87730  1741464  19.75
2000-2009       63      0.01106  0.01100  0.50   87277     960   86797  1653734  18.95
2000-2009       64      0.01247  0.01239  0.50   86317    1069   85782  1566937  18.15
2000-2009       65      0.01429  0.01419  0.50   85248    1210   84643  1481154  17.37
2000-2009       66      0.01506  0.01495  0.50   84038    1256   83410  1396512  16.62
2000-2009       67      0.01686  0.01672  0.50   82781    1384   82089  1313102  15.86
2000-2009       68      0.01925  0.01906  0.50   81397    1552   80621  1231013  15.12
2000-2009       69      0.02086  0.02064  0.50   79846    1648   79022  1150391  14.41
2000-2009       70      0.02327  0.02300  0.50   78198    1799   77298  1071370  13.70
2000-2009       71      0.02664  0.02629  0.50   76399    2009   75394   994072  13.01
2000-2009       72      0.02854  0.02813  0.50   74390    2093   73344   918677  12.35
2000-2009       73      0.03170  0.03120  0.50   72297    2256   71169   845333  11.69
2000-2009       74      0.03523  0.03462  0.50   70041    2425   68829   774164  11.05
2000-2009       75      0.03764  0.03694  0.50   67616    2498   66367   705335  10.43
2000-2009       76      0.04360  0.04267  0.50   65118    2778   63729   638968   9.81
2000-2009       77      0.04757  0.04646  0.50   62340    2896   60892   575238   9.23
2000-2009       78      0.05391  0.05250  0.50   59444    3121   57883   514346   8.65
2000-2009       79      0.06105  0.05925  0.50   56323    3337   54655   456463   8.10
2000-2009       80      0.06995  0.06758  0.50   52986    3581   51196   401808   7.58
2000-2009       81      0.07602  0.07324  0.50   49405    3618   47596   350613   7.10
2000-2009       82      0.08610  0.08254  0.50   45787    3779   43897   303017   6.62
2000-2009       83      0.09663  0.09218  0.50   42008    3872   40071   259120   6.17
2000-2009       84      0.10740  0.10193  0.50   38135    3887   36192   219048   5.74
2000-2009       85      0.11995  0.11316  0.50   34248    3876   32310   182856   5.34
2000-2009       86      0.13482  0.12631  0.50   30373    3836   28454   150546   4.96
2000-2009       87      0.14850  0.13823  0.50   26536    3668   24702   122092   4.60
2000-2009       88      0.17023  0.15688  0.50   22868    3588   21074    97389   4.26
2000-2009       89      0.18943  0.17304  0.50   19281    3336   17612    76315   3.96
2000-2009       90      0.21201  0.19169  0.50   15944    3056   14416    58703   3.68
2000-2009       91      0.23363  0.20920  0.50   12888    2696   11540    44286   3.44
2000-2009       92      0.24767  0.22038  0.50   10192    2246    9069    32747   3.21
2000-2009       93      0.28432  0.24893  0.50    7946    1978    6957    23678   2.98
2000-2009       94      0.29827  0.25956  0.50    5968    1549    5193    16721   2.80
2000-2009       95      0.32994  0.28322  0.50    4419    1252    3793    11528   2.61
2000-2009       96      0.35861  0.30408  0.50    3167     963    2686     7734   2.44
2000-2009       97      0.38832  0.32518  0.50    2204     717    1846     5049   2.29
2000-2009       98      0.41888  0.34634  0.50    1487     515    1230     3203   2.15
2000-2009       99      0.45008  0.36740  0.50     972     357     794     1973   2.03
2000-2009      100      0.48168  0.38819  0.50     615     239     496     1179   1.92
2000-2009      101      0.51343  0.40855  0.50     376     154     299      684   1.82
2000-2009      102      0.54506  0.42833  0.50     223      95     175      384   1.73
2000-2009      103      0.57634  0.44741  0.50     127      57      99      209   1.65
2000-2009      104      0.60702  0.46568  0.50      70      33      54      111   1.57
2000-2009      105      0.63687  0.48305  0.50      38      18      28       57   1.51
2000-2009      106      0.66571  0.49946  0.50      19      10      15       28   1.45
2000-2009      107      0.69336  0.51486  0.50      10       5       7       14   1.40
2000-2009      108      0.71968  0.52924  0.50       5       2       3        6   1.36
2000-2009      109      0.74458  0.54258  0.50       2       1       2        3   1.32
2000-2009      110+     0.76798  1.00000  1.30       1       1       1        1   1.30
2010-2019        0      0.00465  0.00463  0.14  100000     463   99602  7970199  79.70
2010-2019        1      0.00042  0.00042  0.50   99537      41   99516  7870597  79.07
2010-2019        2      0.00023  0.00023  0.50   99495      23   99484  7771081  78.11
2010-2019        3      0.00017  0.00017  0.50   99472      17   99464  7671597  77.12
2010-2019        4      0.00014  0.00014  0.50   99455      14   99448  7572133  76.14
2010-2019        5      0.00014  0.00014  0.50   99441      14   99434  7472685  75.15
2010-2019        6      0.00009  0.00009  0.50   99428       9   99423  7373251  74.16
2010-2019        7      0.00011  0.00011  0.50   99419      11   99413  7273828  73.16
2010-2019        8      0.00009  0.00009  0.50   99408       9   99404  7174414  72.17
2010-2019        9      0.00011  0.00011  0.50   99399      11   99394  7075011  71.18
2010-2019       10      0.00012  0.00012  0.50   99389      11   99383  6975617  70.19
2010-2019       11      0.00010  0.00010  0.50   99377      10   99372  6876234  69.19
2010-2019       12      0.00011  0.00011  0.50   99367      11   99362  6776862  68.20
2010-2019       13      0.00017  0.00017  0.50   99356      17   99348  6677500  67.21
2010-2019       14      0.00019  0.00019  0.50   99339      19   99330  6578153  66.22
2010-2019       15      0.00038  0.00038  0.50   99321      38   99302  6478823  65.23
2010-2019       16      0.00048  0.00048  0.50   99282      48   99259  6379521  64.26
2010-2019       17      0.00061  0.00061  0.50   99235      60   99205  6280263  63.29
2010-2019       18      0.00076  0.00076  0.50   99175      76   99137  6181058  62.32
2010-2019       19      0.00081  0.00081  0.50   99099      80   99059  6081921  61.37
2010-2019       20      0.00077  0.00077  0.50   99019      76   98981  5982862  60.42
2010-2019       21      0.00085  0.00085  0.50   98943      84   98901  5883882  59.47
2010-2019       22      0.00080  0.00080  0.50   98859      79   98819  5784981  58.52
2010-2019       23      0.00082  0.00082  0.50   98780      81   98740  5686161  57.56
2010-2019       24      0.00080  0.00080  0.50   98699      79   98660  5587422  56.61
2010-2019       25      0.00086  0.00086  0.50   98620      85   98578  5488762  55.66
2010-2019       26      0.00078  0.00078  0.50   98536      77   98497  5390184  54.70
2010-2019       27      0.00078  0.00078  0.50   98459      77   98420  5291687  53.75
2010-2019       28      0.00073  0.00073  0.50   98382      72   98346  5193266  52.79
2010-2019       29      0.00073  0.00073  0.50   98310      72   98274  5094920  51.83
2010-2019       30      0.00078  0.00078  0.50   98238      76   98200  4996647  50.86
2010-2019       31      0.00086  0.00086  0.50   98162      84   98120  4898447  49.90
2010-2019       32      0.00082  0.00082  0.50   98078      81   98037  4800327  48.94
2010-2019       33      0.00086  0.00086  0.50   97997      85   97955  4702290  47.98
2010-2019       34      0.00089  0.00089  0.50   97912      87   97869  4604335  47.03
2010-2019       35      0.00098  0.00097  0.50   97826      95   97778  4506466  46.07
2010-2019       36      0.00105  0.00105  0.50   97730     103   97679  4408688  45.11
2010-2019       37      0.00103  0.00102  0.50   97627     100   97577  4311009  44.16
2010-2019       38      0.00113  0.00113  0.50   97527     110   97472  4213432  43.20
2010-2019       39      0.00116  0.00116  0.50   97417     113   97361  4115959  42.25
2010-2019       40      0.00140  0.00140  0.50   97304     136   97236  4018599  41.30
2010-2019       41      0.00142  0.00141  0.50   97168     137   97099  3921363  40.36
2010-2019       42      0.00148  0.00148  0.50   97030     144   96959  3824263  39.41
2010-2019       43      0.00158  0.00158  0.50   96887     153   96810  3727305  38.47
2010-2019       44      0.00175  0.00174  0.50   96734     169   96649  3630495  37.53
2010-2019       45      0.00197  0.00196  0.50   96565     190   96470  3533845  36.60
2010-2019       46      0.00197  0.00197  0.50   96375     190   96280  3437375  35.67
2010-2019       47      0.00224  0.00223  0.50   96185     215   96078  3341095  34.74
2010-2019       48      0.00262  0.00262  0.50   95970     251   95845  3245017  33.81
2010-2019       49      0.00261  0.00261  0.50   95719     250   95594  3149172  32.90
2010-2019       50      0.00294  0.00293  0.50   95469     280   95329  3053578  31.99
2010-2019       51      0.00317  0.00316  0.50   95189     301   95038  2958249  31.08
2010-2019       52      0.00338  0.00337  0.50   94888     320   94728  2863211  30.17
2010-2019       53      0.00380  0.00379  0.50   94568     359   94389  2768483  29.28
2010-2019       54      0.00439  0.00438  0.50   94209     412   94003  2674094  28.38
2010-2019       55      0.00458  0.00457  0.50   93797     428   93583  2580091  27.51
2010-2019       56      0.00504  0.00503  0.50   93369     470   93134  2486508  26.63
2010-2019       57      0.00517  0.00516  0.50   92899     479   92660  2393374  25.76
2010-2019       58      0.00588  0.00587  0.50   92420     542   92149  2300715  24.89
2010-2019       59      0.00660  0.00658  0.50   91878     605   91575  2208566  24.04
2010-2019       60      0.00681  0.00679  0.50   91273     620   90963  2116990  23.19
2010-2019       61      0.00728  0.00726  0.50   90653     658   90324  2026027  22.35
2010-2019       62      0.00826  0.00822  0.50   89995     740   89625  1935703  21.51
2010-2019       63      0.00892  0.00888  0.50   89255     792   88859  1846077  20.68
2010-2019       64      0.00945  0.00941  0.50   88463     832   88047  1757218  19.86
2010-2019       65      0.01060  0.01055  0.50   87631     924   87169  1669171  19.05
2010-2019       66      0.01188  0.01181  0.50   86706    1024   86194  1582002  18.25
2010-2019       67      0.01297  0.01288  0.50   85682    1104   85130  1495808  17.46
2010-2019       68      0.01375  0.01366  0.50   84579    1155   84001  1410678  16.68
2010-2019       69      0.01582  0.01569  0.50   83423    1309   82769  1326677  15.90
2010-2019       70      0.01715  0.01701  0.50   82114    1396   81416  1243908  15.15
2010-2019       71      0.01903  0.01885  0.50   80718    1522   79957  1162492  14.40
2010-2019       72      0.02158  0.02135  0.50   79196    1691   78351  1082535  13.67
2010-2019       73      0.02430  0.02401  0.50   77505    1861   76575  1004185  12.96
2010-2019       74      0.02650  0.02615  0.50   75645    1978   74655   927610  12.26
2010-2019       75      0.02931  0.02889  0.50   73666    2128   72602   852955  11.58
2010-2019       76      0.03295  0.03241  0.50   71538    2319   70379   780353  10.91
2010-2019       77      0.03755  0.03686  0.50   69219    2552   67943   709974  10.26
2010-2019       78      0.04196  0.04110  0.50   66668    2740   65297   642031   9.63
2010-2019       79      0.04606  0.04503  0.50   63927    2878   62488   576733   9.02
2010-2019       80      0.05317  0.05179  0.50   61049    3162   59468   514245   8.42
2010-2019       81      0.06057  0.05879  0.50   57887    3403   56186   454777   7.86
2010-2019       82      0.06880  0.06651  0.50   54484    3624   52672   398591   7.32
2010-2019       83      0.07731  0.07444  0.50   50860    3786   48968   345919   6.80
2010-2019       84      0.08898  0.08519  0.50   47075    4010   45070   296951   6.31
2010-2019       85      0.10009  0.09532  0.50   43064    4105   41012   251882   5.85
2010-2019       86      0.11408  0.10792  0.50   38959    4205   36857   210870   5.41
2010-2019       87      0.13097  0.12292  0.50   34755    4272   32619   174013   5.01
2010-2019       88      0.14750  0.13737  0.50   30483    4187   28389   141394   4.64
2010-2019       89      0.16092  0.14893  0.50   26295    3916   24337   113005   4.30
2010-2019       90      0.18731  0.17127  0.50   22379    3833   20463    88667   3.96
2010-2019       91      0.20720  0.18775  0.50   18546    3482   16805    68205   3.68
2010-2019       92      0.22218  0.19996  0.50   15064    3012   13558    51399   3.41
2010-2019       93      0.25064  0.22273  0.50   12052    2684   10710    37841   3.14
2010-2019       94      0.28419  0.24883  0.50    9368    2331    8202    27131   2.90
2010-2019       95      0.31259  0.27034  0.50    7037    1902    6086    18929   2.69
2010-2019       96      0.34341  0.29309  0.50    5134    1505    4382    12844   2.50
2010-2019       97      0.37562  0.31623  0.50    3630    1148    3056     8462   2.33
2010-2019       98      0.40896  0.33953  0.50    2482     843    2060     5406   2.18
2010-2019       99      0.44315  0.36277  0.50    1639     595    1342     3345   2.04
2010-2019      100      0.47790  0.38573  0.50    1045     403     843     2004   1.92
2010-2019      101      0.51286  0.40819  0.50     642     262     511     1160   1.81
2010-2019      102      0.54770  0.42996  0.50     380     163     298      650   1.71
2010-2019      103      0.58207  0.45086  0.50     216      98     168      352   1.62
2010-2019      104      0.61567  0.47076  0.50     119      56      91      184   1.55
2010-2019      105      0.64820  0.48954  0.50      63      31      48       93   1.48
2010-2019      106      0.67941  0.50713  0.50      32      16      24       46   1.42
2010-2019      107      0.70909  0.52349  0.50      16       8      12       22   1.37
2010-2019      108      0.73709  0.53859  0.50       8       4       6       10   1.33
2010-2019      109      0.76329  0.55245  0.50       3       2       3        4   1.29
2010-2019      110+     0.78763  1.00000  1.27       2       2       2        2   1.27
2020-2021        0      0.00487  0.00485  0.14  100000     485   99583  8069917  80.70
2020-2021        1      0.00024  0.00024  0.50   99515      24   99503  7970335  80.09
2020-2021        2      0.00014  0.00014  0.50   99491      14   99483  7870832  79.11
2020-2021        3      0.00009  0.00009  0.50   99476       9   99472  7771349  78.12
2020-2021        4      0.00009  0.00009  0.50   99467       9   99462  7671877  77.13
2020-2021        5      0.00014  0.00014  0.50   99458      14   99451  7572415  76.14
2020-2021        6      0.00009  0.00009  0.50   99444       9   99439  7472964  75.15
2020-2021        7      0.00004  0.00004  0.50   99435       4   99433  7373525  74.15
2020-2021        8      0.00009  0.00009  0.50   99430       9   99426  7274093  73.16
2020-2021        9      0.00013  0.00013  0.50   99422      13   99415  7174667  72.16
2020-2021       10      0.00009  0.00009  0.50   99408       9   99404  7075252  71.17
2020-2021       11      0.00009  0.00009  0.50   99400       9   99396  6975847  70.18
2020-2021       12      0.00004  0.00004  0.50   99391       4   99389  6876452  69.19
2020-2021       13      0.00018  0.00018  0.50   99387      17   99378  6777062  68.19
2020-2021       14      0.00027  0.00027  0.50   99370      27   99356  6677684  67.20
2020-2021       15      0.00033  0.00033  0.50   99343      32   99326  6578328  66.22
2020-2021       16      0.00033  0.00033  0.50   99310      32   99294  6479001  65.24
2020-2021       17      0.00042  0.00042  0.50   99278      41   99257  6379707  64.26
2020-2021       18      0.00051  0.00051  0.50   99237      50   99211  6280450  63.29
2020-2021       19      0.00077  0.00077  0.50   99186      76   99148  6181239  62.32
2020-2021       20      0.00057  0.00057  0.50   99110      57   99081  6082091  61.37
2020-2021       21      0.00079  0.00079  0.50   99053      78   99013  5983010  60.40
2020-2021       22      0.00057  0.00057  0.50   98974      56   98946  5883996  59.45
2020-2021       23      0.00077  0.00077  0.50   98918      76   98880  5785050  58.48
2020-2021       24      0.00067  0.00067  0.50   98842      66   98809  5686170  57.53
2020-2021       25      0.00065  0.00065  0.50   98776      64   98744  5587361  56.57
2020-2021       26      0.00080  0.00080  0.50   98712      79   98672  5488617  55.60
2020-2021       27      0.00055  0.00055  0.50   98633      54   98606  5389945  54.65
2020-2021       28      0.00084  0.00084  0.50   98579      82   98537  5291339  53.68
2020-2021       29      0.00075  0.00075  0.50   98496      74   98459  5192802  52.72
2020-2021       30      0.00083  0.00083  0.50   98422      82   98382  5094342  51.76
2020-2021       31      0.00081  0.00081  0.50   98341      80   98301  4995961  50.80
2020-2021       32      0.00080  0.00080  0.50   98261      78   98222  4897660  49.84
2020-2021       33      0.00086  0.00086  0.50   98183      85   98140  4799438  48.88
2020-2021       34      0.00081  0.00081  0.50   98098      79   98058  4701298  47.92
2020-2021       35      0.00074  0.00074  0.50   98019      73   97982  4603239  46.96
2020-2021       36      0.00102  0.00102  0.50   97946     100   97896  4505257  46.00
2020-2021       37      0.00130  0.00130  0.50   97846     127   97783  4407361  45.04
2020-2021       38      0.00096  0.00096  0.50   97719      94   97672  4309578  44.10
2020-2021       39      0.00097  0.00097  0.50   97625      95   97577  4211906  43.14
2020-2021       40      0.00113  0.00113  0.50   97530     111   97475  4114329  42.19
2020-2021       41      0.00150  0.00150  0.50   97419     146   97346  4016854  41.23
2020-2021       42      0.00133  0.00133  0.50   97273     129   97208  3919508  40.29
2020-2021       43      0.00165  0.00164  0.50   97144     160   97064  3822300  39.35
2020-2021       44      0.00174  0.00174  0.50   96984     169   96900  3725236  38.41
2020-2021       45      0.00172  0.00172  0.50   96815     167   96732  3628336  37.48
2020-2021       46      0.00193  0.00192  0.50   96648     186   96555  3531604  36.54
2020-2021       47      0.00243  0.00243  0.50   96462     234   96345  3435049  35.61
2020-2021       48      0.00227  0.00227  0.50   96228     219   96119  3338704  34.70
2020-2021       49      0.00243  0.00243  0.50   96010     233   95893  3242585  33.77
2020-2021       50      0.00263  0.00263  0.50   95776     252   95651  3146692  32.85
2020-2021       51      0.00294  0.00294  0.50   95525     281   95384  3051041  31.94
2020-2021       52      0.00346  0.00346  0.50   95244     329   95080  2955657  31.03
2020-2021       53      0.00348  0.00348  0.50   94915     330   94750  2860577  30.14
2020-2021       54      0.00459  0.00458  0.50   94585     433   94368  2765827  29.24
2020-2021       55      0.00405  0.00404  0.50   94152     380   93962  2671459  28.37
2020-2021       56      0.00491  0.00490  0.50   93772     459   93542  2577497  27.49
2020-2021       57      0.00514  0.00513  0.50   93312     479   93073  2483955  26.62
2020-2021       58      0.00553  0.00552  0.50   92834     512   92578  2390882  25.75
2020-2021       59      0.00574  0.00572  0.50   92322     528   92058  2298304  24.89
2020-2021       60      0.00649  0.00647  0.50   91793     594   91496  2206247  24.03
2020-2021       61      0.00719  0.00717  0.50   91199     654   90873  2114750  23.19
2020-2021       62      0.00738  0.00736  0.50   90546     666   90213  2023878  22.35
2020-2021       63      0.00830  0.00826  0.50   89880     743   89508  1933665  21.51
2020-2021       64      0.00884  0.00880  0.50   89137     784   88745  1844157  20.69
2020-2021       65      0.00969  0.00964  0.50   88353     852   87927  1755412  19.87
2020-2021       66      0.01109  0.01103  0.50   87501     965   87018  1667485  19.06
2020-2021       67      0.01184  0.01177  0.50   86535    1019   86026  1580467  18.26
2020-2021       68      0.01304  0.01296  0.50   85517    1108   84963  1494441  17.48
2020-2021       69      0.01413  0.01403  0.50   84409    1184   83816  1409478  16.70
2020-2021       70      0.01551  0.01539  0.50   83224    1280   82584  1325661  15.93
2020-2021       71      0.01718  0.01704  0.50   81944    1396   81246  1243077  15.17
2020-2021       72      0.01813  0.01797  0.50   80548    1447   79824  1161832  14.42
2020-2021       73      0.02014  0.01994  0.50   79100    1577   78312  1082008  13.68
2020-2021       74      0.02365  0.02338  0.50   77523    1812   76617  1003696  12.95
2020-2021       75      0.02711  0.02675  0.50   75711    2025   74698   927079  12.24
2020-2021       76      0.02721  0.02684  0.50   73686    1978   72697   852380  11.57
2020-2021       77      0.03507  0.03447  0.50   71708    2472   70472   779684  10.87
2020-2021       78      0.03805  0.03734  0.50   69236    2585   67943   709212  10.24
2020-2021       79      0.04158  0.04073  0.50   66650    2715   65293   641269   9.62
2020-2021       80      0.04736  0.04626  0.50   63935    2958   62457   575976   9.01
2020-2021       81      0.05242  0.05108  0.50   60978    3115   59420   513520   8.42
2020-2021       82      0.05831  0.05666  0.50   57863    3278   56224   454099   7.85
2020-2021       83      0.07073  0.06832  0.50   54584    3729   52720   397876   7.29
2020-2021       84      0.07768  0.07477  0.50   50855    3803   48954   345156   6.79
2020-2021       85      0.09302  0.08889  0.50   47053    4182   44961   296202   6.30
2020-2021       86      0.09698  0.09250  0.50   42870    3965   40888   251240   5.86
2020-2021       87      0.11461  0.10840  0.50   38905    4217   36796   210353   5.41
2020-2021       88      0.13099  0.12294  0.50   34687    4264   32555   173557   5.00
2020-2021       89      0.14563  0.13575  0.50   30423    4130   28358   141002   4.63
2020-2021       90      0.16070  0.14875  0.50   26293    3911   24338   112643   4.28
2020-2021       91      0.18728  0.17125  0.50   22382    3833   20466    88306   3.95
2020-2021       92      0.20003  0.18184  0.50   18549    3373   16863    67840   3.66
2020-2021       93      0.23602  0.21111  0.50   15176    3204   13574    50977   3.36
2020-2021       94      0.25387  0.22528  0.50   11972    2697   10624    37403   3.12
2020-2021       95      0.28465  0.24918  0.50    9275    2311    8120    26779   2.89
2020-2021       96      0.31406  0.27144  0.50    6964    1890    6019    18659   2.68
2020-2021       97      0.34506  0.29428  0.50    5074    1493    4327    12640   2.49
2020-2021       98      0.37742  0.31751  0.50    3581    1137    3012     8313   2.32
2020-2021       99      0.41092  0.34088  0.50    2444     833    2027     5301   2.17
2020-2021      100      0.44527  0.36419  0.50    1611     587    1317     3274   2.03
2020-2021      101      0.48015  0.38719  0.50    1024     397     826     1956   1.91
2020-2021      102      0.51522  0.40968  0.50     628     257     499     1131   1.80
2020-2021      103      0.55014  0.43146  0.50     370     160     291      632   1.70
2020-2021      104      0.58457  0.45236  0.50     211      95     163      341   1.62
2020-2021      105      0.61820  0.47223  0.50     115      54      88      178   1.54
2020-2021      106      0.65073  0.49098  0.50      61      30      46       90   1.48
2020-2021      107      0.68192  0.50853  0.50      31      16      23       44   1.42
2020-2021      108      0.71156  0.52483  0.50      15       8      11       21   1.37
2020-2021      109      0.73949  0.53987  0.50       7       4       5       10   1.33
2020-2021      110+     0.76560  1.00000  1.31       3       3       4        4   1.31
