Poland, Life tables (period 1x10), Males	Last modified: 13 Apr 2021;  Methods Protocol: v6 (2017)

  Year          Age         mx       qx    ax      lx      dx      Lx       Tx     ex
1958-1959        0      0.08315  0.07858  0.30  100000    7858   94493  6280456  62.80
1958-1959        1      0.00511  0.00510  0.50   92142     470   91908  6185963  67.13
1958-1959        2      0.00200  0.00200  0.50   91673     183   91581  6094055  66.48
1958-1959        3      0.00146  0.00145  0.50   91489     133   91423  6002474  65.61
1958-1959        4      0.00108  0.00108  0.50   91356      98   91307  5911051  64.70
1958-1959        5      0.00092  0.00092  0.50   91258      84   91216  5819744  63.77
1958-1959        6      0.00082  0.00082  0.50   91174      75   91136  5728528  62.83
1958-1959        7      0.00081  0.00081  0.50   91099      74   91062  5637392  61.88
1958-1959        8      0.00072  0.00072  0.50   91025      65   90993  5546329  60.93
1958-1959        9      0.00064  0.00064  0.50   90960      58   90931  5455337  59.98
1958-1959       10      0.00066  0.00066  0.50   90902      60   90872  5364406  59.01
1958-1959       11      0.00066  0.00066  0.50   90842      60   90813  5273533  58.05
1958-1959       12      0.00063  0.00063  0.50   90783      57   90754  5182721  57.09
1958-1959       13      0.00068  0.00068  0.50   90726      61   90695  5091967  56.12
1958-1959       14      0.00082  0.00082  0.50   90664      74   90627  5001272  55.16
1958-1959       15      0.00087  0.00087  0.50   90590      79   90551  4910644  54.21
1958-1959       16      0.00103  0.00103  0.50   90511      93   90465  4820094  53.25
1958-1959       17      0.00128  0.00128  0.50   90418     115   90361  4729629  52.31
1958-1959       18      0.00141  0.00141  0.50   90303     127   90239  4639268  51.37
1958-1959       19      0.00182  0.00181  0.50   90175     164   90094  4549029  50.45
1958-1959       20      0.00201  0.00201  0.50   90012     181   89921  4458935  49.54
1958-1959       21      0.00207  0.00207  0.50   89831     186   89738  4369014  48.64
1958-1959       22      0.00199  0.00198  0.50   89645     178   89556  4279276  47.74
1958-1959       23      0.00194  0.00194  0.50   89467     173   89381  4189720  46.83
1958-1959       24      0.00212  0.00212  0.50   89294     189   89199  4100339  45.92
1958-1959       25      0.00215  0.00215  0.50   89104     192   89009  4011140  45.02
1958-1959       26      0.00211  0.00211  0.50   88913     187   88819  3922131  44.11
1958-1959       27      0.00209  0.00208  0.50   88725     185   88633  3833312  43.20
1958-1959       28      0.00218  0.00218  0.50   88540     193   88444  3744679  42.29
1958-1959       29      0.00237  0.00237  0.50   88348     209   88243  3656235  41.38
1958-1959       30      0.00246  0.00246  0.50   88138     217   88030  3567992  40.48
1958-1959       31      0.00250  0.00250  0.50   87921     220   87812  3479963  39.58
1958-1959       32      0.00252  0.00251  0.50   87702     220   87592  3392151  38.68
1958-1959       33      0.00265  0.00265  0.50   87481     232   87365  3304559  37.77
1958-1959       34      0.00275  0.00274  0.50   87250     239   87130  3217194  36.87
1958-1959       35      0.00281  0.00280  0.50   87010     244   86888  3130064  35.97
1958-1959       36      0.00285  0.00285  0.50   86766     247   86643  3043176  35.07
1958-1959       37      0.00299  0.00298  0.50   86520     258   86390  2956533  34.17
1958-1959       38      0.00339  0.00338  0.50   86261     292   86116  2870142  33.27
1958-1959       39      0.00349  0.00348  0.50   85970     299   85820  2784027  32.38
1958-1959       40      0.00363  0.00363  0.50   85670     311   85515  2698206  31.50
1958-1959       41      0.00370  0.00369  0.50   85360     315   85202  2612692  30.61
1958-1959       42      0.00422  0.00422  0.50   85044     359   84865  2527490  29.72
1958-1959       43      0.00445  0.00444  0.50   84686     376   84498  2442624  28.84
1958-1959       44      0.00500  0.00499  0.50   84310     421   84100  2358126  27.97
1958-1959       45      0.00506  0.00505  0.50   83890     424   83678  2274026  27.11
1958-1959       46      0.00570  0.00568  0.50   83466     474   83229  2190349  26.24
1958-1959       47      0.00619  0.00617  0.50   82991     512   82736  2107120  25.39
1958-1959       48      0.00669  0.00667  0.50   82480     550   82205  2024385  24.54
1958-1959       49      0.00734  0.00732  0.50   81930     599   81630  1942180  23.71
1958-1959       50      0.00822  0.00819  0.50   81330     666   80997  1860550  22.88
1958-1959       51      0.00899  0.00895  0.50   80664     722   80303  1779553  22.06
1958-1959       52      0.01033  0.01028  0.50   79942     822   79531  1699250  21.26
1958-1959       53      0.01095  0.01089  0.50   79120     861   78690  1619719  20.47
1958-1959       54      0.01204  0.01197  0.50   78259     937   77791  1541029  19.69
1958-1959       55      0.01297  0.01288  0.50   77322     996   76824  1463238  18.92
1958-1959       56      0.01517  0.01505  0.50   76326    1149   75752  1386414  18.16
1958-1959       57      0.01655  0.01641  0.50   75177    1234   74560  1310663  17.43
1958-1959       58      0.01842  0.01825  0.50   73943    1350   73269  1236103  16.72
1958-1959       59      0.02035  0.02014  0.50   72594    1462   71863  1162834  16.02
1958-1959       60      0.02303  0.02276  0.50   71131    1619   70322  1090971  15.34
1958-1959       61      0.02505  0.02474  0.50   69512    1720   68652  1020650  14.68
1958-1959       62      0.02741  0.02704  0.50   67792    1833   66876   951997  14.04
1958-1959       63      0.02886  0.02845  0.50   65959    1877   65021   885122  13.42
1958-1959       64      0.03145  0.03097  0.50   64082    1984   63090   820101  12.80
1958-1959       65      0.03451  0.03393  0.50   62098    2107   61045   757011  12.19
1958-1959       66      0.03730  0.03662  0.50   59991    2197   58893   695966  11.60
1958-1959       67      0.04259  0.04170  0.50   57795    2410   56590   637073  11.02
1958-1959       68      0.04689  0.04581  0.50   55385    2537   54116   580484  10.48
1958-1959       69      0.04982  0.04861  0.50   52847    2569   51563   526368   9.96
1958-1959       70      0.05337  0.05198  0.50   50278    2614   48972   474805   9.44
1958-1959       71      0.06040  0.05863  0.50   47665    2795   46268   425833   8.93
1958-1959       72      0.06672  0.06457  0.50   44870    2897   43422   379566   8.46
1958-1959       73      0.07080  0.06838  0.50   41973    2870   40538   336144   8.01
1958-1959       74      0.07616  0.07336  0.50   39103    2869   37669   295606   7.56
1958-1959       75      0.08513  0.08165  0.50   36234    2959   34755   257937   7.12
1958-1959       76      0.09486  0.09056  0.50   33276    3013   31769   223182   6.71
1958-1959       77      0.10014  0.09537  0.50   30262    2886   28819   191413   6.33
1958-1959       78      0.11740  0.11089  0.50   27376    3036   25858   162594   5.94
1958-1959       79      0.11811  0.11153  0.50   24340    2715   22983   136736   5.62
1958-1959       80      0.13479  0.12628  0.50   21626    2731   20260   113753   5.26
1958-1959       81      0.14449  0.13476  0.50   18895    2546   17622    93492   4.95
1958-1959       82      0.15749  0.14600  0.50   16349    2387   15155    75870   4.64
1958-1959       83      0.17673  0.16238  0.50   13962    2267   12828    60715   4.35
1958-1959       84      0.18697  0.17098  0.50   11695    2000   10695    47887   4.09
1958-1959       85      0.21741  0.19609  0.50    9695    1901    8745    37192   3.84
1958-1959       86      0.21591  0.19487  0.50    7794    1519    7035    28448   3.65
1958-1959       87      0.24178  0.21570  0.50    6275    1354    5598    21413   3.41
1958-1959       88      0.25835  0.22879  0.50    4922    1126    4359    15815   3.21
1958-1959       89      0.29601  0.25785  0.50    3796     979    3306    11456   3.02
1958-1959       90      0.28332  0.24817  0.50    2817     699    2467     8150   2.89
1958-1959       91      0.33494  0.28689  0.50    2118     608    1814     5682   2.68
1958-1959       92      0.35715  0.30303  0.50    1510     458    1281     3868   2.56
1958-1959       93      0.36998  0.31222  0.50    1053     329     888     2587   2.46
1958-1959       94      0.37196  0.31363  0.50     724     227     610     1699   2.35
1958-1959       95      0.41845  0.34605  0.50     497     172     411     1088   2.19
1958-1959       96      0.44353  0.36303  0.50     325     118     266      677   2.08
1958-1959       97      0.46891  0.37985  0.50     207      79     168      411   1.99
1958-1959       98      0.49445  0.39644  0.50     128      51     103      244   1.90
1958-1959       99      0.52001  0.41271  0.50      77      32      61      141   1.82
1958-1959      100      0.54548  0.42859  0.50      45      20      36       79   1.74
1958-1959      101      0.57071  0.44401  0.50      26      12      20       44   1.67
1958-1959      102      0.59557  0.45891  0.50      14       7      11       23   1.61
1958-1959      103      0.61995  0.47326  0.50       8       4       6       12   1.56
1958-1959      104      0.64375  0.48700  0.50       4       2       3        6   1.50
1958-1959      105      0.66685  0.50010  0.50       2       1       2        3   1.46
1958-1959      106      0.68918  0.51256  0.50       1       1       1        1   1.42
1958-1959      107      0.71066  0.52435  0.50       1       0       0        1   1.38
1958-1959      108      0.73124  0.53546  0.50       0       0       0        0   1.34
1958-1959      109      0.75087  0.54591  0.50       0       0       0        0   1.32
1958-1959      110+     0.76951  1.00000  1.30       0       0       0        0   1.30
1960-1969        0      0.05194  0.04987  0.20  100000    4987   95999  6573878  65.74
1960-1969        1      0.00291  0.00291  0.50   95013     276   94875  6477879  68.18
1960-1969        2      0.00137  0.00137  0.50   94737     130   94672  6383004  67.38
1960-1969        3      0.00098  0.00098  0.50   94607      93   94561  6288331  66.47
1960-1969        4      0.00082  0.00082  0.50   94514      77   94476  6193771  65.53
1960-1969        5      0.00070  0.00070  0.50   94437      67   94404  6099295  64.59
1960-1969        6      0.00063  0.00063  0.50   94371      59   94341  6004891  63.63
1960-1969        7      0.00058  0.00058  0.50   94312      55   94284  5910549  62.67
1960-1969        8      0.00054  0.00054  0.50   94257      51   94232  5816265  61.71
1960-1969        9      0.00050  0.00050  0.50   94207      47   94183  5722033  60.74
1960-1969       10      0.00049  0.00049  0.50   94160      46   94137  5627850  59.77
1960-1969       11      0.00048  0.00048  0.50   94114      45   94091  5533713  58.80
1960-1969       12      0.00048  0.00048  0.50   94069      45   94046  5439622  57.83
1960-1969       13      0.00051  0.00051  0.50   94023      48   93999  5345576  56.85
1960-1969       14      0.00060  0.00060  0.50   93975      56   93947  5251576  55.88
1960-1969       15      0.00072  0.00072  0.50   93919      68   93885  5157629  54.92
1960-1969       16      0.00080  0.00080  0.50   93851      75   93814  5063744  53.96
1960-1969       17      0.00101  0.00101  0.50   93776      95   93729  4969930  53.00
1960-1969       18      0.00126  0.00126  0.50   93682     118   93623  4876201  52.05
1960-1969       19      0.00152  0.00152  0.50   93564     142   93493  4782578  51.12
1960-1969       20      0.00161  0.00160  0.50   93422     150   93347  4689085  50.19
1960-1969       21      0.00164  0.00164  0.50   93272     153   93196  4595738  49.27
1960-1969       22      0.00175  0.00175  0.50   93120     163   93038  4502542  48.35
1960-1969       23      0.00185  0.00185  0.50   92957     172   92871  4409504  47.44
1960-1969       24      0.00189  0.00189  0.50   92785     176   92697  4316634  46.52
1960-1969       25      0.00195  0.00195  0.50   92609     180   92519  4223937  45.61
1960-1969       26      0.00191  0.00191  0.50   92429     177   92341  4131417  44.70
1960-1969       27      0.00196  0.00195  0.50   92252     180   92162  4039077  43.78
1960-1969       28      0.00200  0.00199  0.50   92072     184   91980  3946915  42.87
1960-1969       29      0.00211  0.00211  0.50   91888     194   91792  3854934  41.95
1960-1969       30      0.00213  0.00213  0.50   91695     195   91597  3763143  41.04
1960-1969       31      0.00222  0.00222  0.50   91500     203   91398  3671546  40.13
1960-1969       32      0.00235  0.00235  0.50   91297     215   91189  3580147  39.21
1960-1969       33      0.00247  0.00246  0.50   91082     224   90970  3488958  38.31
1960-1969       34      0.00256  0.00256  0.50   90858     233   90742  3397988  37.40
1960-1969       35      0.00268  0.00267  0.50   90625     242   90504  3307247  36.49
1960-1969       36      0.00282  0.00282  0.50   90383     255   90256  3216742  35.59
1960-1969       37      0.00297  0.00297  0.50   90128     267   89994  3126487  34.69
1960-1969       38      0.00318  0.00317  0.50   89861     285   89718  3036493  33.79
1960-1969       39      0.00338  0.00337  0.50   89576     302   89425  2946774  32.90
1960-1969       40      0.00360  0.00360  0.50   89274     321   89113  2857350  32.01
1960-1969       41      0.00381  0.00380  0.50   88953     338   88783  2768236  31.12
1960-1969       42      0.00411  0.00410  0.50   88614     363   88433  2679453  30.24
1960-1969       43      0.00441  0.00441  0.50   88251     389   88057  2591020  29.36
1960-1969       44      0.00471  0.00470  0.50   87862     413   87656  2502964  28.49
1960-1969       45      0.00508  0.00507  0.50   87449     443   87228  2415308  27.62
1960-1969       46      0.00564  0.00562  0.50   87006     489   86761  2328080  26.76
1960-1969       47      0.00580  0.00578  0.50   86517     500   86267  2241319  25.91
1960-1969       48      0.00636  0.00634  0.50   86017     546   85744  2155052  25.05
1960-1969       49      0.00711  0.00708  0.50   85471     605   85169  2069308  24.21
1960-1969       50      0.00775  0.00772  0.50   84866     655   84538  1984139  23.38
1960-1969       51      0.00843  0.00839  0.50   84211     707   83858  1899601  22.56
1960-1969       52      0.00938  0.00933  0.50   83504     779   83115  1815743  21.74
1960-1969       53      0.01025  0.01019  0.50   82725     843   82304  1732628  20.94
1960-1969       54      0.01132  0.01126  0.50   81882     922   81421  1650325  20.15
1960-1969       55      0.01235  0.01227  0.50   80960     994   80463  1568904  19.38
1960-1969       56      0.01386  0.01376  0.50   79967    1101   79416  1488440  18.61
1960-1969       57      0.01536  0.01525  0.50   78866    1203   78265  1409024  17.87
1960-1969       58      0.01686  0.01672  0.50   77663    1299   77014  1330760  17.13
1960-1969       59      0.01880  0.01862  0.50   76365    1422   75654  1253745  16.42
1960-1969       60      0.02117  0.02095  0.50   74943    1570   74158  1178092  15.72
1960-1969       61      0.02251  0.02226  0.50   73372    1634   72556  1103934  15.05
1960-1969       62      0.02531  0.02499  0.50   71739    1793   70842  1031379  14.38
1960-1969       63      0.02760  0.02723  0.50   69946    1904   68994   960536  13.73
1960-1969       64      0.03077  0.03030  0.50   68042    2062   67011   891542  13.10
1960-1969       65      0.03417  0.03360  0.50   65980    2217   64871   824532  12.50
1960-1969       66      0.03722  0.03654  0.50   63763    2330   62598   759660  11.91
1960-1969       67      0.04025  0.03946  0.50   61433    2424   60221   697062  11.35
1960-1969       68      0.04422  0.04326  0.50   59009    2553   57733   636841  10.79
1960-1969       69      0.04922  0.04804  0.50   56456    2712   55100   579108  10.26
1960-1969       70      0.05273  0.05137  0.50   53745    2761   52364   524007   9.75
1960-1969       71      0.05786  0.05623  0.50   50984    2867   49550   471643   9.25
1960-1969       72      0.06235  0.06047  0.50   48117    2910   46662   422093   8.77
1960-1969       73      0.06858  0.06631  0.50   45207    2998   43708   375431   8.30
1960-1969       74      0.07439  0.07173  0.50   42210    3028   40696   331723   7.86
1960-1969       75      0.08129  0.07812  0.50   39182    3061   37652   291027   7.43
1960-1969       76      0.08861  0.08485  0.50   36121    3065   34589   253375   7.01
1960-1969       77      0.09646  0.09203  0.50   33056    3042   31535   218787   6.62
1960-1969       78      0.10466  0.09946  0.50   30014    2985   28522   187251   6.24
1960-1969       79      0.11382  0.10769  0.50   27029    2911   25574   158729   5.87
1960-1969       80      0.12848  0.12072  0.50   24119    2912   22663   133155   5.52
1960-1969       81      0.13720  0.12839  0.50   21207    2723   19846   110493   5.21
1960-1969       82      0.15118  0.14056  0.50   18484    2598   17185    90647   4.90
1960-1969       83      0.16356  0.15120  0.50   15886    2402   14685    73462   4.62
1960-1969       84      0.17770  0.16320  0.50   13484    2201   12384    58777   4.36
1960-1969       85      0.19194  0.17514  0.50   11283    1976   10295    46393   4.11
1960-1969       86      0.20695  0.18755  0.50    9307    1746    8435    36098   3.88
1960-1969       87      0.22598  0.20304  0.50    7562    1535    6794    27663   3.66
1960-1969       88      0.23944  0.21384  0.50    6026    1289    5382    20869   3.46
1960-1969       89      0.26047  0.23046  0.50    4738    1092    4192    15487   3.27
1960-1969       90      0.27742  0.24363  0.50    3646     888    3202    11295   3.10
1960-1969       91      0.29682  0.25846  0.50    2758     713    2401     8094   2.93
1960-1969       92      0.31547  0.27249  0.50    2045     557    1766     5692   2.78
1960-1969       93      0.32480  0.27942  0.50    1488     416    1280     3926   2.64
1960-1969       94      0.37665  0.31696  0.50    1072     340     902     2646   2.47
1960-1969       95      0.38106  0.32007  0.50     732     234     615     1744   2.38
1960-1969       96      0.40383  0.33599  0.50     498     167     414     1129   2.27
1960-1969       97      0.42704  0.35190  0.50     331     116     272      715   2.16
1960-1969       98      0.45056  0.36772  0.50     214      79     175      442   2.07
1960-1969       99      0.47431  0.38339  0.50     135      52     109      268   1.98
1960-1969      100      0.49818  0.39883  0.50      84      33      67      158   1.89
1960-1969      101      0.52205  0.41399  0.50      50      21      40       91   1.82
1960-1969      102      0.54582  0.42880  0.50      29      13      23       51   1.75
1960-1969      103      0.56939  0.44321  0.50      17       7      13       28   1.68
1960-1969      104      0.59265  0.45718  0.50       9       4       7       15   1.62
1960-1969      105      0.61550  0.47065  0.50       5       2       4        8   1.57
1960-1969      106      0.63785  0.48361  0.50       3       1       2        4   1.52
1960-1969      107      0.65962  0.49602  0.50       1       1       1        2   1.48
1960-1969      108      0.68073  0.50787  0.50       1       0       1        1   1.44
1960-1969      109      0.70113  0.51914  0.50       0       0       0        0   1.41
1960-1969      110+     0.72076  1.00000  1.39       0       0       0        0   1.39
1970-1979        0      0.03470  0.03369  0.14  100000    3369   97107  6655199  66.55
1970-1979        1      0.00161  0.00161  0.50   96631     155   96553  6558092  67.87
1970-1979        2      0.00093  0.00093  0.50   96475      90   96430  6461540  66.98
1970-1979        3      0.00076  0.00076  0.50   96385      74   96348  6365110  66.04
1970-1979        4      0.00064  0.00064  0.50   96311      62   96280  6268761  65.09
1970-1979        5      0.00058  0.00058  0.50   96250      56   96222  6172481  64.13
1970-1979        6      0.00050  0.00050  0.50   96193      48   96169  6076259  63.17
1970-1979        7      0.00052  0.00052  0.50   96145      50   96120  5980090  62.20
1970-1979        8      0.00046  0.00046  0.50   96095      44   96073  5883970  61.23
1970-1979        9      0.00044  0.00044  0.50   96051      43   96030  5787897  60.26
1970-1979       10      0.00041  0.00041  0.50   96009      39   95989  5691867  59.28
1970-1979       11      0.00039  0.00039  0.50   95969      37   95951  5595878  58.31
1970-1979       12      0.00041  0.00041  0.50   95932      39   95913  5499927  57.33
1970-1979       13      0.00043  0.00043  0.50   95893      42   95873  5404014  56.35
1970-1979       14      0.00052  0.00052  0.50   95852      50   95827  5308142  55.38
1970-1979       15      0.00062  0.00062  0.50   95802      59   95773  5212315  54.41
1970-1979       16      0.00075  0.00075  0.50   95743      71   95708  5116542  53.44
1970-1979       17      0.00093  0.00093  0.50   95672      89   95628  5020834  52.48
1970-1979       18      0.00123  0.00123  0.50   95583     118   95524  4925207  51.53
1970-1979       19      0.00147  0.00147  0.50   95466     140   95395  4829682  50.59
1970-1979       20      0.00158  0.00158  0.50   95325     150   95250  4734287  49.66
1970-1979       21      0.00167  0.00167  0.50   95175     159   95095  4639037  48.74
1970-1979       22      0.00174  0.00174  0.50   95016     165   94933  4543942  47.82
1970-1979       23      0.00181  0.00181  0.50   94851     172   94765  4449008  46.91
1970-1979       24      0.00181  0.00181  0.50   94679     171   94594  4354243  45.99
1970-1979       25      0.00188  0.00187  0.50   94508     177   94420  4259650  45.07
1970-1979       26      0.00190  0.00190  0.50   94331     179   94241  4165230  44.16
1970-1979       27      0.00197  0.00196  0.50   94152     185   94060  4070989  43.24
1970-1979       28      0.00192  0.00192  0.50   93967     180   93877  3976929  42.32
1970-1979       29      0.00206  0.00205  0.50   93787     193   93690  3883052  41.40
1970-1979       30      0.00219  0.00219  0.50   93594     205   93492  3789362  40.49
1970-1979       31      0.00227  0.00227  0.50   93389     212   93283  3695870  39.57
1970-1979       32      0.00235  0.00235  0.50   93177     219   93068  3602587  38.66
1970-1979       33      0.00256  0.00256  0.50   92958     238   92839  3509519  37.75
1970-1979       34      0.00273  0.00272  0.50   92720     252   92594  3416680  36.85
1970-1979       35      0.00290  0.00290  0.50   92468     268   92334  3324086  35.95
1970-1979       36      0.00308  0.00307  0.50   92200     283   92058  3231752  35.05
1970-1979       37      0.00326  0.00326  0.50   91917     299   91767  3139694  34.16
1970-1979       38      0.00351  0.00350  0.50   91617     321   91457  3047927  33.27
1970-1979       39      0.00382  0.00381  0.50   91296     348   91122  2956470  32.38
1970-1979       40      0.00408  0.00407  0.50   90948     370   90763  2865348  31.51
1970-1979       41      0.00441  0.00440  0.50   90578     398   90379  2774585  30.63
1970-1979       42      0.00480  0.00479  0.50   90179     432   89963  2684206  29.77
1970-1979       43      0.00526  0.00524  0.50   89747     471   89512  2594243  28.91
1970-1979       44      0.00565  0.00563  0.50   89277     503   89025  2504731  28.06
1970-1979       45      0.00616  0.00614  0.50   88774     545   88501  2415705  27.21
1970-1979       46      0.00679  0.00677  0.50   88229     597   87930  2327204  26.38
1970-1979       47      0.00733  0.00730  0.50   87632     640   87312  2239274  25.55
1970-1979       48      0.00786  0.00783  0.50   86992     681   86651  2151962  24.74
1970-1979       49      0.00870  0.00866  0.50   86311     748   85937  2065311  23.93
1970-1979       50      0.00940  0.00936  0.50   85563     801   85163  1979374  23.13
1970-1979       51      0.01000  0.00995  0.50   84762     843   84341  1894211  22.35
1970-1979       52      0.01090  0.01084  0.50   83919     910   83464  1809870  21.57
1970-1979       53      0.01163  0.01156  0.50   83009     959   82530  1726406  20.80
1970-1979       54      0.01274  0.01266  0.50   82050    1039   81530  1643877  20.04
1970-1979       55      0.01367  0.01358  0.50   81011    1100   80461  1562347  19.29
1970-1979       56      0.01443  0.01433  0.50   79911    1145   79339  1481886  18.54
1970-1979       57      0.01620  0.01607  0.50   78766    1266   78133  1402547  17.81
1970-1979       58      0.01777  0.01762  0.50   77500    1365   76818  1324414  17.09
1970-1979       59      0.01900  0.01882  0.50   76135    1433   75419  1247596  16.39
1970-1979       60      0.02115  0.02092  0.50   74702    1563   73920  1172177  15.69
1970-1979       61      0.02275  0.02249  0.50   73139    1645   72316  1098257  15.02
1970-1979       62      0.02458  0.02428  0.50   71494    1736   70626  1025940  14.35
1970-1979       63      0.02702  0.02666  0.50   69758    1860   68828   955314  13.69
1970-1979       64      0.02984  0.02940  0.50   67898    1996   66900   886487  13.06
1970-1979       65      0.03281  0.03228  0.50   65902    2127   64838   819587  12.44
1970-1979       66      0.03642  0.03577  0.50   63775    2281   62634   754749  11.83
1970-1979       67      0.04000  0.03921  0.50   61494    2411   60288   692115  11.26
1970-1979       68      0.04419  0.04323  0.50   59082    2554   57805   631827  10.69
1970-1979       69      0.04845  0.04730  0.50   56528    2674   55191   574022  10.15
1970-1979       70      0.05357  0.05217  0.50   53854    2810   52449   518831   9.63
1970-1979       71      0.05888  0.05719  0.50   51044    2919   49584   466382   9.14
1970-1979       72      0.06391  0.06193  0.50   48125    2980   46635   416797   8.66
1970-1979       73      0.07007  0.06770  0.50   45144    3056   43616   370163   8.20
1970-1979       74      0.07689  0.07404  0.50   42088    3116   40530   326546   7.76
1970-1979       75      0.08455  0.08112  0.50   38972    3161   37391   286017   7.34
1970-1979       76      0.09174  0.08772  0.50   35810    3141   34240   248625   6.94
1970-1979       77      0.10085  0.09600  0.50   32669    3136   31101   214386   6.56
1970-1979       78      0.10939  0.10372  0.50   29533    3063   28001   183285   6.21
1970-1979       79      0.12026  0.11343  0.50   26470    3003   24968   155283   5.87
1970-1979       80      0.12762  0.11997  0.50   23467    2815   22060   130315   5.55
1970-1979       81      0.13732  0.12850  0.50   20652    2654   19325   108255   5.24
1970-1979       82      0.14798  0.13779  0.50   17998    2480   16758    88930   4.94
1970-1979       83      0.16065  0.14870  0.50   15518    2308   14364    72172   4.65
1970-1979       84      0.17564  0.16146  0.50   13211    2133   12144    57808   4.38
1970-1979       85      0.19149  0.17476  0.50   11078    1936   10110    45664   4.12
1970-1979       86      0.20630  0.18701  0.50    9142    1710    8287    35554   3.89
1970-1979       87      0.22513  0.20235  0.50    7432    1504    6680    27267   3.67
1970-1979       88      0.24275  0.21647  0.50    5928    1283    5287    20587   3.47
1970-1979       89      0.25830  0.22876  0.50    4645    1063    4114    15300   3.29
1970-1979       90      0.28047  0.24597  0.50    3582     881    3142    11187   3.12
1970-1979       91      0.29332  0.25580  0.50    2701     691    2356     8045   2.98
1970-1979       92      0.30471  0.26442  0.50    2010     532    1744     5689   2.83
1970-1979       93      0.33394  0.28616  0.50    1479     423    1267     3945   2.67
1970-1979       94      0.34958  0.29756  0.50    1056     314     898     2678   2.54
1970-1979       95      0.37784  0.31780  0.50     741     236     624     1779   2.40
1970-1979       96      0.40047  0.33366  0.50     506     169     421     1156   2.28
1970-1979       97      0.42353  0.34952  0.50     337     118     278      734   2.18
1970-1979       98      0.44694  0.36530  0.50     219      80     179      456   2.08
1970-1979       99      0.47057  0.38094  0.50     139      53     113      277   1.99
1970-1979      100      0.49435  0.39637  0.50      86      34      69      164   1.91
1970-1979      101      0.51815  0.41153  0.50      52      21      41       95   1.83
1970-1979      102      0.54186  0.42635  0.50      31      13      24       54   1.76
1970-1979      103      0.56539  0.44078  0.50      18       8      14       30   1.69
1970-1979      104      0.58863  0.45478  0.50      10       4       8       16   1.63
1970-1979      105      0.61148  0.46830  0.50       5       3       4        8   1.58
1970-1979      106      0.63384  0.48131  0.50       3       1       2        4   1.53
1970-1979      107      0.65565  0.49378  0.50       1       1       1        2   1.49
1970-1979      108      0.67682  0.50569  0.50       1       0       1        1   1.45
1970-1979      109      0.69729  0.51703  0.50       0       0       0        1   1.42
1970-1979      110+     0.71700  1.00000  1.39       0       0       0        0   1.39
1980-1989        0      0.02584  0.02526  0.11  100000    2526   97758  6650781  66.51
1980-1989        1      0.00119  0.00119  0.50   97474     116   97416  6553023  67.23
1980-1989        2      0.00070  0.00070  0.50   97358      68   97324  6455607  66.31
1980-1989        3      0.00058  0.00058  0.50   97290      56   97262  6358283  65.35
1980-1989        4      0.00047  0.00047  0.50   97234      46   97211  6261022  64.39
1980-1989        5      0.00042  0.00042  0.50   97188      41   97167  6163811  63.42
1980-1989        6      0.00041  0.00041  0.50   97147      40   97127  6066644  62.45
1980-1989        7      0.00040  0.00040  0.50   97107      39   97087  5969517  61.47
1980-1989        8      0.00038  0.00038  0.50   97068      37   97050  5872430  60.50
1980-1989        9      0.00038  0.00038  0.50   97031      37   97013  5775380  59.52
1980-1989       10      0.00035  0.00035  0.50   96994      34   96977  5678367  58.54
1980-1989       11      0.00035  0.00035  0.50   96960      34   96943  5581391  57.56
1980-1989       12      0.00034  0.00034  0.50   96926      33   96909  5484448  56.58
1980-1989       13      0.00039  0.00039  0.50   96893      37   96874  5387538  55.60
1980-1989       14      0.00044  0.00044  0.50   96855      43   96834  5290664  54.62
1980-1989       15      0.00058  0.00058  0.50   96812      56   96785  5193830  53.65
1980-1989       16      0.00070  0.00070  0.50   96757      68   96723  5097046  52.68
1980-1989       17      0.00092  0.00091  0.50   96689      88   96644  5000323  51.72
1980-1989       18      0.00125  0.00125  0.50   96600     121   96540  4903679  50.76
1980-1989       19      0.00144  0.00144  0.50   96479     139   96410  4807139  49.83
1980-1989       20      0.00149  0.00148  0.50   96341     143   96269  4710729  48.90
1980-1989       21      0.00148  0.00148  0.50   96198     142   96127  4614460  47.97
1980-1989       22      0.00156  0.00156  0.50   96056     150   95981  4518333  47.04
1980-1989       23      0.00166  0.00166  0.50   95906     159   95826  4422352  46.11
1980-1989       24      0.00166  0.00166  0.50   95747     159   95667  4326526  45.19
1980-1989       25      0.00172  0.00172  0.50   95588     164   95506  4230859  44.26
1980-1989       26      0.00176  0.00176  0.50   95424     168   95340  4135353  43.34
1980-1989       27      0.00182  0.00182  0.50   95256     174   95169  4040013  42.41
1980-1989       28      0.00195  0.00195  0.50   95082     185   94990  3944844  41.49
1980-1989       29      0.00200  0.00200  0.50   94897     190   94802  3849854  40.57
1980-1989       30      0.00218  0.00218  0.50   94707     206   94604  3755052  39.65
1980-1989       31      0.00227  0.00227  0.50   94501     214   94394  3660448  38.73
1980-1989       32      0.00240  0.00239  0.50   94287     226   94174  3566054  37.82
1980-1989       33      0.00252  0.00251  0.50   94061     236   93943  3471880  36.91
1980-1989       34      0.00273  0.00273  0.50   93825     256   93697  3377936  36.00
1980-1989       35      0.00294  0.00294  0.50   93569     275   93432  3284240  35.10
1980-1989       36      0.00315  0.00314  0.50   93294     293   93147  3190808  34.20
1980-1989       37      0.00346  0.00346  0.50   93001     321   92840  3097661  33.31
1980-1989       38      0.00376  0.00375  0.50   92680     347   92506  3004820  32.42
1980-1989       39      0.00419  0.00418  0.50   92332     386   92139  2912315  31.54
1980-1989       40      0.00458  0.00457  0.50   91946     420   91736  2820175  30.67
1980-1989       41      0.00496  0.00494  0.50   91526     452   91300  2728439  29.81
1980-1989       42      0.00543  0.00541  0.50   91074     493   90827  2637139  28.96
1980-1989       43      0.00593  0.00591  0.50   90581     536   90313  2546312  28.11
1980-1989       44      0.00653  0.00651  0.50   90045     586   89752  2455999  27.28
1980-1989       45      0.00714  0.00712  0.50   89459     637   89141  2366247  26.45
1980-1989       46      0.00762  0.00759  0.50   88822     674   88485  2277107  25.64
1980-1989       47      0.00838  0.00834  0.50   88148     735   87781  2188622  24.83
1980-1989       48      0.00914  0.00909  0.50   87413     795   87016  2100841  24.03
1980-1989       49      0.01008  0.01003  0.50   86618     869   86184  2013825  23.25
1980-1989       50      0.01087  0.01081  0.50   85749     927   85286  1927641  22.48
1980-1989       51      0.01194  0.01187  0.50   84822    1007   84319  1842356  21.72
1980-1989       52      0.01303  0.01294  0.50   83815    1085   83273  1758037  20.98
1980-1989       53      0.01398  0.01389  0.50   82731    1149   82156  1674764  20.24
1980-1989       54      0.01531  0.01519  0.50   81582    1240   80962  1592608  19.52
1980-1989       55      0.01656  0.01643  0.50   80342    1320   79682  1511646  18.82
1980-1989       56      0.01786  0.01770  0.50   79022    1399   78323  1431964  18.12
1980-1989       57      0.01926  0.01907  0.50   77624    1481   76883  1353640  17.44
1980-1989       58      0.02098  0.02077  0.50   76143    1581   75352  1276757  16.77
1980-1989       59      0.02260  0.02235  0.50   74562    1666   73729  1201405  16.11
1980-1989       60      0.02460  0.02430  0.50   72896    1771   72010  1127676  15.47
1980-1989       61      0.02641  0.02607  0.50   71124    1854   70197  1055666  14.84
1980-1989       62      0.02829  0.02789  0.50   69270    1932   68304   985469  14.23
1980-1989       63      0.03021  0.02976  0.50   67338    2004   66336   917165  13.62
1980-1989       64      0.03296  0.03242  0.50   65334    2118   64275   850829  13.02
1980-1989       65      0.03557  0.03495  0.50   63216    2209   62111   786554  12.44
1980-1989       66      0.03815  0.03744  0.50   61007    2284   59864   724443  11.87
1980-1989       67      0.04080  0.03999  0.50   58722    2348   57548   664579  11.32
1980-1989       68      0.04431  0.04335  0.50   56374    2444   55152   607030  10.77
1980-1989       69      0.04810  0.04697  0.50   53930    2533   52664   551878  10.23
1980-1989       70      0.05219  0.05086  0.50   51397    2614   50090   499214   9.71
1980-1989       71      0.05709  0.05551  0.50   48783    2708   47429   449124   9.21
1980-1989       72      0.06282  0.06090  0.50   46075    2806   44672   401695   8.72
1980-1989       73      0.06833  0.06607  0.50   43269    2859   41840   357023   8.25
1980-1989       74      0.07500  0.07229  0.50   40410    2921   38950   315184   7.80
1980-1989       75      0.08176  0.07855  0.50   37489    2945   36017   276234   7.37
1980-1989       76      0.08990  0.08603  0.50   34544    2972   33058   240217   6.95
1980-1989       77      0.09810  0.09351  0.50   31572    2952   30096   207159   6.56
1980-1989       78      0.10733  0.10187  0.50   28620    2915   27162   177063   6.19
1980-1989       79      0.11680  0.11035  0.50   25705    2837   24286   149901   5.83
1980-1989       80      0.12952  0.12164  0.50   22868    2782   21477   125615   5.49
1980-1989       81      0.14025  0.13106  0.50   20086    2632   18770   104137   5.18
1980-1989       82      0.15164  0.14095  0.50   17454    2460   16224    85367   4.89
1980-1989       83      0.16481  0.15226  0.50   14994    2283   13852    69144   4.61
1980-1989       84      0.17998  0.16512  0.50   12711    2099   11661    55291   4.35
1980-1989       85      0.19235  0.17548  0.50   10612    1862    9681    43630   4.11
1980-1989       86      0.20933  0.18949  0.50    8750    1658    7921    33949   3.88
1980-1989       87      0.22454  0.20188  0.50    7092    1432    6376    26028   3.67
1980-1989       88      0.24314  0.21679  0.50    5660    1227    5047    19652   3.47
1980-1989       89      0.26259  0.23211  0.50    4433    1029    3919    14606   3.29
1980-1989       90      0.27583  0.24240  0.50    3404     825    2992    10687   3.14
1980-1989       91      0.29546  0.25743  0.50    2579     664    2247     7696   2.98
1980-1989       92      0.30891  0.26758  0.50    1915     512    1659     5449   2.85
1980-1989       93      0.33122  0.28416  0.50    1403     399    1203     3790   2.70
1980-1989       94      0.33895  0.28983  0.50    1004     291     859     2586   2.58
1980-1989       95      0.37452  0.31545  0.50     713     225     601     1728   2.42
1980-1989       96      0.39640  0.33083  0.50     488     161     407     1127   2.31
1980-1989       97      0.41870  0.34622  0.50     327     113     270      720   2.20
1980-1989       98      0.44134  0.36156  0.50     214      77     175      450   2.11
1980-1989       99      0.46423  0.37677  0.50     136      51     111      275   2.02
1980-1989      100      0.48727  0.39181  0.50      85      33      68      164   1.93
1980-1989      101      0.51036  0.40660  0.50      52      21      41       96   1.86
1980-1989      102      0.53341  0.42110  0.50      31      13      24       55   1.78
1980-1989      103      0.55631  0.43525  0.50      18       8      14       31   1.72
1980-1989      104      0.57898  0.44900  0.50      10       5       8       17   1.66
1980-1989      105      0.60133  0.46232  0.50       6       3       4        9   1.60
1980-1989      106      0.62325  0.47518  0.50       3       1       2        5   1.55
1980-1989      107      0.64469  0.48753  0.50       2       1       1        2   1.51
1980-1989      108      0.66556  0.49937  0.50       1       0       1        1   1.47
1980-1989      109      0.68580  0.51068  0.50       0       0       0        1   1.44
1980-1989      110+     0.70535  1.00000  1.42       0       0       0        0   1.42
1990-1999        0      0.01588  0.01566  0.12  100000    1566   98618  6738376  67.38
1990-1999        1      0.00082  0.00082  0.50   98434      81   98393  6639759  67.45
1990-1999        2      0.00052  0.00052  0.50   98353      51   98327  6541365  66.51
1990-1999        3      0.00042  0.00042  0.50   98301      41   98281  6443038  65.54
1990-1999        4      0.00034  0.00034  0.50   98261      34   98244  6344757  64.57
1990-1999        5      0.00029  0.00029  0.50   98227      28   98213  6246513  63.59
1990-1999        6      0.00028  0.00028  0.50   98199      27   98185  6148301  62.61
1990-1999        7      0.00026  0.00026  0.50   98172      25   98159  6050115  61.63
1990-1999        8      0.00029  0.00029  0.50   98146      28   98132  5951956  60.64
1990-1999        9      0.00025  0.00025  0.50   98118      25   98106  5853824  59.66
1990-1999       10      0.00028  0.00028  0.50   98093      27   98080  5755718  58.68
1990-1999       11      0.00025  0.00025  0.50   98066      25   98054  5657639  57.69
1990-1999       12      0.00027  0.00027  0.50   98041      27   98028  5559585  56.71
1990-1999       13      0.00031  0.00031  0.50   98014      30   97999  5461557  55.72
1990-1999       14      0.00040  0.00040  0.50   97984      39   97965  5363558  54.74
1990-1999       15      0.00052  0.00052  0.50   97945      51   97920  5265593  53.76
1990-1999       16      0.00069  0.00068  0.50   97894      67   97861  5167674  52.79
1990-1999       17      0.00093  0.00093  0.50   97827      91   97782  5069813  51.82
1990-1999       18      0.00120  0.00120  0.50   97736     118   97678  4972031  50.87
1990-1999       19      0.00137  0.00137  0.50   97619     134   97552  4874353  49.93
1990-1999       20      0.00137  0.00137  0.50   97485     134   97418  4776802  49.00
1990-1999       21      0.00141  0.00141  0.50   97351     138   97283  4679383  48.07
1990-1999       22      0.00150  0.00150  0.50   97214     146   97141  4582101  47.13
1990-1999       23      0.00143  0.00143  0.50   97068     139   96999  4484960  46.20
1990-1999       24      0.00153  0.00153  0.50   96929     148   96855  4387961  45.27
1990-1999       25      0.00150  0.00149  0.50   96781     145   96709  4291106  44.34
1990-1999       26      0.00158  0.00157  0.50   96637     152   96561  4194397  43.40
1990-1999       27      0.00166  0.00166  0.50   96485     160   96404  4097836  42.47
1990-1999       28      0.00175  0.00175  0.50   96324     168   96240  4001432  41.54
1990-1999       29      0.00188  0.00187  0.50   96156     180   96066  3905191  40.61
1990-1999       30      0.00203  0.00203  0.50   95976     194   95879  3809126  39.69
1990-1999       31      0.00216  0.00216  0.50   95781     206   95678  3713247  38.77
1990-1999       32      0.00232  0.00231  0.50   95575     221   95464  3617569  37.85
1990-1999       33      0.00247  0.00247  0.50   95354     235   95236  3522104  36.94
1990-1999       34      0.00278  0.00277  0.50   95119     264   94987  3426868  36.03
1990-1999       35      0.00304  0.00304  0.50   94855     288   94711  3331882  35.13
1990-1999       36      0.00321  0.00321  0.50   94566     303   94415  3237171  34.23
1990-1999       37      0.00356  0.00355  0.50   94263     335   94096  3142756  33.34
1990-1999       38      0.00389  0.00388  0.50   93929     364   93747  3048660  32.46
1990-1999       39      0.00441  0.00440  0.50   93564     412   93358  2954914  31.58
1990-1999       40      0.00473  0.00472  0.50   93152     440   92933  2861555  30.72
1990-1999       41      0.00519  0.00518  0.50   92713     480   92473  2768623  29.86
1990-1999       42      0.00564  0.00562  0.50   92233     519   91974  2676150  29.02
1990-1999       43      0.00625  0.00623  0.50   91714     571   91429  2584176  28.18
1990-1999       44      0.00672  0.00670  0.50   91143     610   90838  2492747  27.35
1990-1999       45      0.00734  0.00731  0.50   90533     662   90202  2401909  26.53
1990-1999       46      0.00802  0.00799  0.50   89871     718   89512  2311708  25.72
1990-1999       47      0.00867  0.00863  0.50   89153     770   88768  2222196  24.93
1990-1999       48      0.00934  0.00929  0.50   88383     822   87972  2133428  24.14
1990-1999       49      0.01018  0.01013  0.50   87562     887   87118  2045455  23.36
1990-1999       50      0.01128  0.01122  0.50   86675     972   86189  1958337  22.59
1990-1999       51      0.01219  0.01212  0.50   85702    1039   85183  1872149  21.84
1990-1999       52      0.01330  0.01321  0.50   84664    1118   84105  1786966  21.11
1990-1999       53      0.01441  0.01431  0.50   83545    1196   82948  1702861  20.38
1990-1999       54      0.01563  0.01550  0.50   82350    1277   81711  1619913  19.67
1990-1999       55      0.01695  0.01681  0.50   81073    1363   80392  1538202  18.97
1990-1999       56      0.01810  0.01794  0.50   79710    1430   78995  1457810  18.29
1990-1999       57      0.01975  0.01956  0.50   78280    1531   77515  1378815  17.61
1990-1999       58      0.02108  0.02086  0.50   76750    1601   75949  1301300  16.96
1990-1999       59      0.02288  0.02262  0.50   75148    1700   74298  1225351  16.31
1990-1999       60      0.02508  0.02476  0.50   73448    1819   72539  1151053  15.67
1990-1999       61      0.02678  0.02643  0.50   71629    1893   70683  1078514  15.06
1990-1999       62      0.02870  0.02830  0.50   69736    1973   68750  1007832  14.45
1990-1999       63      0.03049  0.03003  0.50   67763    2035   66745   939082  13.86
1990-1999       64      0.03317  0.03263  0.50   65728    2144   64656   872337  13.27
1990-1999       65      0.03598  0.03535  0.50   63584    2247   62460   807681  12.70
1990-1999       66      0.03836  0.03763  0.50   61336    2308   60182   745221  12.15
1990-1999       67      0.04146  0.04062  0.50   59028    2398   57829   685039  11.61
1990-1999       68      0.04436  0.04340  0.50   56630    2458   55401   627210  11.08
1990-1999       69      0.04803  0.04691  0.50   54172    2541   52902   571809  10.56
1990-1999       70      0.05226  0.05093  0.50   51631    2630   50317   518907  10.05
1990-1999       71      0.05552  0.05402  0.50   49002    2647   47678   468590   9.56
1990-1999       72      0.05986  0.05812  0.50   46355    2694   45008   420912   9.08
1990-1999       73      0.06479  0.06276  0.50   43660    2740   42290   375904   8.61
1990-1999       74      0.06980  0.06745  0.50   40920    2760   39540   333614   8.15
1990-1999       75      0.07635  0.07354  0.50   38160    2806   36757   294074   7.71
1990-1999       76      0.08320  0.07988  0.50   35354    2824   33942   257317   7.28
1990-1999       77      0.09102  0.08706  0.50   32530    2832   31114   223375   6.87
1990-1999       78      0.09973  0.09499  0.50   29698    2821   28287   192261   6.47
1990-1999       79      0.10954  0.10385  0.50   26877    2791   25481   163974   6.10
1990-1999       80      0.11916  0.11246  0.50   24086    2709   22731   138492   5.75
1990-1999       81      0.12930  0.12145  0.50   21377    2596   20079   115761   5.42
1990-1999       82      0.14180  0.13241  0.50   18781    2487   17537    95682   5.09
1990-1999       83      0.15384  0.14286  0.50   16294    2328   15130    78145   4.80
1990-1999       84      0.16778  0.15479  0.50   13966    2162   12885    63015   4.51
1990-1999       85      0.18043  0.16550  0.50   11804    1954   10827    50130   4.25
1990-1999       86      0.19620  0.17868  0.50    9851    1760    8971    39302   3.99
1990-1999       87      0.21490  0.19405  0.50    8091    1570    7306    30332   3.75
1990-1999       88      0.22907  0.20553  0.50    6521    1340    5851    23026   3.53
1990-1999       89      0.25134  0.22328  0.50    5180    1157    4602    17176   3.32
1990-1999       90      0.27183  0.23930  0.50    4024     963    3542    12574   3.12
1990-1999       91      0.29050  0.25365  0.50    3061     776    2673     9031   2.95
1990-1999       92      0.31452  0.27178  0.50    2284     621    1974     6359   2.78
1990-1999       93      0.33579  0.28752  0.50    1664     478    1424     4385   2.64
1990-1999       94      0.36650  0.30974  0.50    1185     367    1002     2960   2.50
1990-1999       95      0.37717  0.31733  0.50     818     260     688     1958   2.39
1990-1999       96      0.40097  0.33401  0.50     559     187     465     1270   2.27
1990-1999       97      0.42524  0.35068  0.50     372     130     307      805   2.16
1990-1999       98      0.44988  0.36727  0.50     242      89     197      498   2.06
1990-1999       99      0.47477  0.38369  0.50     153      59     124      301   1.97
1990-1999      100      0.49978  0.39986  0.50      94      38      75      177   1.88
1990-1999      101      0.52479  0.41571  0.50      57      23      45      102   1.80
1990-1999      102      0.54968  0.43118  0.50      33      14      26       57   1.73
1990-1999      103      0.57432  0.44619  0.50      19       8      15       31   1.67
1990-1999      104      0.59860  0.46071  0.50      10       5       8       17   1.61
1990-1999      105      0.62241  0.47469  0.50       6       3       4        9   1.55
1990-1999      106      0.64564  0.48808  0.50       3       1       2        4   1.50
1990-1999      107      0.66820  0.50086  0.50       2       1       1        2   1.46
1990-1999      108      0.69002  0.51302  0.50       1       0       1        1   1.42
1990-1999      109      0.71102  0.52454  0.50       0       0       0        1   1.39
1990-1999      110+     0.73115  1.00000  1.37       0       0       0        0   1.37
2000-2009        0      0.00715  0.00711  0.14  100000     711   99385  7070696  70.71
2000-2009        1      0.00049  0.00049  0.50   99289      49   99265  6971311  70.21
2000-2009        2      0.00028  0.00028  0.50   99240      28   99226  6872046  69.25
2000-2009        3      0.00022  0.00022  0.50   99212      22   99201  6772820  68.27
2000-2009        4      0.00021  0.00021  0.50   99191      21   99180  6673618  67.28
2000-2009        5      0.00020  0.00020  0.50   99170      20   99160  6574438  66.29
2000-2009        6      0.00018  0.00018  0.50   99150      17   99141  6475278  65.31
2000-2009        7      0.00018  0.00018  0.50   99132      18   99123  6376137  64.32
2000-2009        8      0.00018  0.00018  0.50   99114      18   99105  6277014  63.33
2000-2009        9      0.00018  0.00018  0.50   99096      17   99088  6177908  62.34
2000-2009       10      0.00018  0.00018  0.50   99079      18   99070  6078821  61.35
2000-2009       11      0.00018  0.00018  0.50   99061      18   99052  5979751  60.36
2000-2009       12      0.00019  0.00019  0.50   99043      19   99033  5880699  59.38
2000-2009       13      0.00024  0.00024  0.50   99023      23   99011  5781667  58.39
2000-2009       14      0.00029  0.00029  0.50   99000      29   98985  5682655  57.40
2000-2009       15      0.00037  0.00037  0.50   98971      37   98953  5583670  56.42
2000-2009       16      0.00049  0.00049  0.50   98934      48   98910  5484717  55.44
2000-2009       17      0.00067  0.00067  0.50   98886      66   98853  5385807  54.46
2000-2009       18      0.00093  0.00093  0.50   98820      91   98774  5286954  53.50
2000-2009       19      0.00100  0.00100  0.50   98729      99   98679  5188180  52.55
2000-2009       20      0.00108  0.00108  0.50   98630     106   98577  5089501  51.60
2000-2009       21      0.00111  0.00111  0.50   98523     109   98469  4990924  50.66
2000-2009       22      0.00117  0.00117  0.50   98414     115   98357  4892455  49.71
2000-2009       23      0.00114  0.00114  0.50   98299     112   98243  4794099  48.77
2000-2009       24      0.00112  0.00112  0.50   98187     110   98132  4695856  47.83
2000-2009       25      0.00118  0.00118  0.50   98077     116   98019  4597724  46.88
2000-2009       26      0.00116  0.00116  0.50   97961     114   97904  4499705  45.93
2000-2009       27      0.00122  0.00122  0.50   97847     119   97788  4401801  44.99
2000-2009       28      0.00125  0.00125  0.50   97728     122   97667  4304013  44.04
2000-2009       29      0.00135  0.00135  0.50   97606     132   97540  4206346  43.10
2000-2009       30      0.00147  0.00146  0.50   97474     143   97403  4108805  42.15
2000-2009       31      0.00151  0.00151  0.50   97332     147   97258  4011402  41.21
2000-2009       32      0.00166  0.00166  0.50   97185     162   97104  3914144  40.28
2000-2009       33      0.00180  0.00180  0.50   97023     174   96936  3817040  39.34
2000-2009       34      0.00196  0.00196  0.50   96849     190   96754  3720104  38.41
2000-2009       35      0.00217  0.00216  0.50   96659     209   96555  3623349  37.49
2000-2009       36      0.00232  0.00232  0.50   96450     224   96338  3526795  36.57
2000-2009       37      0.00263  0.00263  0.50   96226     253   96100  3430457  35.65
2000-2009       38      0.00285  0.00284  0.50   95973     273   95837  3334357  34.74
2000-2009       39      0.00320  0.00319  0.50   95700     306   95548  3238520  33.84
2000-2009       40      0.00350  0.00350  0.50   95395     334   95228  3142973  32.95
2000-2009       41      0.00397  0.00396  0.50   95061     376   94873  3047745  32.06
2000-2009       42      0.00427  0.00426  0.50   94685     404   94483  2952871  31.19
2000-2009       43      0.00465  0.00464  0.50   94281     437   94063  2858388  30.32
2000-2009       44      0.00528  0.00527  0.50   93844     494   93597  2764326  29.46
2000-2009       45      0.00587  0.00585  0.50   93350     546   93076  2670729  28.61
2000-2009       46      0.00639  0.00637  0.50   92803     591   92508  2577653  27.78
2000-2009       47      0.00710  0.00708  0.50   92212     653   91886  2485145  26.95
2000-2009       48      0.00769  0.00766  0.50   91559     701   91209  2393259  26.14
2000-2009       49      0.00854  0.00850  0.50   90858     773   90472  2302051  25.34
2000-2009       50      0.00937  0.00933  0.50   90085     841   89665  2211579  24.55
2000-2009       51      0.01008  0.01003  0.50   89245     895   88797  2121914  23.78
2000-2009       52      0.01085  0.01079  0.50   88350     954   87873  2033117  23.01
2000-2009       53      0.01191  0.01184  0.50   87396    1035   86879  1945244  22.26
2000-2009       54      0.01281  0.01273  0.50   86361    1099   85812  1858365  21.52
2000-2009       55      0.01386  0.01376  0.50   85262    1173   84675  1772554  20.79
2000-2009       56      0.01491  0.01480  0.50   84089    1245   83466  1687878  20.07
2000-2009       57      0.01613  0.01601  0.50   82844    1326   82181  1604412  19.37
2000-2009       58      0.01722  0.01707  0.50   81518    1392   80822  1522232  18.67
2000-2009       59      0.01857  0.01839  0.50   80126    1474   79389  1441410  17.99
2000-2009       60      0.02036  0.02016  0.50   78652    1585   77859  1362021  17.32
2000-2009       61      0.02172  0.02149  0.50   77067    1656   76239  1284162  16.66
2000-2009       62      0.02337  0.02310  0.50   75411    1742   74539  1207923  16.02
2000-2009       63      0.02503  0.02473  0.50   73668    1821   72758  1133384  15.38
2000-2009       64      0.02719  0.02682  0.50   71847    1927   70883  1060626  14.76
2000-2009       65      0.02955  0.02912  0.50   69920    2036   68902   989743  14.16
2000-2009       66      0.03126  0.03078  0.50   67884    2090   66839   920841  13.57
2000-2009       67      0.03397  0.03341  0.50   65794    2198   64695   854002  12.98
2000-2009       68      0.03639  0.03574  0.50   63596    2273   62460   789307  12.41
2000-2009       69      0.03899  0.03825  0.50   61323    2346   60150   726848  11.85
2000-2009       70      0.04234  0.04146  0.50   58978    2445   57755   666697  11.30
2000-2009       71      0.04539  0.04438  0.50   56532    2509   55278   608942  10.77
2000-2009       72      0.04972  0.04851  0.50   54023    2621   52713   553664  10.25
2000-2009       73      0.05324  0.05186  0.50   51403    2666   50070   500951   9.75
2000-2009       74      0.05750  0.05589  0.50   48737    2724   47375   450882   9.25
2000-2009       75      0.06277  0.06086  0.50   46013    2800   44613   403507   8.77
2000-2009       76      0.06780  0.06557  0.50   43213    2834   41796   358894   8.31
2000-2009       77      0.07334  0.07075  0.50   40379    2857   38951   317098   7.85
2000-2009       78      0.08075  0.07762  0.50   37522    2912   36066   278147   7.41
2000-2009       79      0.08805  0.08434  0.50   34610    2919   33151   242081   6.99
2000-2009       80      0.09529  0.09095  0.50   31691    2882   30250   208931   6.59
2000-2009       81      0.10363  0.09852  0.50   28809    2838   27390   178681   6.20
2000-2009       82      0.11335  0.10727  0.50   25970    2786   24578   151291   5.83
2000-2009       83      0.12477  0.11744  0.50   23185    2723   21823   126714   5.47
2000-2009       84      0.13570  0.12708  0.50   20462    2600   19162   104890   5.13
2000-2009       85      0.14958  0.13917  0.50   17862    2486   16619    85729   4.80
2000-2009       86      0.16410  0.15166  0.50   15376    2332   14210    69110   4.49
2000-2009       87      0.18097  0.16596  0.50   13044    2165   11961    54900   4.21
2000-2009       88      0.19767  0.17989  0.50   10879    1957    9901    42939   3.95
2000-2009       89      0.21626  0.19515  0.50    8922    1741    8051    33038   3.70
2000-2009       90      0.23227  0.20810  0.50    7181    1494    6434    24987   3.48
2000-2009       91      0.25321  0.22475  0.50    5687    1278    5047    18553   3.26
2000-2009       92      0.27482  0.24162  0.50    4408    1065    3876    13506   3.06
2000-2009       93      0.30267  0.26288  0.50    3343     879    2904     9630   2.88
2000-2009       94      0.32240  0.27765  0.50    2464     684    2122     6726   2.73
2000-2009       95      0.34098  0.29131  0.50    1780     519    1521     4604   2.59
2000-2009       96      0.36542  0.30897  0.50    1262     390    1067     3083   2.44
2000-2009       97      0.39057  0.32676  0.50     872     285     729     2016   2.31
2000-2009       98      0.41632  0.34459  0.50     587     202     486     1287   2.19
2000-2009       99      0.44253  0.36235  0.50     385     139     315      801   2.08
2000-2009      100      0.46906  0.37995  0.50     245      93     199      486   1.98
2000-2009      101      0.49578  0.39729  0.50     152      60     122      287   1.89
2000-2009      102      0.52251  0.41428  0.50      92      38      73      166   1.81
2000-2009      103      0.54912  0.43083  0.50      54      23      42       93   1.73
2000-2009      104      0.57545  0.44687  0.50      31      14      24       51   1.66
2000-2009      105      0.60136  0.46234  0.50      17       8      13       27   1.60
2000-2009      106      0.62671  0.47718  0.50       9       4       7       14   1.54
2000-2009      107      0.65139  0.49136  0.50       5       2       4        7   1.49
2000-2009      108      0.67528  0.50483  0.50       2       1       2        3   1.45
2000-2009      109      0.69829  0.51758  0.50       1       1       1        2   1.41
2000-2009      110+     0.72034  1.00000  1.39       1       1       1        1   1.39
2010-2019        0      0.00468  0.00466  0.14  100000     466   99599  7328521  73.29
2010-2019        1      0.00030  0.00030  0.50   99534      29   99519  7228921  72.63
2010-2019        2      0.00019  0.00019  0.50   99505      19   99495  7129402  71.65
2010-2019        3      0.00016  0.00016  0.50   99486      16   99478  7029907  70.66
2010-2019        4      0.00013  0.00013  0.50   99470      12   99464  6930428  69.67
2010-2019        5      0.00011  0.00011  0.50   99458      11   99452  6830964  68.68
2010-2019        6      0.00011  0.00011  0.50   99447      11   99441  6731512  67.69
2010-2019        7      0.00010  0.00010  0.50   99436      10   99431  6632071  66.70
2010-2019        8      0.00011  0.00011  0.50   99426      11   99420  6532640  65.70
2010-2019        9      0.00011  0.00011  0.50   99415      11   99409  6433220  64.71
2010-2019       10      0.00011  0.00011  0.50   99404      11   99398  6333810  63.72
2010-2019       11      0.00012  0.00012  0.50   99393      12   99387  6234412  62.73
2010-2019       12      0.00013  0.00013  0.50   99381      13   99374  6135026  61.73
2010-2019       13      0.00017  0.00017  0.50   99368      17   99359  6035651  60.74
2010-2019       14      0.00021  0.00021  0.50   99351      21   99341  5936292  59.75
2010-2019       15      0.00027  0.00027  0.50   99330      27   99317  5836951  58.76
2010-2019       16      0.00040  0.00040  0.50   99303      40   99283  5737635  57.78
2010-2019       17      0.00050  0.00050  0.50   99263      49   99239  5638351  56.80
2010-2019       18      0.00077  0.00077  0.50   99214      76   99176  5539113  55.83
2010-2019       19      0.00088  0.00088  0.50   99138      87   99094  5439937  54.87
2010-2019       20      0.00094  0.00093  0.50   99051      93   99005  5340843  53.92
2010-2019       21      0.00094  0.00094  0.50   98958      93   98912  5241838  52.97
2010-2019       22      0.00096  0.00096  0.50   98865      95   98817  5142927  52.02
2010-2019       23      0.00096  0.00096  0.50   98770      95   98722  5044109  51.07
2010-2019       24      0.00099  0.00099  0.50   98675      98   98626  4945387  50.12
2010-2019       25      0.00103  0.00103  0.50   98577     101   98526  4846762  49.17
2010-2019       26      0.00103  0.00103  0.50   98475     101   98425  4748236  48.22
2010-2019       27      0.00107  0.00107  0.50   98374     106   98321  4649811  47.27
2010-2019       28      0.00110  0.00110  0.50   98268     108   98214  4551490  46.32
2010-2019       29      0.00116  0.00115  0.50   98160     113   98104  4453275  45.37
2010-2019       30      0.00122  0.00122  0.50   98047     120   97987  4355172  44.42
2010-2019       31      0.00131  0.00131  0.50   97927     129   97863  4257184  43.47
2010-2019       32      0.00141  0.00141  0.50   97799     138   97730  4159322  42.53
2010-2019       33      0.00146  0.00145  0.50   97661     142   97590  4061592  41.59
2010-2019       34      0.00161  0.00161  0.50   97519     157   97440  3964002  40.65
2010-2019       35      0.00174  0.00174  0.50   97362     170   97277  3866562  39.71
2010-2019       36      0.00185  0.00185  0.50   97192     180   97102  3769285  38.78
2010-2019       37      0.00203  0.00203  0.50   97012     197   96914  3672183  37.85
2010-2019       38      0.00226  0.00225  0.50   96815     218   96706  3575269  36.93
2010-2019       39      0.00240  0.00240  0.50   96597     232   96481  3478563  36.01
2010-2019       40      0.00265  0.00264  0.50   96365     255   96237  3382082  35.10
2010-2019       41      0.00295  0.00295  0.50   96110     283   95968  3285845  34.19
2010-2019       42      0.00322  0.00322  0.50   95827     308   95672  3189876  33.29
2010-2019       43      0.00358  0.00358  0.50   95518     342   95347  3094204  32.39
2010-2019       44      0.00391  0.00390  0.50   95177     371   94991  2998856  31.51
2010-2019       45      0.00434  0.00433  0.50   94805     411   94600  2903866  30.63
2010-2019       46      0.00475  0.00474  0.50   94394     447   94171  2809266  29.76
2010-2019       47      0.00530  0.00529  0.50   93947     497   93699  2715095  28.90
2010-2019       48      0.00577  0.00575  0.50   93450     538   93181  2621397  28.05
2010-2019       49      0.00644  0.00642  0.50   92913     596   92614  2528215  27.21
2010-2019       50      0.00727  0.00724  0.50   92316     669   91982  2435601  26.38
2010-2019       51      0.00793  0.00790  0.50   91647     724   91285  2343619  25.57
2010-2019       52      0.00859  0.00855  0.50   90924     777   90535  2252334  24.77
2010-2019       53      0.00950  0.00945  0.50   90146     852   89720  2161799  23.98
2010-2019       54      0.01054  0.01049  0.50   89294     936   88826  2072078  23.21
2010-2019       55      0.01154  0.01147  0.50   88358    1014   87851  1983252  22.45
2010-2019       56      0.01249  0.01241  0.50   87344    1084   86802  1895401  21.70
2010-2019       57      0.01348  0.01339  0.50   86260    1155   85683  1808599  20.97
2010-2019       58      0.01452  0.01442  0.50   85105    1227   84492  1722916  20.24
2010-2019       59      0.01598  0.01586  0.50   83878    1330   83213  1638425  19.53
2010-2019       60      0.01733  0.01718  0.50   82548    1419   81839  1555211  18.84
2010-2019       61      0.01871  0.01854  0.50   81130    1504   80378  1473372  18.16
2010-2019       62      0.01997  0.01977  0.50   79626    1574   78839  1392994  17.49
2010-2019       63      0.02157  0.02134  0.50   78052    1666   77219  1314155  16.84
2010-2019       64      0.02317  0.02291  0.50   76386    1750   75511  1236936  16.19
2010-2019       65      0.02521  0.02489  0.50   74636    1858   73707  1161425  15.56
2010-2019       66      0.02746  0.02709  0.50   72778    1971   71793  1087718  14.95
2010-2019       67      0.02904  0.02862  0.50   70807    2027   69794  1015926  14.35
2010-2019       68      0.03069  0.03023  0.50   68780    2079   67741   946132  13.76
2010-2019       69      0.03237  0.03186  0.50   66701    2125   65639   878391  13.17
2010-2019       70      0.03497  0.03437  0.50   64576    2219   63466   812753  12.59
2010-2019       71      0.03747  0.03678  0.50   62357    2293   61210   749286  12.02
2010-2019       72      0.04040  0.03960  0.50   60063    2379   58874   688076  11.46
2010-2019       73      0.04331  0.04240  0.50   57685    2446   56462   629202  10.91
2010-2019       74      0.04708  0.04600  0.50   55239    2541   53969   572741  10.37
2010-2019       75      0.05091  0.04965  0.50   52698    2616   51390   518772   9.84
2010-2019       76      0.05507  0.05359  0.50   50082    2684   48740   467382   9.33
2010-2019       77      0.06032  0.05855  0.50   47398    2775   46010   418642   8.83
2010-2019       78      0.06488  0.06284  0.50   44622    2804   43220   372632   8.35
2010-2019       79      0.07162  0.06914  0.50   41818    2891   40372   329412   7.88
2010-2019       80      0.07803  0.07510  0.50   38927    2923   37465   289040   7.43
2010-2019       81      0.08550  0.08199  0.50   36003    2952   34527   251575   6.99
2010-2019       82      0.09353  0.08936  0.50   33051    2953   31575   217048   6.57
2010-2019       83      0.10252  0.09752  0.50   30098    2935   28630   185473   6.16
2010-2019       84      0.11270  0.10669  0.50   27163    2898   25714   156843   5.77
2010-2019       85      0.12259  0.11551  0.50   24265    2803   22863   131129   5.40
2010-2019       86      0.13610  0.12743  0.50   21462    2735   20094   108266   5.04
2010-2019       87      0.15234  0.14156  0.50   18727    2651   17402    88171   4.71
2010-2019       88      0.16641  0.15362  0.50   16076    2470   14841    70770   4.40
2010-2019       89      0.18294  0.16761  0.50   13606    2280   12466    55928   4.11
2010-2019       90      0.19967  0.18155  0.50   11326    2056   10298    43462   3.84
2010-2019       91      0.22047  0.19858  0.50    9270    1841    8349    33164   3.58
2010-2019       92      0.24287  0.21657  0.50    7429    1609    6624    24815   3.34
2010-2019       93      0.27044  0.23823  0.50    5820    1386    5127    18191   3.13
2010-2019       94      0.29597  0.25782  0.50    4434    1143    3862    13064   2.95
2010-2019       95      0.30740  0.26645  0.50    3290     877    2852     9202   2.80
2010-2019       96      0.33185  0.28462  0.50    2414     687    2070     6350   2.63
2010-2019       97      0.35724  0.30310  0.50    1727     523    1465     4279   2.48
2010-2019       98      0.38345  0.32176  0.50    1203     387    1010     2814   2.34
2010-2019       99      0.41037  0.34050  0.50     816     278     677     1805   2.21
2010-2019      100      0.43783  0.35920  0.50     538     193     442     1127   2.09
2010-2019      101      0.46568  0.37773  0.50     345     130     280      686   1.99
2010-2019      102      0.49374  0.39598  0.50     215      85     172      406   1.89
2010-2019      103      0.52184  0.41386  0.50     130      54     103      234   1.80
2010-2019      104      0.54981  0.43125  0.50      76      33      60      131   1.72
2010-2019      105      0.57746  0.44808  0.50      43      19      34       71   1.65
2010-2019      106      0.60464  0.46428  0.50      24      11      18       38   1.59
2010-2019      107      0.63118  0.47977  0.50      13       6      10       20   1.53
2010-2019      108      0.65696  0.49452  0.50       7       3       5       10   1.48
2010-2019      109      0.68184  0.50848  0.50       3       2       3        5   1.44
2010-2019      110+     0.70572  1.00000  1.42       2       2       2        2   1.42
